'2',1101,61900,,'',0,3300,4,'',0,6700,,'',0,3300,4,'',0,6700,,'',0,3300,4,'',0,6700,,'',0,3400,4,'',0,6900,,'',0,3400,4,'',0,6600,,'',0,3400,4,'',0,6600,,'',0,3500,4,'',0,6700,,'',0,3500,4,'',0,6500,,'',0,3500,4,'',0,6600,,'',0,7500,4,'',0,2700,,'',0,7500,4,'',0,2500,,'',0,7500,4,'',0,2700,,'',0,7300,4,'',0,2900,,'',0,7300,4,'',0,2700,,'',0,7100,4,'',0,2900,,'',0,7100,4,'',0,3200,,'',0,6900,4,'',0,2700,,'',0,2900,4,'',0
'3',1101,61900,,'',0,3300,4,'',0,6700,,'',0,3300,4,'',0,6700,,'',0,3300,4,'',0,6700,,'',0,3400,4,'',0,6900,,'',0,3400,4,'',0,6600,,'',0,3400,4,'',0,6600,,'',0,3500,4,'',0,6700,,'',0,3500,4,'',0,6500,,'',0,3500,4,'',0,6600,,'',0,7500,4,'',0,2700,,'',0,7500,4,'',0,2500,,'',0,7500,4,'',0,2700,,'',0,7300,4,'',0,2900,,'',0,7300,4,'',0,2700,,'',0,7100,4,'',0,2900,,'',0,7100,4,'',0,3200,,'',0,6900,4,'',0,2700,,'',0,2900,4,'',0
'4',1101,61900,,'',0,3300,4,'',0,6700,,'',0,3300,4,'',0,6700,,'',0,3300,4,'',0,6700,,'',0,3400,4,'',0,6900,,'',0,3400,4,'',0,6600,,'',0,3400,4,'',0,6600,,'',0,3500,4,'',0,6700,,'',0,3500,4,'',0,6500,,'',0,3500,4,'',0,6600,,'',0,7500,4,'',0,2700,,'',0,7500,4,'',0,2500,,'',0,7500,4,'',0,2700,,'',0,7300,4,'',0,2900,,'',0,7300,4,'',0,2700,,'',0,7100,4,'',0,2900,,'',0,7100,4,'',0,3200,,'',0,6900,4,'',0,2700,,'',0,2900,4,'',0
'5',1101,61900,,'',0,3300,4,'',0,6700,,'',0,3300,4,'',0,6700,,'',0,3300,4,'',0,6700,,'',0,3400,4,'',0,6900,,'',0,3400,4,'',0,6600,,'',0,3400,4,'',0,6600,,'',0,3500,4,'',0,6700,,'',0,3500,4,'',0,6500,,'',0,3500,4,'',0,6600,,'',0,7500,4,'',0,2700,,'',0,7500,4,'',0,2500,,'',0,7500,4,'',0,2700,,'',0,7300,4,'',0,2900,,'',0,7300,4,'',0,2700,,'',0,7100,4,'',0,2900,,'',0,7100,4,'',0,3200,,'',0,6900,4,'',0,2700,,'',0,2900,4,'',0
'6',1101,61900,,'',0,3300,4,'',0,6700,,'',0,3300,4,'',0,6700,,'',0,3300,4,'',0,6700,,'',0,3400,4,'',0,6900,,'',0,3400,4,'',0,6600,,'',0,3400,4,'',0,6600,,'',0,3500,4,'',0,6700,,'',0,3500,4,'',0,6500,,'',0,3500,4,'',0,6600,,'',0,7500,4,'',0,2700,,'',0,7500,4,'',0,2500,,'',0,7500,4,'',0,2700,,'',0,7300,4,'',0,2900,,'',0,7300,4,'',0,2700,,'',0,7100,4,'',0,2900,,'',0,7100,4,'',0,3200,,'',0,6900,4,'',0,2700,,'',0,2900,4,'',0
'9',1101,80700,,'',0,3200,4,'',0,6800,,'',0,3200,4,'',0,6800,,'',0,3200,4,'',0,6800,,'',0,3200,4,'',0,6800,,'',0,3200,4,'',0,6800,,'',0,3200,4,'',0,6800,,'',0,3200,4,'',0,6800,,'',0,3200,4,'',0,6900,,'',0,3200,4,'',0,6800,,'',0,3200,4,'',0,6800,,'',0,3200,4,'',0,6800,,'',0,3200,4,'',0
'2',4101,55800,,'',0,5900,4,'',0,4000,,'',0,5900,4,'',0,4200,,'',0,5900,4,'',0,4100,,'',0,5900,4,'',0,8400,,'',0,1900,4,'',0,8100,,'',0,1900,4,'',0,8100,,'',0,2000,4,'',0,8200,,'',0,2000,4,'',0,8100,,'',0,1900,4,'',0,8100,,'',0,1900,4,'',0,8300,,'',0,1800,4,'',0,8300,,'',0,1800,4,'',0,8200,,'',0,1800,4,'',0,8500,,'',0,1800,4,'',0,8200,,'',0,1700,4,'',0,8300,,'',0,1700,4,'',0,8600,,'',0,1700,4,'',0,8000,,'',0,1700,4,'',0
'3',4101,55800,,'',0,5900,4,'',0,4000,,'',0,5900,4,'',0,4200,,'',0,5900,4,'',0,4100,,'',0,5900,4,'',0,8400,,'',0,1900,4,'',0,8100,,'',0,1900,4,'',0,8100,,'',0,2000,4,'',0,8200,,'',0,2000,4,'',0,8100,,'',0,1900,4,'',0,8100,,'',0,1900,4,'',0,8300,,'',0,1800,4,'',0,8300,,'',0,1800,4,'',0,8200,,'',0,1800,4,'',0,8500,,'',0,1800,4,'',0,8200,,'',0,1700,4,'',0,8300,,'',0,1700,4,'',0,8600,,'',0,1700,4,'',0,8000,,'',0,1700,4,'',0
'4',4101,55800,,'',0,5900,4,'',0,4000,,'',0,5900,4,'',0,4200,,'',0,5900,4,'',0,4100,,'',0,5900,4,'',0,8400,,'',0,1900,4,'',0,8100,,'',0,1900,4,'',0,8100,,'',0,2000,4,'',0,8200,,'',0,2000,4,'',0,8100,,'',0,1900,4,'',0,8100,,'',0,1900,4,'',0,8300,,'',0,1800,4,'',0,8300,,'',0,1800,4,'',0,8200,,'',0,1800,4,'',0,8500,,'',0,1800,4,'',0,8200,,'',0,1700,4,'',0,8300,,'',0,1700,4,'',0,8600,,'',0,1700,4,'',0,8000,,'',0,1700,4,'',0
'5',4101,55800,,'',0,5900,4,'',0,4000,,'',0,5900,4,'',0,4200,,'',0,5900,4,'',0,4100,,'',0,5900,4,'',0,8400,,'',0,1900,4,'',0,8100,,'',0,1900,4,'',0,8100,,'',0,2000,4,'',0,8200,,'',0,2000,4,'',0,8100,,'',0,1900,4,'',0,8100,,'',0,1900,4,'',0,8300,,'',0,1800,4,'',0,8300,,'',0,1800,4,'',0,8200,,'',0,1800,4,'',0,8500,,'',0,1800,4,'',0,8200,,'',0,1700,4,'',0,8300,,'',0,1700,4,'',0,8600,,'',0,1700,4,'',0,8000,,'',0,1700,4,'',0
'6',4101,55800,,'',0,5900,4,'',0,4000,,'',0,5900,4,'',0,4200,,'',0,5900,4,'',0,4100,,'',0,5900,4,'',0,8400,,'',0,1900,4,'',0,8100,,'',0,1900,4,'',0,8100,,'',0,2000,4,'',0,8200,,'',0,2000,4,'',0,8100,,'',0,1900,4,'',0,8100,,'',0,1900,4,'',0,8300,,'',0,1800,4,'',0,8300,,'',0,1800,4,'',0,8200,,'',0,1800,4,'',0,8500,,'',0,1800,4,'',0,8200,,'',0,1700,4,'',0,8300,,'',0,1700,4,'',0,8600,,'',0,1700,4,'',0,8000,,'',0,1700,4,'',0
'9',4101,74400,,'',0,5900,4,'',0,4100,,'',0,5900,4,'',0,4100,,'',0,5900,4,'',0,4100,,'',0,5900,4,'',0,4100,,'',0,5900,4,'',0,4100,,'',0,5900,4,'',0,4100,,'',0,5900,4,'',0,4100,,'',0,5900,4,'',0,4100,,'',0,5900,4,'',0,4100,,'',0,5900,4,'',0,4100,,'',0,5900,4,'',0,4100,,'',0,5900,4,'',0
'2',8500,62200,,'',0,9900,,'',0,10100,,'',0,10300,,'',0,10000,,'',0,3000,,'',0,7000,,'',0,3000,,'',0,7300,,'',0,3000,,'',0,7000,,'',0,3000,,'',0,7000,,'',0,10000,,'',0,10100,,'',0,10200,,'',0,10300,,'',0,10000,,'',0,10000,,'',0,10300,,'',0,10000,,'',0,9600,,'',0
'2',8501,70400,4,'',0,10700,4,'',0,10000,4,'',0,10100,4,'',0,10000,4,'',0,3000,4,'',0,7000,4,'',0,3000,4,'',0,7400,4,'',0,3000,4,'',0,7000,4,'',0,3200,4,'',0,7000,4,'',0,3300,4,'',0,6900,4,'',0,10000,4,'',0,10200,4,'',0,9800,4,'',0,10000,4,'',0,9800,4,'',0,10300,4,'',0,9900,4,'',0,9200,4,'',0
'3',8500,62200,,'',0,9900,,'',0,10100,,'',0,10300,,'',0,10000,,'',0,3000,,'',0,7000,,'',0,3000,,'',0,7300,,'',0,3000,,'',0,7000,,'',0,3000,,'',0,7000,,'',0,10000,,'',0,10100,,'',0,10200,,'',0,10300,,'',0,10000,,'',0,10000,,'',0,10300,,'',0,10000,,'',0,9600,,'',0
'3',8501,70400,4,'',0,10700,4,'',0,10000,4,'',0,10100,4,'',0,10000,4,'',0,3000,4,'',0,7000,4,'',0,3000,4,'',0,7400,4,'',0,3000,4,'',0,7000,4,'',0,3200,4,'',0,7000,4,'',0,3300,4,'',0,6900,4,'',0,10000,4,'',0,10200,4,'',0,9800,4,'',0,10000,4,'',0,9800,4,'',0,10300,4,'',0,9900,4,'',0,9200,4,'',0
'4',8500,62200,,'',0,9900,,'',0,10100,,'',0,10300,,'',0,10000,,'',0,3000,,'',0,7000,,'',0,3000,,'',0,7300,,'',0,3000,,'',0,7000,,'',0,3000,,'',0,7000,,'',0,10000,,'',0,10100,,'',0,10200,,'',0,10300,,'',0,10000,,'',0,10000,,'',0,10300,,'',0,10000,,'',0,9600,,'',0
'4',8501,70400,4,'',0,10700,4,'',0,10000,4,'',0,10100,4,'',0,10000,4,'',0,3000,4,'',0,7000,4,'',0,3000,4,'',0,7400,4,'',0,3000,4,'',0,7000,4,'',0,3200,4,'',0,7000,4,'',0,3300,4,'',0,6900,4,'',0,10000,4,'',0,10200,4,'',0,9800,4,'',0,10000,4,'',0,9800,4,'',0,10300,4,'',0,9900,4,'',0,9200,4,'',0
'5',8500,62200,,'',0,9900,,'',0,10100,,'',0,10300,,'',0,10000,,'',0,3000,,'',0,7000,,'',0,3000,,'',0,7300,,'',0,3000,,'',0,7000,,'',0,3000,,'',0,7000,,'',0,10000,,'',0,10100,,'',0,10200,,'',0,10300,,'',0,10000,,'',0,10000,,'',0,10300,,'',0,10000,,'',0,9600,,'',0
'5',8501,70400,4,'',0,10700,4,'',0,10000,4,'',0,10100,4,'',0,10000,4,'',0,3000,4,'',0,7000,4,'',0,3000,4,'',0,7400,4,'',0,3000,4,'',0,7000,4,'',0,3200,4,'',0,7000,4,'',0,3300,4,'',0,6900,4,'',0,10000,4,'',0,10200,4,'',0,9800,4,'',0,10000,4,'',0,9800,4,'',0,10300,4,'',0,9900,4,'',0,9200,4,'',0
'6',8500,62200,,'',0,9900,,'',0,10100,,'',0,10300,,'',0,10000,,'',0,3000,,'',0,7000,,'',0,3000,,'',0,7300,,'',0,3000,,'',0,7000,,'',0,3000,,'',0,7000,,'',0,10000,,'',0,10100,,'',0,10200,,'',0,10300,,'',0,10000,,'',0,10000,,'',0,10300,,'',0,10000,,'',0,9600,,'',0
'6',8501,70400,4,'',0,10700,4,'',0,10000,4,'',0,10100,4,'',0,10000,4,'',0,3000,4,'',0,7000,4,'',0,3000,4,'',0,7400,4,'',0,3000,4,'',0,7000,4,'',0,3200,4,'',0,7000,4,'',0,3300,4,'',0,6900,4,'',0,10000,4,'',0,10200,4,'',0,9800,4,'',0,10000,4,'',0,9800,4,'',0,10300,4,'',0,9900,4,'',0,9200,4,'',0
'9',8500,80900,,'',0,10000,,'',0,10000,,'',0,10000,,'',0,10000,,'',0,10000,,'',0,10000,,'',0,10000,,'',0,10000,,'',0,10000,,'',0,10000,,'',0,10000,,'',0
'9',8501,85800,4,'',0,10000,4,'',0,10000,4,'',0,14200,4,'',0,10000,4,'',0,10000,4,'',0,10000,4,'',0,10100,4,'',0,10000,4,'',0,10000,4,'',0,10000,4,'',0,10000,4,'',0
