'2',8500,70700,4,'',0,10500,4,'',0,10100,4,'',0,10200,4,'',0,10000,4,'',0,3000,4,'',0,7000,4,'',0,3000,4,'',0,7300,4,'',0,3000,4,'',0,7000,4,'',0,3200,4,'',0,7000,4,'',0,10000,4,'',0,10200,4,'',0,10200,4,'',0,9500,4,'',0,10000,4,'',0,9800,4,'',0,10300,4,'',0,9900,4,'',0,9600,4,'',0
'2',8501,62200,,'',0,10000,,'',0,10000,,'',0,10300,,'',0,10000,,'',0,3000,,'',0,7000,,'',0,3000,,'',0,7300,,'',0,3000,,'',0,7000,,'',0,3000,,'',0,7000,,'',0,7300,,'',0,2900,,'',0,10000,,'',0,10200,,'',0,10200,,'',0,10000,,'',0,10000,,'',0,10300,,'',0,10000,,'',0,9200,,'',0
'3',8500,70700,4,'',0,10500,4,'',0,10100,4,'',0,10200,4,'',0,10000,4,'',0,3000,4,'',0,7000,4,'',0,3000,4,'',0,7300,4,'',0,3000,4,'',0,7000,4,'',0,3200,4,'',0,7000,4,'',0,10000,4,'',0,10200,4,'',0,10200,4,'',0,9500,4,'',0,10000,4,'',0,9800,4,'',0,10300,4,'',0,9900,4,'',0,9600,4,'',0
'3',8501,62200,,'',0,10000,,'',0,10000,,'',0,10300,,'',0,10000,,'',0,3000,,'',0,7000,,'',0,3000,,'',0,7300,,'',0,3000,,'',0,7000,,'',0,3000,,'',0,7000,,'',0,7300,,'',0,2900,,'',0,10000,,'',0,10200,,'',0,10200,,'',0,10000,,'',0,10000,,'',0,10300,,'',0,10000,,'',0,9200,,'',0
'4',8500,70700,4,'',0,10500,4,'',0,10100,4,'',0,10200,4,'',0,10000,4,'',0,3000,4,'',0,7000,4,'',0,3000,4,'',0,7300,4,'',0,3000,4,'',0,7000,4,'',0,3200,4,'',0,7000,4,'',0,10000,4,'',0,10200,4,'',0,10200,4,'',0,9500,4,'',0,10000,4,'',0,9800,4,'',0,10300,4,'',0,9900,4,'',0,9600,4,'',0
'4',8501,62200,,'',0,10000,,'',0,10000,,'',0,10300,,'',0,10000,,'',0,3000,,'',0,7000,,'',0,3000,,'',0,7300,,'',0,3000,,'',0,7000,,'',0,3000,,'',0,7000,,'',0,7300,,'',0,2900,,'',0,10000,,'',0,10200,,'',0,10200,,'',0,10000,,'',0,10000,,'',0,10300,,'',0,10000,,'',0,9200,,'',0
'5',8500,70700,4,'',0,10500,4,'',0,10100,4,'',0,10200,4,'',0,10000,4,'',0,3000,4,'',0,7000,4,'',0,3000,4,'',0,7300,4,'',0,3000,4,'',0,7000,4,'',0,3200,4,'',0,7000,4,'',0,10000,4,'',0,10200,4,'',0,10200,4,'',0,9500,4,'',0,10000,4,'',0,9800,4,'',0,10300,4,'',0,9900,4,'',0,9600,4,'',0
'5',8501,62200,,'',0,10000,,'',0,10000,,'',0,10300,,'',0,10000,,'',0,3000,,'',0,7000,,'',0,3000,,'',0,7300,,'',0,3000,,'',0,7000,,'',0,3000,,'',0,7000,,'',0,7300,,'',0,2900,,'',0,10000,,'',0,10200,,'',0,10200,,'',0,10000,,'',0,10000,,'',0,10300,,'',0,10000,,'',0,9200,,'',0
'6',8500,70700,4,'',0,10500,4,'',0,10100,4,'',0,10200,4,'',0,10000,4,'',0,3000,4,'',0,7000,4,'',0,3000,4,'',0,7300,4,'',0,3000,4,'',0,7000,4,'',0,3200,4,'',0,7000,4,'',0,10000,4,'',0,10200,4,'',0,10200,4,'',0,9500,4,'',0,10000,4,'',0,9800,4,'',0,10300,4,'',0,9900,4,'',0,9600,4,'',0
'6',8501,62200,,'',0,10000,,'',0,10000,,'',0,10300,,'',0,10000,,'',0,3000,,'',0,7000,,'',0,3000,,'',0,7300,,'',0,3000,,'',0,7000,,'',0,3000,,'',0,7000,,'',0,7300,,'',0,2900,,'',0,10000,,'',0,10200,,'',0,10200,,'',0,10000,,'',0,10000,,'',0,10300,,'',0,10000,,'',0,9200,,'',0
'9',8500,90000,4,'',0,10000,4,'',0,10000,4,'',0,5900,4,'',0,10000,4,'',0,10000,4,'',0,10000,4,'',0,10000,4,'',0,10000,4,'',0,10000,4,'',0,10000,4,'',0,10000,4,'',0
'9',8501,81000,,'',0,10000,,'',0,10000,,'',0,10000,,'',0,10000,,'',0,10000,,'',0,10000,,'',0,10000,,'',0,10000,,'',0,10000,,'',0,10000,,'',0,10000,,'',0
