1000,2051,1,0
1000,3,2,0
1000,652,3,0
1000,3527,4,0
1000,3526,5,0
1000,3525,6,0
1000,1172,7,0
1000,1173,8,0
1000,1174,9,0
1000,1175,10,0
1000,274,11,0
1000,275,12,0
1000,276,13,0
1000,277,14,0
1000,278,15,0
1000,279,16,0
1000,280,17,0
1000,281,18,0
1000,282,19,0
1000,283,20,0
1000,284,21,0
1000,285,22,0
1000,286,23,0
1000,1299,24,0
1000,1300,25,0
1000,1301,26,0
1000,1302,27,0
1000,291,28,0
1000,1310,29,0
1000,575,30,0
1000,479,31,0
1000,611,32,0
1000,1223,33,0
1000,293,34,0
1000,1312,35,0
1000,1313,36,0
1000,1228,37,0
1000,1230,38,0
1000,1231,39,0
1000,1232,40,0
1000,594,41,0
1000,1234,42,0
1000,1235,43,0
1000,1236,44,0
1000,1237,45,0
1000,1238,46,0
1000,1240,47,0
1000,1948,48,0
1000,1949,49,0
1000,355,50,1
1001,355,1,0
1001,3699,2,0
1001,1997,3,0
1001,1998,4,0
1001,1999,5,0
1001,2000,6,0
1001,1089,7,0
1001,364,8,0
1001,365,9,0
1001,366,10,0
1001,367,11,0
1001,368,12,0
1001,369,13,0
1001,385,14,0
1001,386,15,0
1001,387,16,0
1001,388,17,0
1001,1100,18,0
1001,391,19,0
1001,392,20,0
1001,575,21,0
1001,479,22,0
1001,611,23,0
1001,1223,24,0
1001,1307,25,0
1001,1308,26,0
1001,396,27,0
1001,397,28,0
1001,398,29,0
1001,399,30,0
1001,400,31,0
1001,401,32,0
1001,402,33,0
1001,403,34,0
1001,404,35,0
1001,405,36,0
1001,406,37,0
1001,407,38,0
1001,408,39,0
1001,2202,40,0
1001,409,41,0
1001,410,42,0
1001,411,43,0
1001,1158,44,0
1001,1159,45,0
1001,1075,46,0
1001,1161,47,0
1001,2051,48,1
1101,1450,1,0
1101,2,2,0
1101,734,3,0
1101,1453,4,0
1101,550,5,0
1101,552,6,0
1101,553,7,0
1101,3566,8,0
1101,3568,9,0
1101,423,10,0
1101,424,11,0
1101,425,12,0
1101,426,13,0
1101,427,14,0
1101,522,15,0
1101,429,16,0
1101,524,17,0
1101,2195,18,0
1101,525,19,0
1101,526,20,0
1101,527,21,0
1101,528,22,0
1101,529,23,0
1101,530,24,0
1101,531,25,0
1101,532,26,0
1101,3567,27,0
1101,634,28,0
1101,635,29,0
1101,637,30,0
1101,3552,31,0
1101,3553,32,0
1101,652,33,0
1101,3527,34,0
2000,2051,1,0
2000,2,2,0
2000,1253,3,0
2000,1254,4,0
2000,8005,5,0
2000,1257,6,0
2000,1258,7,0
2000,1259,8,0
2000,1261,9,0
2000,3688,10,0
2000,1262,11,0
2000,1263,12,0
2000,1264,13,0
2000,1266,14,0
2000,1267,15,0
2000,1268,16,0
2000,7013,17,0
2000,7016,18,0
2000,511,19,0
2000,1289,20,0
2000,1290,21,0
2000,1291,22,0
2000,1292,23,0
2000,3593,24,0
2000,1294,25,0
2000,1295,26,0
2000,1296,27,0
2000,388,28,0
2000,1100,29,0
2000,391,30,0
2000,392,31,0
2000,575,32,0
2000,479,33,0
2000,577,34,0
2000,3006,35,0
2000,3008,36,0
2000,3075,37,0
2000,3077,38,0
2000,3529,39,0
2000,3010,40,1
2001,3010,1,0
2001,3009,2,0
2001,3007,3,0
2001,3013,4,0
2001,611,5,0
2001,1223,6,0
2001,293,7,0
2001,1312,8,0
2001,1313,9,0
2001,1314,10,0
2001,1315,11,0
2001,1316,12,0
2001,1317,13,0
2001,1318,14,0
2001,1319,15,0
2001,1320,16,0
2001,7017,17,0
2001,7015,18,0
2001,7014,19,0
2001,1341,20,0
2001,1342,21,0
2001,1343,22,0
2001,1344,23,0
2001,1345,24,0
2001,1347,25,0
2001,3018,26,0
2001,1348,27,0
2001,3689,28,0
2001,1349,29,0
2001,1350,30,0
2001,1351,31,0
2001,1353,32,0
2001,1354,33,0
2001,1355,34,0
2001,1356,35,0
2001,1357,36,0
2001,3,37,0
2001,652,38,0
2001,3527,39,0
2001,2051,40,1
2101,514,1,0
2101,442,2,0
2101,443,3,0
2101,747,4,0
2101,447,5,0
2101,7033,6,0
2101,7032,7,0
2101,1330,8,0
2101,1331,9,0
2101,1332,10,0
2101,1333,11,0
2101,1334,12,0
2101,1335,13,0
2101,1336,14,0
2101,1337,15,0
2101,1338,16,0
2101,1339,17,0
2101,1340,18,0
2101,1341,19,0
2101,1342,20,0
2101,3718,21,0
2500,2051,1,0
2500,3,2,0
2500,4,3,0
2500,5,4,0
2500,6,5,0
2500,7,6,0
2500,8,7,0
2500,9,8,0
2500,10,9,0
2500,11,10,0
2500,12,11,0
2500,1690,12,0
2500,1917,13,0
2500,1918,14,0
2500,1919,15,0
2500,1920,16,0
2500,1921,17,0
2500,1922,18,0
2500,1923,19,0
2500,1924,20,0
2500,1925,21,0
2500,1926,22,0
2500,1928,23,0
2500,1929,24,0
2500,7018,25,0
2500,3006,26,0
2500,3008,27,0
2500,3075,28,0
2500,3077,29,0
2500,1933,30,0
2500,1935,31,0
2500,1936,32,0
2500,1937,33,0
2500,1938,34,0
2500,1939,35,0
2500,1940,36,0
2500,1941,37,0
2500,1942,38,0
2500,1943,39,0
2500,3038,40,0
2500,1944,41,0
2500,1946,42,0
2500,1240,43,0
2500,1948,44,0
2500,1949,45,0
2500,1950,46,0
2500,1951,47,0
2500,1952,48,0
2500,1953,49,0
2500,1954,50,0
2500,1955,51,0
2500,1956,52,0
2500,2205,53,0
2500,3711,54,0
2500,2209,55,1
2501,2209,1,0
2501,2207,2,0
2501,1878,3,0
2501,793,4,0
2501,794,5,0
2501,1993,6,0
2501,1994,7,0
2501,1084,8,0
2501,1997,9,0
2501,1998,10,0
2501,1999,11,0
2501,2000,12,0
2501,2001,13,0
2501,2002,14,0
2501,2003,15,0
2501,2004,16,0
2501,2005,17,0
2501,2006,18,0
2501,2007,19,0
2501,2008,20,0
2501,2009,21,0
2501,467,22,0
2501,2011,23,0
2501,2012,24,0
2501,2014,25,0
2501,7020,26,0
2501,7019,27,0
2501,7037,28,0
2501,2017,29,0
2501,2018,30,0
2501,2019,31,0
2501,2020,32,0
2501,2021,33,0
2501,2022,34,0
2501,2023,35,0
2501,2024,36,0
2501,2025,37,0
2501,2026,38,0
2501,2027,39,0
2501,2028,40,0
2501,2029,41,0
2501,2031,42,0
2501,2032,43,0
2501,2033,44,0
2501,2034,45,0
2501,99,46,0
2501,2036,47,0
2501,100,48,0
2501,101,49,0
2501,102,50,0
2501,103,51,0
2501,104,52,0
2501,105,53,0
2501,106,54,0
2501,250,55,0
2501,1166,56,0
2501,3507,57,0
2501,1359,58,0
2501,1361,59,0
2501,2051,60,1
3000,2051,1,0
3000,2,2,0
3000,734,3,0
3000,1453,4,0
3000,550,5,0
3000,3558,6,0
3000,3556,7,0
3000,554,8,0
3000,555,9,0
3000,556,10,0
3000,434,11,0
3000,558,12,0
3000,559,13,0
3000,437,14,0
3000,438,15,0
3000,7022,16,0
3000,447,17,0
3000,448,18,0
3000,449,19,0
3000,450,20,0
3000,452,21,0
3000,453,22,0
3000,454,23,0
3000,311,24,0
3000,312,25,0
3000,330,26,0
3000,331,27,0
3000,3699,28,0
3000,355,29,1
3001,355,1,0
3001,356,2,0
3001,3710,3,0
3001,372,4,0
3001,373,5,0
3001,374,6,0
3001,501,7,0
3001,502,8,0
3001,503,9,0
3001,504,10,0
3001,505,11,0
3001,506,12,0
3001,507,13,0
3001,1317,14,0
3001,7021,15,0
3001,517,16,0
3001,518,17,0
3001,519,18,0
3001,628,19,0
3001,629,20,0
3001,630,21,0
3001,632,22,0
3001,3554,23,0
3001,3555,24,0
3001,3557,25,0
3001,637,26,0
3001,3552,27,0
3001,3553,28,0
3001,652,29,0
3001,3527,30,0
3001,3526,31,0
3001,2051,32,1
3100,514,1,0
3100,442,2,0
3100,443,3,0
3100,747,4,0
3100,748,5,0
3100,749,6,0
3100,750,7,0
3100,751,8,0
3100,754,9,0
3100,755,10,0
3100,756,11,0
3100,757,12,0
3100,758,13,0
3100,7024,14,0
3100,7029,15,0
3100,7025,16,0
3100,768,17,0
3100,769,18,0
3100,770,19,0
3100,771,20,0
3100,772,21,0
3100,773,22,0
3100,774,23,0
3100,775,24,0
3100,776,25,0
3100,777,26,0
3100,778,27,0
3100,779,28,0
3100,780,29,0
3100,1993,30,0
3100,1994,31,0
3100,355,32,0
3100,356,33,0
3100,7030,34,0
3100,7031,35,0
3100,1952,36,0
3100,1953,37,0
3100,1954,38,0
3100,1955,39,0
3100,3682,40,0
3100,784,41,0
3100,785,42,0
3100,786,43,0
3100,3014,44,0
3100,788,45,1
3101,788,1,0
3101,787,2,0
3101,789,3,0
3101,790,4,0
3101,791,5,0
3101,3559,6,0
3101,1878,7,0
3101,793,8,0
3101,794,9,0
3101,1993,10,0
3101,1994,11,0
3101,355,12,0
3101,356,13,0
3101,7030,14,0
3101,7031,15,0
3101,1952,16,0
3101,795,17,0
3101,796,18,0
3101,797,19,0
3101,798,20,0
3101,799,21,0
3101,800,22,0
3101,801,23,0
3101,802,24,0
3101,803,25,0
3101,804,26,0
3101,805,27,0
3101,806,28,0
3101,807,29,0
3101,7026,30,0
3101,7028,31,0
3101,7027,32,0
3101,817,33,0
3101,818,34,0
3101,3700,35,0
3101,820,36,0
3101,821,37,0
3101,823,38,0
3101,824,39,0
3101,511,40,0
3101,826,41,0
3101,513,42,0
3101,514,43,1
3500,2051,1,0
3500,3,2,0
3500,652,3,0
3500,653,4,0
3500,654,5,0
3500,655,6,0
3500,656,7,0
3500,657,8,0
3500,658,9,0
3500,659,10,0
3500,660,11,0
3500,661,12,0
3500,662,13,0
3500,664,14,0
3500,665,15,0
3500,666,16,0
3500,667,17,0
3500,3723,18,0
3500,668,19,0
3500,669,20,0
3500,670,21,0
3500,671,22,0
3500,674,23,0
3500,675,24,0
3500,3589,25,0
3500,676,26,0
3500,677,27,0
3500,678,28,0
3500,679,29,0
3500,680,30,0
3500,2203,31,0
3500,683,32,0
3500,684,33,0
3500,685,34,0
3500,57,35,1
3501,57,1,0
3501,189,2,0
3501,682,3,0
3501,191,4,0
3501,694,5,0
3501,696,6,0
3501,697,7,0
3501,698,8,0
3501,699,9,0
3501,700,10,0
3501,701,11,0
3501,702,12,0
3501,703,13,0
3501,704,14,0
3501,706,15,0
3501,707,16,0
3501,708,17,0
3501,709,18,0
3501,710,19,0
3501,711,20,0
3501,2204,21,0
3501,712,22,0
3501,713,23,0
3501,714,24,0
3501,715,25,0
3501,716,26,0
3501,717,27,0
3501,718,28,0
3501,245,29,0
3501,720,30,0
3501,721,31,0
3501,722,32,0
3501,3527,33,0
3501,2051,34,1
4001,2051,1,0
4001,3,2,0
4001,652,3,0
4001,3527,4,0
4001,3526,5,0
4001,3525,6,0
4001,1172,7,0
4001,1173,8,0
4001,1174,9,0
4001,957,10,0
4001,958,11,0
4001,959,12,0
4001,7036,13,0
4001,129,14,0
4001,130,15,0
4001,131,16,0
4001,132,17,0
4001,1123,18,0
4001,133,19,0
4001,134,20,0
4001,135,21,0
4001,136,22,0
4001,137,23,0
4001,1135,24,0
4001,1136,25,0
4001,1137,26,0
4001,1138,27,0
4001,141,28,0
4001,142,29,0
4001,143,30,0
4001,3696,31,0
4001,3024,32,0
4001,3511,33,0
4001,3033,34,0
4001,227,35,0
4001,228,36,0
4001,229,37,0
4001,1193,38,0
4001,1194,39,0
4001,232,40,0
4001,233,41,0
4001,234,42,0
4001,235,43,0
4001,236,44,0
4001,237,45,0
4001,238,46,0
4001,239,47,0
4001,240,48,0
4001,3592,49,0
4001,1071,50,0
4001,1072,51,0
4001,1158,52,0
4001,1159,53,0
4001,1075,54,0
4001,1161,55,0
4101,1450,1,0
4101,2,2,0
4101,1253,3,0
4101,851,4,0
4101,852,5,0
4101,853,6,0
4101,854,7,0
4101,855,8,0
4101,856,9,0
4101,857,10,0
4101,858,11,0
4101,859,12,0
4101,860,13,0
4101,861,14,0
4101,862,15,0
4101,1357,16,0
4101,3507,17,0
5500,57,1,0
5500,2103,2,0
5500,1635,3,0
5500,75,4,0
5500,76,5,0
5500,77,6,0
5500,79,7,0
5500,81,8,0
5500,82,9,0
5500,83,10,0
5500,84,11,0
5500,85,12,0
5500,86,13,0
5500,88,14,0
5500,89,15,0
5500,1301,16,0
5500,1302,17,0
5500,291,18,0
5500,1310,19,0
5500,575,20,0
5500,479,21,0
5500,577,22,0
5500,3006,23,0
5500,3008,24,0
5500,3075,25,0
5500,3077,26,0
5500,3529,27,0
5500,3010,28,1
5501,3010,1,0
5501,3009,2,0
5501,3007,3,0
5501,3013,4,0
5501,611,5,0
5501,1223,6,0
5501,1307,7,0
5501,1308,8,0
5501,23,9,0
5501,26,10,0
5501,28,11,0
5501,29,12,0
5501,30,13,0
5501,31,14,0
5501,32,15,0
5501,33,16,0
5501,35,17,0
5501,37,18,0
5501,38,19,0
5501,1619,20,0
5501,2180,21,0
5501,2182,22,0
5501,992,23,0
5501,1564,24,0
5501,57,25,1
6501,57,1,0
6501,189,2,0
6501,682,3,0
6501,191,4,0
6501,193,5,0
6501,195,6,0
6501,198,7,0
6501,3630,8,0
6501,210,9,0
6501,213,10,0
6501,215,11,0
6501,3686,12,0
6501,3547,13,0
6501,3696,14,0
6501,3024,15,0
6501,3511,16,0
6501,3033,17,0
6501,3548,18,0
6501,154,19,0
6501,156,20,0
6501,158,21,0
6501,162,22,0
6501,3687,23,0
6501,3545,24,0
6501,177,25,0
6501,179,26,0
6501,683,27,0
6501,684,28,0
6501,685,29,0
8500,1450,1,0
8500,3,2,0
8500,652,3,0
8500,3527,4,0
8500,3526,5,0
8500,3525,6,0
8500,1172,7,0
8500,1173,8,0
8500,1174,9,0
8500,1175,10,0
8500,1176,11,0
8500,1177,12,0
8500,1178,13,0
8500,1179,14,0
8500,7043,15,0
8500,7039,16,0
8500,1188,17,0
8500,1189,18,0
8500,3081,19,0
8500,1190,20,0
8500,1191,21,0
8500,229,22,0
8500,1193,23,0
8500,1194,24,0
8500,232,25,0
8500,233,26,0
8500,234,27,0
8500,235,28,0
8500,1206,29,0
8500,1207,30,0
8500,1208,31,0
8500,1209,32,0
8500,14,33,0
8500,15,34,0
8500,971,35,0
8500,3001,36,0
8500,972,37,0
8500,973,38,0
8500,974,39,0
8500,975,40,0
8500,977,41,0
8500,978,42,0
8500,979,43,0
8500,980,44,0
8500,3587,45,0
8500,981,46,0
8500,982,47,0
8500,983,48,0
8500,984,49,0
8500,986,50,0
8500,987,51,0
8500,992,52,0
8500,1564,53,0
8500,57,54,1
8501,57,1,0
8501,1563,2,0
8501,1045,3,0
8501,1046,4,0
8501,1047,5,0
8501,1048,6,0
8501,1049,7,0
8501,1051,8,0
8501,1052,9,0
8501,3721,10,0
8501,1053,11,0
8501,1054,12,0
8501,1055,13,0
8501,1056,14,0
8501,1058,15,0
8501,3000,16,0
8501,98,17,0
8501,1117,18,0
8501,1118,19,0
8501,1119,20,0
8501,1120,21,0
8501,1121,22,0
8501,1122,23,0
8501,1123,24,0
8501,133,25,0
8501,134,26,0
8501,135,27,0
8501,136,28,0
8501,137,29,0
8501,1135,30,0
8501,1136,31,0
8501,1137,32,0
8501,1138,33,0
8501,3082,34,0
8501,1139,35,0
8501,1140,36,0
8501,3080,37,0
8501,1141,38,0
8501,7038,39,0
8501,7040,40,0
8501,7042,41,0
8501,1151,42,0
8501,1152,43,0
8501,1153,44,0
8501,1154,45,0
8501,1156,46,0
8501,411,47,0
8501,1158,48,0
8501,1159,49,0
8501,1075,50,0
8501,1161,51,0
8501,1450,52,1
9101,57,1,0
9101,992,2,0
9101,3051,3,0
9101,60,4,0
9101,64,5,0
9101,1574,6,0
9101,1575,7,0
9101,1010,8,0
9101,1011,9,0
9101,1012,10,0
9101,1015,11,0
9101,1017,12,0
9101,1579,13,0
9101,1556,14,0
9101,1557,15,0
9101,52,16,0
9101,53,17,0
9101,1564,18,0
9200,1450,1,0
9200,2,2,0
9200,734,3,0
9200,736,4,0
9200,1747,5,0
9200,1755,6,0
9200,2185,7,0
9200,782,8,0
9200,917,9,0
9200,1766,10,0
9200,1380,11,0
9200,1863,12,1
9201,1863,1,0
9201,1424,2,0
9201,1422,3,0
9201,916,4,0
9201,3044,5,0
9201,3594,6,0
9201,829,7,0
9201,836,8,0
9201,839,9,0
9201,1166,10,0
9201,3507,11,0
9201,1450,12,1
