'2',1101,61300,,'',0,2900,4,'',0,7100,,'',0,3300,4,'',0,6700,,'',0,3300,4,'',0,6700,,'',0,3400,4,'',0,6600,,'',0,3400,4,'',0,6600,,'',0,3400,4,'',0,6600,,'',0,3500,4,'',0,6500,,'',0,3500,4,'',0,6500,,'',0,3600,4,'',0,6400,,'',0,3600,4,'',0,6400,,'',0,3600,4,'',0,6400,,'',0,3600,4,'',0,6400,,'',0,3200,4,'',0,6800,,'',0,3200,4,'',0,6800,,'',0,3000,4,'',0,7000,,'',0,3000,4,'',0,7000,,'',0,3000,4,'',0,6000,,'',0,3000,4,'',0
'3',1101,61300,,'',0,2900,4,'',0,7100,,'',0,3300,4,'',0,6700,,'',0,3300,4,'',0,6700,,'',0,3400,4,'',0,6600,,'',0,3400,4,'',0,6600,,'',0,3400,4,'',0,6600,,'',0,3500,4,'',0,6500,,'',0,3500,4,'',0,6500,,'',0,3600,4,'',0,6400,,'',0,3600,4,'',0,6400,,'',0,3600,4,'',0,6400,,'',0,3600,4,'',0,6400,,'',0,3200,4,'',0,6800,,'',0,3200,4,'',0,6800,,'',0,3000,4,'',0,7000,,'',0,3000,4,'',0,7000,,'',0,3000,4,'',0,6000,,'',0,3000,4,'',0
'4',1101,61300,,'',0,2900,4,'',0,7100,,'',0,3300,4,'',0,6700,,'',0,3300,4,'',0,6700,,'',0,3400,4,'',0,6600,,'',0,3400,4,'',0,6600,,'',0,3400,4,'',0,6600,,'',0,3500,4,'',0,6500,,'',0,3500,4,'',0,6500,,'',0,3600,4,'',0,6400,,'',0,3600,4,'',0,6400,,'',0,3600,4,'',0,6400,,'',0,3600,4,'',0,6400,,'',0,3200,4,'',0,6800,,'',0,3200,4,'',0,6800,,'',0,3000,4,'',0,7000,,'',0,3000,4,'',0,7000,,'',0,3000,4,'',0,6000,,'',0,3000,4,'',0
'5',1101,61300,,'',0,2900,4,'',0,7100,,'',0,3300,4,'',0,6700,,'',0,3300,4,'',0,6700,,'',0,3400,4,'',0,6600,,'',0,3400,4,'',0,6600,,'',0,3400,4,'',0,6600,,'',0,3500,4,'',0,6500,,'',0,3500,4,'',0,6500,,'',0,3600,4,'',0,6400,,'',0,3600,4,'',0,6400,,'',0,3600,4,'',0,6400,,'',0,3600,4,'',0,6400,,'',0,3200,4,'',0,6800,,'',0,3200,4,'',0,6800,,'',0,3000,4,'',0,7000,,'',0,3000,4,'',0,7000,,'',0,3000,4,'',0,6000,,'',0,3000,4,'',0
'6',1101,61300,,'',0,2900,4,'',0,7100,,'',0,3300,4,'',0,6700,,'',0,3300,4,'',0,6700,,'',0,3400,4,'',0,6600,,'',0,3400,4,'',0,6600,,'',0,3400,4,'',0,6600,,'',0,3500,4,'',0,6500,,'',0,3500,4,'',0,6500,,'',0,3600,4,'',0,6400,,'',0,3600,4,'',0,6400,,'',0,3600,4,'',0,6400,,'',0,3600,4,'',0,6400,,'',0,3200,4,'',0,6800,,'',0,3200,4,'',0,6800,,'',0,3000,4,'',0,7000,,'',0,3000,4,'',0,7000,,'',0,3000,4,'',0,6000,,'',0,3000,4,'',0
'9',1101,80700,,'',0,3200,4,'',0,7100,,'',0,3200,4,'',0,7100,,'',0,3200,4,'',0,7100,,'',0,3300,4,'',0,7000,,'',0,3300,4,'',0,7000,,'',0,3300,4,'',0,7000,,'',0,3300,4,'',0,7000,,'',0,7200,4,'',0,3100,,'',0,7200,4,'',0,3100,,'',0,7200,4,'',0,3100,,'',0,7200,4,'',0,3100,,'',0,7200,4,'',0
'2',4101,61100,,'',0,1900,4,'',0,1100,,'',0,5900,4,'',0,1100,,'',0,2000,4,'',0,1000,,'',0,6000,4,'',0,1000,,'',0,2000,4,'',0,1000,,'',0,6000,4,'',0,1000,,'',0,2000,4,'',0,1000,,'',0,6000,4,'',0,1000,,'',0,2000,4,'',0,1000,,'',0,6000,4,'',0,1000,,'',0,2000,4,'',0,1000,,'',0,6000,4,'',0,1000,,'',0,2000,4,'',0,1000,,'',0,6000,4,'',0,1000,,'',0,2000,4,'',0,1000,,'',0,6000,4,'',0,1000,,'',0,2100,4,'',0,900,,'',0,6100,4,'',0,900,,'',0,2100,4,'',0,900,,'',0,6100,4,'',0,900,,'',0,2000,4,'',0,1000,,'',0,6000,4,'',0,1000,,'',0,2000,4,'',0,1000,,'',0,6000,4,'',0,1000,,'',0,1900,4,'',0,1100,,'',0,5900,4,'',0,1100,,'',0,1900,4,'',0,1100,,'',0,5900,4,'',0,1100,,'',0,1800,4,'',0,1200,,'',0,1800,4,'',0,5200,,'',0,1800,4,'',0,1200,,'',0,1800,4,'',0,5200,,'',0,1700,4,'',0,8300,,'',0,1700,4,'',0
'3',4101,61100,,'',0,1900,4,'',0,1100,,'',0,5900,4,'',0,1100,,'',0,2000,4,'',0,1000,,'',0,6000,4,'',0,1000,,'',0,2000,4,'',0,1000,,'',0,6000,4,'',0,1000,,'',0,2000,4,'',0,1000,,'',0,6000,4,'',0,1000,,'',0,2000,4,'',0,1000,,'',0,6000,4,'',0,1000,,'',0,2000,4,'',0,1000,,'',0,6000,4,'',0,1000,,'',0,2000,4,'',0,1000,,'',0,6000,4,'',0,1000,,'',0,2000,4,'',0,1000,,'',0,6000,4,'',0,1000,,'',0,2100,4,'',0,900,,'',0,6100,4,'',0,900,,'',0,2100,4,'',0,900,,'',0,6100,4,'',0,900,,'',0,2000,4,'',0,1000,,'',0,6000,4,'',0,1000,,'',0,2000,4,'',0,1000,,'',0,6000,4,'',0,1000,,'',0,1900,4,'',0,1100,,'',0,5900,4,'',0,1100,,'',0,1900,4,'',0,1100,,'',0,5900,4,'',0,1100,,'',0,1800,4,'',0,1200,,'',0,1800,4,'',0,5200,,'',0,1800,4,'',0,1200,,'',0,1800,4,'',0,5200,,'',0,1700,4,'',0,8300,,'',0,1700,4,'',0
'4',4101,61100,,'',0,1900,4,'',0,1100,,'',0,5900,4,'',0,1100,,'',0,2000,4,'',0,1000,,'',0,6000,4,'',0,1000,,'',0,2000,4,'',0,1000,,'',0,6000,4,'',0,1000,,'',0,2000,4,'',0,1000,,'',0,6000,4,'',0,1000,,'',0,2000,4,'',0,1000,,'',0,6000,4,'',0,1000,,'',0,2000,4,'',0,1000,,'',0,6000,4,'',0,1000,,'',0,2000,4,'',0,1000,,'',0,6000,4,'',0,1000,,'',0,2000,4,'',0,1000,,'',0,6000,4,'',0,1000,,'',0,2100,4,'',0,900,,'',0,6100,4,'',0,900,,'',0,2100,4,'',0,900,,'',0,6100,4,'',0,900,,'',0,2000,4,'',0,1000,,'',0,6000,4,'',0,1000,,'',0,2000,4,'',0,1000,,'',0,6000,4,'',0,1000,,'',0,1900,4,'',0,1100,,'',0,5900,4,'',0,1100,,'',0,1900,4,'',0,1100,,'',0,5900,4,'',0,1100,,'',0,1800,4,'',0,1200,,'',0,1800,4,'',0,5200,,'',0,1800,4,'',0,1200,,'',0,1800,4,'',0,5200,,'',0,1700,4,'',0,8300,,'',0,1700,4,'',0
'5',4101,61100,,'',0,1900,4,'',0,1100,,'',0,5900,4,'',0,1100,,'',0,2000,4,'',0,1000,,'',0,6000,4,'',0,1000,,'',0,2000,4,'',0,1000,,'',0,6000,4,'',0,1000,,'',0,2000,4,'',0,1000,,'',0,6000,4,'',0,1000,,'',0,2000,4,'',0,1000,,'',0,6000,4,'',0,1000,,'',0,2000,4,'',0,1000,,'',0,6000,4,'',0,1000,,'',0,2000,4,'',0,1000,,'',0,6000,4,'',0,1000,,'',0,2000,4,'',0,1000,,'',0,6000,4,'',0,1000,,'',0,2100,4,'',0,900,,'',0,6100,4,'',0,900,,'',0,2100,4,'',0,900,,'',0,6100,4,'',0,900,,'',0,2000,4,'',0,1000,,'',0,6000,4,'',0,1000,,'',0,2000,4,'',0,1000,,'',0,6000,4,'',0,1000,,'',0,1900,4,'',0,1100,,'',0,5900,4,'',0,1100,,'',0,1900,4,'',0,1100,,'',0,5900,4,'',0,1100,,'',0,1800,4,'',0,1200,,'',0,1800,4,'',0,5200,,'',0,1800,4,'',0,1200,,'',0,1800,4,'',0,5200,,'',0,1700,4,'',0,8300,,'',0,1700,4,'',0
'6',4101,61100,,'',0,1900,4,'',0,1100,,'',0,5900,4,'',0,1100,,'',0,2000,4,'',0,1000,,'',0,6000,4,'',0,1000,,'',0,2000,4,'',0,1000,,'',0,6000,4,'',0,1000,,'',0,2000,4,'',0,1000,,'',0,6000,4,'',0,1000,,'',0,2000,4,'',0,1000,,'',0,6000,4,'',0,1000,,'',0,2000,4,'',0,1000,,'',0,6000,4,'',0,1000,,'',0,2000,4,'',0,1000,,'',0,6000,4,'',0,1000,,'',0,2000,4,'',0,1000,,'',0,6000,4,'',0,1000,,'',0,2100,4,'',0,900,,'',0,6100,4,'',0,900,,'',0,2100,4,'',0,900,,'',0,6100,4,'',0,900,,'',0,2000,4,'',0,1000,,'',0,6000,4,'',0,1000,,'',0,2000,4,'',0,1000,,'',0,6000,4,'',0,1000,,'',0,1900,4,'',0,1100,,'',0,5900,4,'',0,1100,,'',0,1900,4,'',0,1100,,'',0,5900,4,'',0,1100,,'',0,1800,4,'',0,1200,,'',0,1800,4,'',0,5200,,'',0,1800,4,'',0,1200,,'',0,1800,4,'',0,5200,,'',0,1700,4,'',0,8300,,'',0,1700,4,'',0
'9',4101,74200,,'',0,6000,4,'',0,4300,,'',0,6000,4,'',0,4300,,'',0,6000,4,'',0,4300,,'',0,6000,4,'',0,4300,,'',0,6000,4,'',0,4300,,'',0,6000,4,'',0,8300,,'',0,2000,4,'',0,8300,,'',0,2000,4,'',0,8300,,'',0,2000,4,'',0,8300,,'',0,2000,4,'',0,8300,,'',0,2000,4,'',0,8300,,'',0,2000,4,'',0
'2',8500,55900,,'',0,10000,,'',0,10000,,'',0,10000,,'',0,7000,,'',0,3000,,'',0,7000,,'',0,3000,,'',0,7200,,'',0,2800,,'',0,7200,,'',0,2800,,'',0,7600,,'',0,2400,,'',0,10000,,'',0,10000,,'',0,10000,,'',0,10000,,'',0,10000,,'',0,10000,,'',0,9800,,'',0,10000,,'',0,10000,,'',0
'2',8501,65400,4,'',0,10500,4,'',0,10000,4,'',0,10000,4,'',0,9500,4,'',0,7000,4,'',0,3000,4,'',0,7000,4,'',0,3400,4,'',0,7000,4,'',0,3000,4,'',0,7000,4,'',0,7300,4,'',0,3000,4,'',0,7000,4,'',0,10200,4,'',0,10000,4,'',0,5400,4,'',0,10000,4,'',0,9700,4,'',0,10000,4,'',0,9600,4,'',0,9000,4,'',0
'3',8500,55900,,'',0,10000,,'',0,10000,,'',0,10000,,'',0,7000,,'',0,3000,,'',0,7000,,'',0,3000,,'',0,7200,,'',0,2800,,'',0,7200,,'',0,2800,,'',0,7600,,'',0,2400,,'',0,10000,,'',0,10000,,'',0,10000,,'',0,10000,,'',0,10000,,'',0,10000,,'',0,9800,,'',0,10000,,'',0,10000,,'',0
'3',8501,65400,4,'',0,10500,4,'',0,10000,4,'',0,10000,4,'',0,9500,4,'',0,7000,4,'',0,3000,4,'',0,7000,4,'',0,3400,4,'',0,7000,4,'',0,3000,4,'',0,7000,4,'',0,7300,4,'',0,3000,4,'',0,7000,4,'',0,10200,4,'',0,10000,4,'',0,5400,4,'',0,10000,4,'',0,9700,4,'',0,10000,4,'',0,9600,4,'',0,9000,4,'',0
'4',8500,55900,,'',0,10000,,'',0,10000,,'',0,10000,,'',0,7000,,'',0,3000,,'',0,7000,,'',0,3000,,'',0,7200,,'',0,2800,,'',0,7200,,'',0,2800,,'',0,7600,,'',0,2400,,'',0,10000,,'',0,10000,,'',0,10000,,'',0,10000,,'',0,10000,,'',0,10000,,'',0,9800,,'',0,10000,,'',0,10000,,'',0
'4',8501,65400,4,'',0,10500,4,'',0,10000,4,'',0,10000,4,'',0,9500,4,'',0,7000,4,'',0,3000,4,'',0,7000,4,'',0,3400,4,'',0,7000,4,'',0,3000,4,'',0,7000,4,'',0,7300,4,'',0,3000,4,'',0,7000,4,'',0,10200,4,'',0,10000,4,'',0,5400,4,'',0,10000,4,'',0,9700,4,'',0,10000,4,'',0,9600,4,'',0,9000,4,'',0
'5',8500,55900,,'',0,10000,,'',0,10000,,'',0,10000,,'',0,7000,,'',0,3000,,'',0,7000,,'',0,3000,,'',0,7200,,'',0,2800,,'',0,7200,,'',0,2800,,'',0,7600,,'',0,2400,,'',0,10000,,'',0,10000,,'',0,10000,,'',0,10000,,'',0,10000,,'',0,10000,,'',0,9800,,'',0,10000,,'',0,10000,,'',0
'5',8501,65400,4,'',0,10500,4,'',0,10000,4,'',0,10000,4,'',0,9500,4,'',0,7000,4,'',0,3000,4,'',0,7000,4,'',0,3400,4,'',0,7000,4,'',0,3000,4,'',0,7000,4,'',0,7300,4,'',0,3000,4,'',0,7000,4,'',0,10200,4,'',0,10000,4,'',0,5400,4,'',0,10000,4,'',0,9700,4,'',0,10000,4,'',0,9600,4,'',0,9000,4,'',0
'6',8500,55900,,'',0,10000,,'',0,10000,,'',0,10000,,'',0,7000,,'',0,3000,,'',0,7000,,'',0,3000,,'',0,7200,,'',0,2800,,'',0,7200,,'',0,2800,,'',0,7600,,'',0,2400,,'',0,10000,,'',0,10000,,'',0,10000,,'',0,10000,,'',0,10000,,'',0,10000,,'',0,9800,,'',0,10000,,'',0,10000,,'',0
'6',8501,65400,4,'',0,10500,4,'',0,10000,4,'',0,10000,4,'',0,9500,4,'',0,7000,4,'',0,3000,4,'',0,7000,4,'',0,3400,4,'',0,7000,4,'',0,3000,4,'',0,7000,4,'',0,7300,4,'',0,3000,4,'',0,7000,4,'',0,10200,4,'',0,10000,4,'',0,5400,4,'',0,10000,4,'',0,9700,4,'',0,10000,4,'',0,9600,4,'',0,9000,4,'',0
'9',8500,80700,,'',0,10300,,'',0,10300,,'',0,10300,,'',0,10300,,'',0,10300,,'',0,10300,,'',0,10300,,'',0,10300,,'',0,10300,,'',0,10300,,'',0,10300,,'',0
'9',8501,85900,4,'',0,14300,4,'',0,10300,4,'',0,10600,4,'',0,10300,4,'',0,10300,4,'',0,10300,4,'',0,10400,4,'',0,10300,4,'',0,10300,4,'',0,10300,4,'',0,10000,4,'',0
