'2',3500,63200,4,'',0,7000,4,'',0,3100,4,'',0,7000,4,'',0,3000,4,'',0,7000,4,'',0,3000,4,'',0,6900,4,'',0,3000,4,'',0,7000,4,'',0,3000,4,'',0,7000,4,'',0,3100,4,'',0,7000,4,'',0,3000,4,'',0,7000,4,'',0,3000,4,'',0,7000,4,'',0,3000,4,'',0,7000,4,'',0,3300,4,'',0,6900,4,'',0,3100,4,'',0,7000,4,'',0,2600,4,'',0,7000,4,'',0,3000,4,'',0,7000,4,'',0,3000,4,'',0,7000,4,'',0,3000,4,'',0,7000,4,'',0,3000,4,'',0
'2',3501,60600,,'',0,3000,,'',0,7000,,'',0,3000,,'',0,7000,,'',0,3000,,'',0,7000,,'',0,3000,,'',0,7000,,'',0,3000,,'',0,7000,,'',0,3000,,'',0,7000,,'',0,3000,,'',0,7000,,'',0,3000,,'',0,7000,,'',0,3000,,'',0,7000,,'',0,3000,,'',0,6900,,'',0,3100,,'',0,6900,,'',0,3100,,'',0,7000,,'',0,3000,,'',0,7000,,'',0,3000,,'',0,7000,,'',0,3000,,'',0,7000,,'',0,3000,,'',0,7000,,'',0
'3',3500,63200,4,'',0,7000,4,'',0,3100,4,'',0,7000,4,'',0,3000,4,'',0,7000,4,'',0,3000,4,'',0,6900,4,'',0,3000,4,'',0,7000,4,'',0,3000,4,'',0,7000,4,'',0,3100,4,'',0,7000,4,'',0,3000,4,'',0,7000,4,'',0,3000,4,'',0,7000,4,'',0,3000,4,'',0,7000,4,'',0,3300,4,'',0,6900,4,'',0,3100,4,'',0,7000,4,'',0,2600,4,'',0,7000,4,'',0,3000,4,'',0,7000,4,'',0,3000,4,'',0,7000,4,'',0,3000,4,'',0,7000,4,'',0,3000,4,'',0
'3',3501,60600,,'',0,3000,,'',0,7000,,'',0,3000,,'',0,7000,,'',0,3000,,'',0,7000,,'',0,3000,,'',0,7000,,'',0,3000,,'',0,7000,,'',0,3000,,'',0,7000,,'',0,3000,,'',0,7000,,'',0,3000,,'',0,7000,,'',0,3000,,'',0,7000,,'',0,3000,,'',0,6900,,'',0,3100,,'',0,6900,,'',0,3100,,'',0,7000,,'',0,3000,,'',0,7000,,'',0,3000,,'',0,7000,,'',0,3000,,'',0,7000,,'',0,3000,,'',0,7000,,'',0
'4',3500,63200,4,'',0,7000,4,'',0,3100,4,'',0,7000,4,'',0,3000,4,'',0,7000,4,'',0,3000,4,'',0,6900,4,'',0,3000,4,'',0,7000,4,'',0,3000,4,'',0,7000,4,'',0,3100,4,'',0,7000,4,'',0,3000,4,'',0,7000,4,'',0,3000,4,'',0,7000,4,'',0,3000,4,'',0,7000,4,'',0,3300,4,'',0,6900,4,'',0,3100,4,'',0,7000,4,'',0,2600,4,'',0,7000,4,'',0,3000,4,'',0,7000,4,'',0,3000,4,'',0,7000,4,'',0,3000,4,'',0,7000,4,'',0,3000,4,'',0
'4',3501,60600,,'',0,3000,,'',0,7000,,'',0,3000,,'',0,7000,,'',0,3000,,'',0,7000,,'',0,3000,,'',0,7000,,'',0,3000,,'',0,7000,,'',0,3000,,'',0,7000,,'',0,3000,,'',0,7000,,'',0,3000,,'',0,7000,,'',0,3000,,'',0,7000,,'',0,3000,,'',0,6900,,'',0,3100,,'',0,6900,,'',0,3100,,'',0,7000,,'',0,3000,,'',0,7000,,'',0,3000,,'',0,7000,,'',0,3000,,'',0,7000,,'',0,3000,,'',0,7000,,'',0
'5',3500,63200,4,'',0,7000,4,'',0,3100,4,'',0,7000,4,'',0,3000,4,'',0,7000,4,'',0,3000,4,'',0,6900,4,'',0,3000,4,'',0,7000,4,'',0,3000,4,'',0,7000,4,'',0,3100,4,'',0,7000,4,'',0,3000,4,'',0,7000,4,'',0,3000,4,'',0,7000,4,'',0,3000,4,'',0,7000,4,'',0,3300,4,'',0,6900,4,'',0,3100,4,'',0,7000,4,'',0,2600,4,'',0,7000,4,'',0,3000,4,'',0,7000,4,'',0,3000,4,'',0,7000,4,'',0,3000,4,'',0,7000,4,'',0,3000,4,'',0
'5',3501,60600,,'',0,3000,,'',0,7000,,'',0,3000,,'',0,7000,,'',0,3000,,'',0,7000,,'',0,3000,,'',0,7000,,'',0,3000,,'',0,7000,,'',0,3000,,'',0,7000,,'',0,3000,,'',0,7000,,'',0,3000,,'',0,7000,,'',0,3000,,'',0,7000,,'',0,3000,,'',0,6900,,'',0,3100,,'',0,6900,,'',0,3100,,'',0,7000,,'',0,3000,,'',0,7000,,'',0,3000,,'',0,7000,,'',0,3000,,'',0,7000,,'',0,3000,,'',0,7000,,'',0
'6',3500,63200,4,'',0,7000,4,'',0,3100,4,'',0,7000,4,'',0,3000,4,'',0,7000,4,'',0,3000,4,'',0,6900,4,'',0,3000,4,'',0,7000,4,'',0,3000,4,'',0,7000,4,'',0,3100,4,'',0,7000,4,'',0,3000,4,'',0,7000,4,'',0,3000,4,'',0,7000,4,'',0,3000,4,'',0,7000,4,'',0,3300,4,'',0,6900,4,'',0,3100,4,'',0,7000,4,'',0,2600,4,'',0,7000,4,'',0,3000,4,'',0,7000,4,'',0,3000,4,'',0,7000,4,'',0,3000,4,'',0,7000,4,'',0,3000,4,'',0
'6',3501,60600,,'',0,3000,,'',0,7000,,'',0,3000,,'',0,7000,,'',0,3000,,'',0,7000,,'',0,3000,,'',0,7000,,'',0,3000,,'',0,7000,,'',0,3000,,'',0,7000,,'',0,3000,,'',0,7000,,'',0,3000,,'',0,7000,,'',0,3000,,'',0,7000,,'',0,3000,,'',0,6900,,'',0,3100,,'',0,6900,,'',0,3100,,'',0,7000,,'',0,3000,,'',0,7000,,'',0,3000,,'',0,7000,,'',0,3000,,'',0,7000,,'',0,3000,,'',0,7000,,'',0
'9',3500,85500,4,'',0,7000,4,'',0,3000,4,'',0,7000,4,'',0,3000,4,'',0,7000,4,'',0,3100,4,'',0,7000,4,'',0,3000,4,'',0,7000,4,'',0,3000,4,'',0,7000,4,'',0,3000,4,'',0,7000,4,'',0,3000,4,'',0,7000,4,'',0,3000,4,'',0,7000,4,'',0,3000,4,'',0,7000,4,'',0,3000,4,'',0,8300,4,'',0
'9',3501,80000,,'',0,3000,,'',0,7000,,'',0,3000,,'',0,7000,,'',0,3000,,'',0,7000,,'',0,3000,,'',0,7000,,'',0,3000,,'',0,7000,,'',0,3000,,'',0,7000,,'',0,3000,,'',0,7000,,'',0,3000,,'',0,7000,,'',0,3000,,'',0,7000,,'',0,3000,,'',0,7000,,'',0,10000,,'',0
'2',5500,54100,,'',0,7000,,'',0,3000,,'',0,7000,,'',0,3000,,'',0,7000,,'',0,3000,,'',0,7000,,'',0,3000,,'',0,7000,,'',0,3000,,'',0,7000,,'',0,3000,,'',0,7000,,'',0,3000,,'',0,7000,,'',0,3000,,'',0,6900,,'',0,3000,,'',0,7000,,'',0,3000,,'',0,7000,,'',0,3000,,'',0,6900,,'',0,3200,,'',0,7000,,'',0,3000,,'',0,7000,,'',0,3000,,'',0,7000,,'',0,3000,,'',0,7000,,'',0,3000,,'',0
'2',5501,63300,4,'',0,7000,4,'',0,3300,4,'',0,7000,4,'',0,3000,4,'',0,7000,4,'',0,3000,4,'',0,7000,4,'',0,3000,4,'',0,7000,4,'',0,3000,4,'',0,7000,4,'',0,3000,4,'',0,7000,4,'',0,3000,4,'',0,7000,4,'',0,3200,4,'',0,7000,4,'',0,3000,4,'',0,7000,4,'',0,3100,4,'',0,6900,4,'',0,3000,4,'',0,7000,4,'',0,2700,4,'',0,7000,4,'',0,3000,4,'',0,7000,4,'',0,2800,4,'',0,7000,4,'',0,3000,4,'',0,7000,4,'',0
'3',5500,54100,,'',0,7000,,'',0,3000,,'',0,7000,,'',0,3000,,'',0,7000,,'',0,3000,,'',0,7000,,'',0,3000,,'',0,7000,,'',0,3000,,'',0,7000,,'',0,3000,,'',0,7000,,'',0,3000,,'',0,7000,,'',0,3000,,'',0,6900,,'',0,3000,,'',0,7000,,'',0,3000,,'',0,7000,,'',0,3000,,'',0,6900,,'',0,3200,,'',0,7000,,'',0,3000,,'',0,7000,,'',0,3000,,'',0,7000,,'',0,3000,,'',0,7000,,'',0,3000,,'',0
'3',5501,63300,4,'',0,7000,4,'',0,3300,4,'',0,7000,4,'',0,3000,4,'',0,7000,4,'',0,3000,4,'',0,7000,4,'',0,3000,4,'',0,7000,4,'',0,3000,4,'',0,7000,4,'',0,3000,4,'',0,7000,4,'',0,3000,4,'',0,7000,4,'',0,3200,4,'',0,7000,4,'',0,3000,4,'',0,7000,4,'',0,3100,4,'',0,6900,4,'',0,3000,4,'',0,7000,4,'',0,2700,4,'',0,7000,4,'',0,3000,4,'',0,7000,4,'',0,2800,4,'',0,7000,4,'',0,3000,4,'',0,7000,4,'',0
'4',5500,54100,,'',0,7000,,'',0,3000,,'',0,7000,,'',0,3000,,'',0,7000,,'',0,3000,,'',0,7000,,'',0,3000,,'',0,7000,,'',0,3000,,'',0,7000,,'',0,3000,,'',0,7000,,'',0,3000,,'',0,7000,,'',0,3000,,'',0,6900,,'',0,3000,,'',0,7000,,'',0,3000,,'',0,7000,,'',0,3000,,'',0,6900,,'',0,3200,,'',0,7000,,'',0,3000,,'',0,7000,,'',0,3000,,'',0,7000,,'',0,3000,,'',0,7000,,'',0,3000,,'',0
'4',5501,63300,4,'',0,7000,4,'',0,3300,4,'',0,7000,4,'',0,3000,4,'',0,7000,4,'',0,3000,4,'',0,7000,4,'',0,3000,4,'',0,7000,4,'',0,3000,4,'',0,7000,4,'',0,3000,4,'',0,7000,4,'',0,3000,4,'',0,7000,4,'',0,3200,4,'',0,7000,4,'',0,3000,4,'',0,7000,4,'',0,3100,4,'',0,6900,4,'',0,3000,4,'',0,7000,4,'',0,2700,4,'',0,7000,4,'',0,3000,4,'',0,7000,4,'',0,2800,4,'',0,7000,4,'',0,3000,4,'',0,7000,4,'',0
'5',5500,54100,,'',0,7000,,'',0,3000,,'',0,7000,,'',0,3000,,'',0,7000,,'',0,3000,,'',0,7000,,'',0,3000,,'',0,7000,,'',0,3000,,'',0,7000,,'',0,3000,,'',0,7000,,'',0,3000,,'',0,7000,,'',0,3000,,'',0,6900,,'',0,3000,,'',0,7000,,'',0,3000,,'',0,7000,,'',0,3000,,'',0,6900,,'',0,3200,,'',0,7000,,'',0,3000,,'',0,7000,,'',0,3000,,'',0,7000,,'',0,3000,,'',0,7000,,'',0,3000,,'',0
'5',5501,63300,4,'',0,7000,4,'',0,3300,4,'',0,7000,4,'',0,3000,4,'',0,7000,4,'',0,3000,4,'',0,7000,4,'',0,3000,4,'',0,7000,4,'',0,3000,4,'',0,7000,4,'',0,3000,4,'',0,7000,4,'',0,3000,4,'',0,7000,4,'',0,3200,4,'',0,7000,4,'',0,3000,4,'',0,7000,4,'',0,3100,4,'',0,6900,4,'',0,3000,4,'',0,7000,4,'',0,2700,4,'',0,7000,4,'',0,3000,4,'',0,7000,4,'',0,2800,4,'',0,7000,4,'',0,3000,4,'',0,7000,4,'',0
'6',5500,54100,,'',0,7000,,'',0,3000,,'',0,7000,,'',0,3000,,'',0,7000,,'',0,3000,,'',0,7000,,'',0,3000,,'',0,7000,,'',0,3000,,'',0,7000,,'',0,3000,,'',0,7000,,'',0,3000,,'',0,7000,,'',0,3000,,'',0,6900,,'',0,3000,,'',0,7000,,'',0,3000,,'',0,7000,,'',0,3000,,'',0,6900,,'',0,3200,,'',0,7000,,'',0,3000,,'',0,7000,,'',0,3000,,'',0,7000,,'',0,3000,,'',0,7000,,'',0,3000,,'',0
'6',5501,63300,4,'',0,7000,4,'',0,3300,4,'',0,7000,4,'',0,3000,4,'',0,7000,4,'',0,3000,4,'',0,7000,4,'',0,3000,4,'',0,7000,4,'',0,3000,4,'',0,7000,4,'',0,3000,4,'',0,7000,4,'',0,3000,4,'',0,7000,4,'',0,3200,4,'',0,7000,4,'',0,3000,4,'',0,7000,4,'',0,3100,4,'',0,6900,4,'',0,3000,4,'',0,7000,4,'',0,2700,4,'',0,7000,4,'',0,3000,4,'',0,7000,4,'',0,2800,4,'',0,7000,4,'',0,3000,4,'',0,7000,4,'',0
'9',5500,75000,,'',0,10000,,'',0,10000,,'',0,10000,,'',0,10000,,'',0,10000,,'',0,10000,,'',0,10000,,'',0,10000,,'',0,10000,,'',0,10000,,'',0,10000,,'',0
'9',5501,84600,4,'',0,10000,4,'',0,10000,4,'',0,10100,4,'',0,10000,4,'',0,10000,4,'',0,10000,4,'',0,10000,4,'',0,10000,4,'',0,10000,4,'',0,10000,4,'',0,10000,4,'',0
'2',6501,61300,,'',0,3000,,'',0,1100,4,'',0,5900,,'',0,1100,4,'',0,1900,,'',0,1600,4,'',0,5400,,'',0,1600,4,'',0,1400,,'',0,1600,4,'',0,5400,,'',0,1600,4,'',0,1400,,'',0,1300,4,'',0,5700,,'',0,1300,4,'',0,1700,,'',0,1300,4,'',0,5700,,'',0,1300,4,'',0,1700,,'',0,1300,4,'',0,5700,,'',0,1300,4,'',0,1700,,'',0,1500,4,'',0,5500,,'',0,1500,4,'',0,1500,,'',0,1500,4,'',0,5500,,'',0,1500,4,'',0,1500,,'',0,5800,4,'',0,1200,,'',0,1800,4,'',0,1200,,'',0,5800,4,'',0,1100,,'',0,1900,4,'',0,1200,,'',0,5700,4,'',0,1300,,'',0,1800,4,'',0,1200,,'',0,5800,4,'',0,1200,,'',0,1800,4,'',0,1200,,'',0,1300,4,'',0,5700,,'',0,1300,4,'',0,1700,,'',0,1300,4,'',0,5700,,'',0,1300,4,'',0,1700,,'',0,1300,4,'',0,5700,,'',0,1300,4,'',0,1700,,'',0,1300,4,'',0,7000,4,'',0
'3',6501,61300,,'',0,3000,,'',0,1100,4,'',0,5900,,'',0,1100,4,'',0,1900,,'',0,1600,4,'',0,5400,,'',0,1600,4,'',0,1400,,'',0,1600,4,'',0,5400,,'',0,1600,4,'',0,1400,,'',0,1300,4,'',0,5700,,'',0,1300,4,'',0,1700,,'',0,1300,4,'',0,5700,,'',0,1300,4,'',0,1700,,'',0,1300,4,'',0,5700,,'',0,1300,4,'',0,1700,,'',0,1500,4,'',0,5500,,'',0,1500,4,'',0,1500,,'',0,1500,4,'',0,5500,,'',0,1500,4,'',0,1500,,'',0,5800,4,'',0,1200,,'',0,1800,4,'',0,1200,,'',0,5800,4,'',0,1100,,'',0,1900,4,'',0,1200,,'',0,5700,4,'',0,1300,,'',0,1800,4,'',0,1200,,'',0,5800,4,'',0,1200,,'',0,1800,4,'',0,1200,,'',0,1300,4,'',0,5700,,'',0,1300,4,'',0,1700,,'',0,1300,4,'',0,5700,,'',0,1300,4,'',0,1700,,'',0,1300,4,'',0,5700,,'',0,1300,4,'',0,1700,,'',0,1300,4,'',0,7000,4,'',0
'4',6501,61300,,'',0,3000,,'',0,1100,4,'',0,5900,,'',0,1100,4,'',0,1900,,'',0,1600,4,'',0,5400,,'',0,1600,4,'',0,1400,,'',0,1600,4,'',0,5400,,'',0,1600,4,'',0,1400,,'',0,1300,4,'',0,5700,,'',0,1300,4,'',0,1700,,'',0,1300,4,'',0,5700,,'',0,1300,4,'',0,1700,,'',0,1300,4,'',0,5700,,'',0,1300,4,'',0,1700,,'',0,1500,4,'',0,5500,,'',0,1500,4,'',0,1500,,'',0,1500,4,'',0,5500,,'',0,1500,4,'',0,1500,,'',0,5800,4,'',0,1200,,'',0,1800,4,'',0,1200,,'',0,5800,4,'',0,1100,,'',0,1900,4,'',0,1200,,'',0,5700,4,'',0,1300,,'',0,1800,4,'',0,1200,,'',0,5800,4,'',0,1200,,'',0,1800,4,'',0,1200,,'',0,1300,4,'',0,5700,,'',0,1300,4,'',0,1700,,'',0,1300,4,'',0,5700,,'',0,1300,4,'',0,1700,,'',0,1300,4,'',0,5700,,'',0,1300,4,'',0,1700,,'',0,1300,4,'',0,7000,4,'',0
'5',6501,61300,,'',0,3000,,'',0,1100,4,'',0,5900,,'',0,1100,4,'',0,1900,,'',0,1600,4,'',0,5400,,'',0,1600,4,'',0,1400,,'',0,1600,4,'',0,5400,,'',0,1600,4,'',0,1400,,'',0,1300,4,'',0,5700,,'',0,1300,4,'',0,1700,,'',0,1300,4,'',0,5700,,'',0,1300,4,'',0,1700,,'',0,1300,4,'',0,5700,,'',0,1300,4,'',0,1700,,'',0,1500,4,'',0,5500,,'',0,1500,4,'',0,1500,,'',0,1500,4,'',0,5500,,'',0,1500,4,'',0,1500,,'',0,5800,4,'',0,1200,,'',0,1800,4,'',0,1200,,'',0,5800,4,'',0,1100,,'',0,1900,4,'',0,1200,,'',0,5700,4,'',0,1300,,'',0,1800,4,'',0,1200,,'',0,5800,4,'',0,1200,,'',0,1800,4,'',0,1200,,'',0,1300,4,'',0,5700,,'',0,1300,4,'',0,1700,,'',0,1300,4,'',0,5700,,'',0,1300,4,'',0,1700,,'',0,1300,4,'',0,5700,,'',0,1300,4,'',0,1700,,'',0,1300,4,'',0,7000,4,'',0
'6',6501,61300,,'',0,3000,,'',0,1100,4,'',0,5900,,'',0,1100,4,'',0,1900,,'',0,1600,4,'',0,5400,,'',0,1600,4,'',0,1400,,'',0,1600,4,'',0,5400,,'',0,1600,4,'',0,1400,,'',0,1300,4,'',0,5700,,'',0,1300,4,'',0,1700,,'',0,1300,4,'',0,5700,,'',0,1300,4,'',0,1700,,'',0,1300,4,'',0,5700,,'',0,1300,4,'',0,1700,,'',0,1500,4,'',0,5500,,'',0,1500,4,'',0,1500,,'',0,1500,4,'',0,5500,,'',0,1500,4,'',0,1500,,'',0,5800,4,'',0,1200,,'',0,1800,4,'',0,1200,,'',0,5800,4,'',0,1100,,'',0,1900,4,'',0,1200,,'',0,5700,4,'',0,1300,,'',0,1800,4,'',0,1200,,'',0,5800,4,'',0,1200,,'',0,1800,4,'',0,1200,,'',0,1300,4,'',0,5700,,'',0,1300,4,'',0,1700,,'',0,1300,4,'',0,5700,,'',0,1300,4,'',0,1700,,'',0,1300,4,'',0,5700,,'',0,1300,4,'',0,1700,,'',0,1300,4,'',0,7000,4,'',0
'9',6501,75200,,'',0,8600,4,'',0,1400,,'',0,8600,4,'',0,1400,,'',0,8600,4,'',0,1400,,'',0,8600,4,'',0,1400,,'',0,8700,4,'',0,1300,,'',0,8700,4,'',0,1300,,'',0,8700,4,'',0,1300,,'',0,8700,4,'',0,1300,,'',0,8700,4,'',0,1300,,'',0,8700,4,'',0,1300,,'',0,8700,4,'',0,1300,,'',0,8700,4,'',0
'2',8500,65800,,'',0,14400,,'',0,10100,,'',0,10200,,'',0,10000,,'',0,3000,,'',0,7000,,'',0,3000,,'',0,7300,,'',0,3000,,'',0,7000,,'',0,3100,,'',0,7000,,'',0,10000,,'',0,10200,,'',0,10200,,'',0,9600,,'',0,10000,,'',0,9800,,'',0,10300,,'',0,10000,,'',0,9600,,'',0
'2',8501,63100,,'',0,10100,,'',0,10000,,'',0,10300,,'',0,10000,,'',0,7000,,'',0,3000,,'',0,7000,,'',0,3300,,'',0,7000,,'',0,3000,,'',0,7100,,'',0,3000,,'',0,7300,,'',0,2900,,'',0,10000,,'',0,10200,,'',0,10200,,'',0,10000,,'',0,9900,,'',0,10300,,'',0,9900,,'',0,9200,,'',0
'3',8500,65800,,'',0,14400,,'',0,10100,,'',0,10200,,'',0,10000,,'',0,3000,,'',0,7000,,'',0,3000,,'',0,7300,,'',0,3000,,'',0,7000,,'',0,3100,,'',0,7000,,'',0,10000,,'',0,10200,,'',0,10200,,'',0,9600,,'',0,10000,,'',0,9800,,'',0,10300,,'',0,10000,,'',0,9600,,'',0
'3',8501,63100,,'',0,10100,,'',0,10000,,'',0,10300,,'',0,10000,,'',0,7000,,'',0,3000,,'',0,7000,,'',0,3300,,'',0,7000,,'',0,3000,,'',0,7100,,'',0,3000,,'',0,7300,,'',0,2900,,'',0,10000,,'',0,10200,,'',0,10200,,'',0,10000,,'',0,9900,,'',0,10300,,'',0,9900,,'',0,9200,,'',0
'4',8500,65800,,'',0,14400,,'',0,10100,,'',0,10200,,'',0,10000,,'',0,3000,,'',0,7000,,'',0,3000,,'',0,7300,,'',0,3000,,'',0,7000,,'',0,3100,,'',0,7000,,'',0,10000,,'',0,10200,,'',0,10200,,'',0,9600,,'',0,10000,,'',0,9800,,'',0,10300,,'',0,10000,,'',0,9600,,'',0
'4',8501,63100,,'',0,10100,,'',0,10000,,'',0,10300,,'',0,10000,,'',0,7000,,'',0,3000,,'',0,7000,,'',0,3300,,'',0,7000,,'',0,3000,,'',0,7100,,'',0,3000,,'',0,7300,,'',0,2900,,'',0,10000,,'',0,10200,,'',0,10200,,'',0,10000,,'',0,9900,,'',0,10300,,'',0,9900,,'',0,9200,,'',0
'5',8500,65800,,'',0,14400,,'',0,10100,,'',0,10200,,'',0,10000,,'',0,3000,,'',0,7000,,'',0,3000,,'',0,7300,,'',0,3000,,'',0,7000,,'',0,3100,,'',0,7000,,'',0,10000,,'',0,10200,,'',0,10200,,'',0,9600,,'',0,10000,,'',0,9800,,'',0,10300,,'',0,10000,,'',0,9600,,'',0
'5',8501,63100,,'',0,10100,,'',0,10000,,'',0,10300,,'',0,10000,,'',0,7000,,'',0,3000,,'',0,7000,,'',0,3300,,'',0,7000,,'',0,3000,,'',0,7100,,'',0,3000,,'',0,7300,,'',0,2900,,'',0,10000,,'',0,10200,,'',0,10200,,'',0,10000,,'',0,9900,,'',0,10300,,'',0,9900,,'',0,9200,,'',0
'6',8500,65800,,'',0,14400,,'',0,10100,,'',0,10200,,'',0,10000,,'',0,3000,,'',0,7000,,'',0,3000,,'',0,7300,,'',0,3000,,'',0,7000,,'',0,3100,,'',0,7000,,'',0,10000,,'',0,10200,,'',0,10200,,'',0,9600,,'',0,10000,,'',0,9800,,'',0,10300,,'',0,10000,,'',0,9600,,'',0
'6',8501,63100,,'',0,10100,,'',0,10000,,'',0,10300,,'',0,10000,,'',0,7000,,'',0,3000,,'',0,7000,,'',0,3300,,'',0,7000,,'',0,3000,,'',0,7100,,'',0,3000,,'',0,7300,,'',0,2900,,'',0,10000,,'',0,10200,,'',0,10200,,'',0,10000,,'',0,9900,,'',0,10300,,'',0,9900,,'',0,9200,,'',0
'9',8500,85000,,'',0,10000,,'',0,10000,,'',0,9900,,'',0,10000,,'',0,10000,,'',0,10000,,'',0,10000,,'',0,10000,,'',0,10000,,'',0,10000,,'',0,10000,,'',0
'9',8501,82000,,'',0,10000,,'',0,10000,,'',0,10000,,'',0,10000,,'',0,10000,,'',0,10000,,'',0,10100,,'',0,10000,,'',0,10000,,'',0,10000,,'',0,10000,,'',0
