1000,'10',801,,4539,120,,,1,30,,4540,120,,,1,70,,4541,120,,,1,30,,4542,120,,,1,70,,4543,120,,,1,30,,4544,120,,,1,70,,4545,120,,,1,31,,4546,180,,,1,70,,4547,180,,,1,30,,4548,180,,,1,70,,4549,180,,,1,30,,4550,180,,,1,70,,4551,180,,,1,30,,4552,180,,,1,70,,4553,180,,,1,30,,4554,180,,,1,70,,4555,180,,,1,30,,4556,180,,,1,70,,4557,180,,,1,30,,4558,180,,,1,70,,4559,180,,,1,30,,4560,180,,,1,100,,4561,180,,,1
1000,'2',602,,4562,120,,,1,15,,4563,120,,,1,15,,4564,120,,,1,15,,4565,120,,,1,55,,4566,120,,,1,15,,4567,120,,,1,16,,4568,180,,,1,15,,4569,180,,,1,55,,4570,180,,,1,15,,4571,180,,,1,15,,4572,180,,,1,15,,4573,180,,,1,55,,4574,180,,,1,15,,4575,180,,,1,15,,4576,180,,,1,15,,4577,180,,,1,55,,4578,180,,,1,15,,4579,180,,,1,15,,4580,180,,,1,15,,4581,180,,,1,55,,4582,180,,,1,15,,4583,180,,,1,15,,4584,180,,,1,15,,4585,180,,,1,55,,4586,180,,,1,15,,4587,180,,,1,15,,4588,180,,,1,15,,4589,180,,,1,55,,4590,180,,,1,15,,4591,180,,,1,15,,4592,180,,,1,15,,4593,180,,,1,55,,4594,180,,,1,15,,4595,180,,,1,15,,4596,180,,,1,15,,353,180,,,1,55,,4597,180,,,1,16,,4598,180,,,1,16,,4599,180,,,1,15,,4600,180,,,1,56,,4601,180,,,1,16,,4602,180,,,1,15,,4603,180,,,1,15,,4604,180,,,1,55,,4605,180,,,1,15,,4606,180,,,1,16,,4607,180,,,1,15,,4608,180,,,1,55,,4609,180,,,1,16,,4610,180,,,1,15,,4611,180,,,1,15,,4612,180,,,1,55,,4613,180,,,1,30,,4614,180,,,1,69,,4615,120,,,1,30,,4616,120,,,1,70,,4617,120,,,1,30,,4618,120,,,1,70,,4619,120,,,1,100,,4620,120,,,1
2001,'10',835,,4841,1680,,,1,70,,4842,1680,,,1,30,,4843,1680,,,1,70,,4844,1680,,,1,30,,4845,1680,,,1,70,,4846,1680,,,1,30,,4847,1680,,,1,70,,4848,1680,,,1,30,,4849,1680,,,1,70,,4850,1680,,,1,30,,4851,1680,,,1,70,,4852,1680,,,1,30,,4853,1680,,,1,70,,4854,1680,,,1,30,,4855,1680,,,1,70,,4856,1680,,,1,30,,4857,1680,,,1,70,,4858,1680,,,1,30,,4859,1680,,,1,70,,4860,1680,,,1,30,,4861,1680,,,1,70,,4862,1680,,,1,30,,4863,1680,,,1
2001,'2',628,,4864,1620,,,1,15,,4865,1620,,,1,15,,4866,1620,,,1,55,,4867,1620,,,1,15,,4868,1620,,,1,15,,4869,1620,,,1,15,,4870,1620,,,1,55,,4871,1620,,,1,15,,4872,1620,,,1,15,,4873,1620,,,1,15,,4874,1620,,,1,55,,4875,1620,,,1,15,,4876,1620,,,1,15,,4877,1620,,,1,15,,4878,1620,,,1,55,,4879,1620,,,1,16,,4880,1680,,,1,15,,4881,1680,,,1,15,,4882,1680,,,1,55,,4883,1680,,,1,15,,4884,1680,,,1,15,,4885,1680,,,1,15,,4886,1680,,,1,55,,4887,1680,,,1,17,,4888,1800,,,1,15,,4889,1800,,,1,55,,4890,1800,,,1,15,,4891,1800,,,1,15,,4892,1800,,,1,15,,4893,1800,,,1,55,,4894,1800,,,1,15,,4895,1800,,,1,15,,4896,1800,,,1,15,,4897,1800,,,1,57,,4898,1920,,,1,15,,4899,1920,,,1,15,,4900,1920,,,1,15,,4901,1920,,,1,56,,4902,1920,,,1,16,,4903,1920,,,1,15,,4904,1920,,,1,15,,4905,1920,,,1,56,,4906,1920,,,1,16,,4907,1920,,,1,15,,4908,1920,,,1,15,,4909,1920,,,1,56,,4910,1920,,,1,16,,4911,1920,,,1,9,,4912,1560,,,1,15,,4913,1560,,,1,55,,4914,1560,,,1,30,,4915,1560,,,1,70,,4916,1560,,,1,29,,4917,1500,,,1,70,,4918,1500,,,1,30,,4919,1500,,,1,70,,4920,1500,,,1,29,,4921,1440,,,1,100,,4922,1440,,,1
2500,'10',813,,4923,120,,,1,30,,4924,120,,,1,70,,4925,120,,,1,30,,4926,120,,,1,70,,4927,120,,,1,30,,4928,120,,,1,70,,4929,120,,,1,30,,4930,120,,,1,70,,4931,120,,,1,30,,4932,120,,,1,70,,4933,120,,,1,30,,4934,120,,,1,70,,4935,120,,,1,30,,4936,120,,,1,70,,4937,120,,,1,30,,4938,120,,,1,70,,4939,120,,,1,30,,4940,120,,,1,70,,4941,120,,,1,30,,4942,120,,,1,70,,4943,120,,,1,100,,4944,120,,,1
2500,'2',603,,4945,120,,,1,30,,4946,120,,,1,70,,4947,120,,,1,31,,4948,180,,,1,70,,4949,180,,,1,30,,4950,180,,,1,70,,4951,180,,,1,15,,4952,180,,,1,15,,4953,180,,,1,70,,4954,180,,,1,15,,4955,180,,,1,15,,4956,180,,,1,70,,4957,180,,,1,30,,4958,180,,,1,15,,4959,180,,,1,55,,4960,180,,,1,30,,4961,180,,,1,15,,4962,180,,,1,55,,4963,180,,,1,30,,4964,180,,,1,70,,4965,180,,,1,30,,4966,180,,,1,70,,4967,180,,,1,30,,4968,180,,,1,70,,4969,180,,,1,30,,4970,180,,,1,70,,4971,180,,,1,30,,4972,180,,,1,70,,1191,180,,,1,30,,4973,180,,,1,70,,4974,180,,,1,30,,4975,180,,,1,70,,4976,180,,,1,30,,4977,180,,,1,70,,4978,180,,,1,30,,4979,180,,,1,70,,4980,180,,,1,30,,4981,180,,,1,70,,4982,180,,,1
3500,'10',806,,5251,180,,,1,30,,5252,180,,,1,70,,5253,180,,,1,30,,5254,180,,,1,70,,5255,180,,,1,30,,5256,180,,,1,70,,5257,180,,,1,30,,5258,180,,,1,70,,5259,180,,,1,30,,5260,180,,,1,70,,5261,180,,,1,30,,5262,180,,,1,70,,5263,180,,,1,30,,5264,180,,,1,70,,5265,180,,,1,30,,5266,180,,,1,70,,5267,180,,,1,30,,5268,180,,,1,70,,5269,180,,,1,30,,5270,180,,,1,70,,5271,180,,,1,30,,5272,180,,,1,70,,5273,180,,,1
3500,'2',614,,5274,120,,,1,30,,5275,120,,,1,70,,5276,120,,,1,30,,5277,120,,,1,70,,5278,120,,,1,30,,5279,120,,,1,70,,5280,120,,,1,30,,5281,120,,,1,70,,5282,120,,,1,30,,5283,120,,,1,70,,5284,120,,,1,30,,5285,120,,,1,70,,5286,120,,,1,30,,5287,120,,,1,70,,5288,120,,,1,30,,5289,120,,,1,70,,5290,120,,,1,31,,5291,180,,,1,70,,5292,180,,,1,30,,5293,180,,,1,70,,5294,180,,,1,30,,5295,180,,,1,70,,5296,180,,,1,30,,5297,180,,,1,69,,5298,120,,,1,30,,5299,120,,,1,70,,5300,120,,,1,30,,5301,120,,,1,70,,5302,120,,,1,30,,5303,120,,,1,70,,5304,120,,,1,30,,5305,120,,,1,70,,5306,120,,,1,30,,5307,120,,,1,70,,5308,120,,,1
4001,'10',728,,5366,120,,,1,100,,5367,120,,,1,100,,5368,120,,,1,100,,5369,120,,,1,101,,5370,180,,,1,100,,5371,180,,,1,100,,5372,180,,,1,100,,5373,180,,,1,100,,5374,180,,,1,100,,5375,180,,,1,100,,5376,180,,,1,100,,5377,180,,,1,100,,5378,180,,,1
4001,'2',602,,5379,120,,,1,30,,5380,120,,,1,70,,5381,120,,,1,30,,5382,120,,,1,70,,5383,120,,,1,30,,5384,120,,,1,70,,5385,120,,,1,30,,5386,120,,,1,70,,5387,120,,,1,30,,5388,120,,,1,70,,5389,120,,,1,30,,5390,120,,,1,70,,5391,120,,,1,31,,5392,180,,,1,70,,5393,180,,,1,30,,5394,180,,,1,70,,5395,180,,,1,30,,5396,180,,,1,70,,5397,180,,,1,30,,5398,180,,,1,70,,5399,180,,,1,30,,5400,180,,,1,70,,5401,180,,,1,30,,5402,180,,,1,70,,5403,180,,,1,29,,5404,120,,,1,485,,5405,120,,,1
6500,'10',800,,5595,120,0,5 2 6 7 2 8,1,100,,5596,120,0,5 2 6 7 2 8,1,100,,5597,120,0,5 2 6 7 2 8,1,100,,5598,120,0,5 2 6 7 2 8,1,100,,5599,120,0,5 2 6 7 2 8,1,100,,5600,120,0,5 2 6 7 2 8,1,100,,5601,120,0,5 2 6 7 2 8,1,100,,5602,120,0,5 2 6 7 2 8,1,100,,5603,120,0,5 2 6 7 2 8,1,100,,5604,120,0,5 2 6 7 2 8,1,100,,5605,120,0,5 2 6 7 2 8,1,100,,5606,120,0,5 2 6 7 2 8,1
6500,'2',617,,5607,120,0,5 2 6 7 2 8,1,30,,5608,120,0,5 2 6 7 2 8,1,70,,5609,120,0,5 2 6 7 2 8,1,30,,5610,120,0,5 2 6 7 2 8,1,70,,5611,120,0,5 2 6 7 2 8,1,30,,5612,120,0,5 2 6 7 2 8,1,70,,5613,120,0,5 2 6 7 2 8,1,30,,5614,120,0,5 2 6 7 2 8,1,70,,5615,120,0,5 2 6 7 2 8,1,30,,5616,120,0,5 2 6 7 2 8,1,70,,5617,120,0,5 2 6 7 2 8,1,30,,5618,120,0,5 2 6 7 2 8,1,71,,5619,120,0,5 2 6 7 2 8,1,30,,5620,120,0,5 2 6 7 2 8,1,71,,5621,120,0,5 2 6 7 2 8,1,29,,5622,120,0,5 2 6 7 2 8,1,71,,5623,120,0,5 2 6 7 2 8,1,29,,5624,180,0,5 2 6 7 2 8,1,70,,5625,180,0,5 2 6 7 2 8,1,30,,5626,180,0,5 2 6 7 2 8,1,70,,5627,180,0,5 2 6 7 2 8,1,30,,5628,180,0,5 2 6 7 2 8,1,70,,5629,180,0,5 2 6 7 2 8,1,30,,5630,180,0,5 2 6 7 2 8,1,69,,5631,120,0,5 2 6 7 2 8,1,30,,5632,120,0,5 2 6 7 2 8,1,70,,5633,120,0,5 2 6 7 2 8,1,30,,5634,120,0,5 2 6 7 2 8,1,70,,5635,120,0,5 2 6 7 2 8,1,30,,5636,120,0,5 2 6 7 2 8,1,70,,5637,120,0,5 2 6 7 2 8,1,30,,5638,120,0,5 2 6 7 2 8,1,70,,5639,120,0,5 2 6 7 2 8,1,30,,5640,120,0,5 2 6 7 2 8,1
8500,'10',810,,5685,120,,,1,100,,5686,120,,,1,100,,5687,120,,,1,100,,5688,120,,,1,100,,5689,120,,,1,100,,5690,120,,,1,100,,5691,120,,,1,100,,5692,120,,,1,100,,5693,120,,,1,100,,5694,120,,,1,100,,5695,120,,,1,100,,5696,120,,,1
8500,'2',549,,5697,120,,,1,100,,5698,120,,,1,100,,3196,120,,,1,100,,5699,120,,,1,100,,5700,120,,,1,100,,5701,120,,,1,100,,5702,120,,,1,100,,5703,120,,,1,100,,5704,120,,,1,101,,5705,180,,,1,102,,5706,180,,,1,100,,5707,120,,,1,101,,5708,120,,,1,101,,5709,120,,,1,101,,5710,120,,,1,101,,5711,120,,,1,101,,5712,120,,,1,101,,5713,120,,,1
