'2-v13',9200,70300,4,'',1,5600,4,'',1,7200,4,'',1,9400,4,'',1,69500,4,'',1,3000,4,'',1,10500,4,'',1,9000,4,'',1,7600,4,'',1
'2-v13',9201,54700,,'',1,9400,,'',1,7000,,'',1,9700,,'',1,2900,,'',1,9400,,'',1,69300,,'',1,3100,,'',1,10400,,'',1,9000,,'',1
'3-v13',9200,70300,4,'',1,5600,4,'',1,7200,4,'',1,9400,4,'',1,69500,4,'',1,3000,4,'',1,10500,4,'',1,9000,4,'',1,7600,4,'',1
'3-v13',9201,54700,,'',1,9400,,'',1,7000,,'',1,9700,,'',1,2900,,'',1,9400,,'',1,69300,,'',1,3100,,'',1,10400,,'',1,9000,,'',1
'4-v13',9200,70300,4,'',1,5600,4,'',1,7200,4,'',1,9400,4,'',1,69500,4,'',1,3000,4,'',1,10500,4,'',1,9000,4,'',1,7600,4,'',1
'4-v13',9201,54700,,'',1,9400,,'',1,7000,,'',1,9700,,'',1,2900,,'',1,9400,,'',1,69300,,'',1,3100,,'',1,10400,,'',1,9000,,'',1
'5-v13',9200,70300,4,'',1,5600,4,'',1,7200,4,'',1,9400,4,'',1,69500,4,'',1,3000,4,'',1,10500,4,'',1,9000,4,'',1,7600,4,'',1
'5-v13',9201,54700,,'',1,9400,,'',1,7000,,'',1,9700,,'',1,2900,,'',1,9400,,'',1,69300,,'',1,3100,,'',1,10400,,'',1,9000,,'',1
'6-v13',9200,70300,4,'',1,5600,4,'',1,7200,4,'',1,9400,4,'',1,69500,4,'',1,3000,4,'',1,10500,4,'',1,9000,4,'',1,7600,4,'',1
'6-v13',9201,54700,,'',1,9400,,'',1,7000,,'',1,9700,,'',1,2900,,'',1,9400,,'',1,69300,,'',1,3100,,'',1,10400,,'',1,9000,,'',1
