'2-v13',8500,64800,4,'',1,10000,4,'',1,10300,4,'',1,10000,4,'',1,10000,4,'',1,10000,4,'',1,10000,4,'',1,10200,4,'',1,10000,4,'',1,10500,4,'',1,10000,4,'',1,9700,4,'',1,10000,4,'',1,9400,4,'',1,10000,4,'',1,9600,4,'',1,10000,4,'',1,9800,4,'',1
'2-v13',8501,60400,,'',1,10000,,'',1,10000,,'',1,10000,,'',1,10000,,'',1,10000,,'',1,10000,,'',1,10000,,'',1,10000,,'',1,10000,,'',1,10000,,'',1,10000,,'',1,10000,,'',1,10000,,'',1,10000,,'',1,10000,,'',1,10000,,'',1,10000,,'',1
'3-v13',8500,64800,4,'',1,10000,4,'',1,10300,4,'',1,10000,4,'',1,10000,4,'',1,10000,4,'',1,10000,4,'',1,10200,4,'',1,10000,4,'',1,10500,4,'',1,10000,4,'',1,9700,4,'',1,10000,4,'',1,9400,4,'',1,10000,4,'',1,9600,4,'',1,10000,4,'',1,9800,4,'',1
'3-v13',8501,60400,,'',1,10000,,'',1,10000,,'',1,10000,,'',1,10000,,'',1,10000,,'',1,10000,,'',1,10000,,'',1,10000,,'',1,10000,,'',1,10000,,'',1,10000,,'',1,10000,,'',1,10000,,'',1,10000,,'',1,10000,,'',1,10000,,'',1,10000,,'',1
'4-v13',8500,64800,4,'',1,10000,4,'',1,10300,4,'',1,10000,4,'',1,10000,4,'',1,10000,4,'',1,10000,4,'',1,10200,4,'',1,10000,4,'',1,10500,4,'',1,10000,4,'',1,9700,4,'',1,10000,4,'',1,9400,4,'',1,10000,4,'',1,9600,4,'',1,10000,4,'',1,9800,4,'',1
'4-v13',8501,60400,,'',1,10000,,'',1,10000,,'',1,10000,,'',1,10000,,'',1,10000,,'',1,10000,,'',1,10000,,'',1,10000,,'',1,10000,,'',1,10000,,'',1,10000,,'',1,10000,,'',1,10000,,'',1,10000,,'',1,10000,,'',1,10000,,'',1,10000,,'',1
'5-v13',8500,64800,4,'',1,10000,4,'',1,10300,4,'',1,10000,4,'',1,10000,4,'',1,10000,4,'',1,10000,4,'',1,10200,4,'',1,10000,4,'',1,10500,4,'',1,10000,4,'',1,9700,4,'',1,10000,4,'',1,9400,4,'',1,10000,4,'',1,9600,4,'',1,10000,4,'',1,9800,4,'',1
'5-v13',8501,60400,,'',1,10000,,'',1,10000,,'',1,10000,,'',1,10000,,'',1,10000,,'',1,10000,,'',1,10000,,'',1,10000,,'',1,10000,,'',1,10000,,'',1,10000,,'',1,10000,,'',1,10000,,'',1,10000,,'',1,10000,,'',1,10000,,'',1,10000,,'',1
'6-v13',8500,64800,4,'',1,10000,4,'',1,10300,4,'',1,10000,4,'',1,10000,4,'',1,10000,4,'',1,10000,4,'',1,10200,4,'',1,10000,4,'',1,10500,4,'',1,10000,4,'',1,9700,4,'',1,10000,4,'',1,9400,4,'',1,10000,4,'',1,9600,4,'',1,10000,4,'',1,9800,4,'',1
'6-v13',8501,60400,,'',1,10000,,'',1,10000,,'',1,10000,,'',1,10000,,'',1,10000,,'',1,10000,,'',1,10000,,'',1,10000,,'',1,10000,,'',1,10000,,'',1,10000,,'',1,10000,,'',1,10000,,'',1,10000,,'',1,10000,,'',1,10000,,'',1,10000,,'',1
'9-v13',8500,90100,4,'',1,10000,4,'',1,10000,4,'',1,10300,4,'',1,10000,4,'',1,10000,4,'',1,10000,4,'',1,10000,4,'',1,10000,4,'',1,10000,4,'',1,10000,4,'',1,10000,4,'',1
'9-v13',8501,80900,,'',1,10000,,'',1,10000,,'',1,10000,,'',1,10000,,'',1,10000,,'',1,10000,,'',1,10000,,'',1,10000,,'',1,10000,,'',1,10000,,'',1,10000,,'',1
