2000,'2',557,,821,,,1,55,,822,,,1,15,,823,,,1,15,,824,,,1,15,,825,,,1,55,,826,,,1,15,,827,,,1,16,,828,,,1,16,,829,,,1,55,,830,,,1,15,,831,,,1,15,,832,,,1,15,,833,,,1,55,,834,,,1,15,,835,,,1,15,,836,,,1,14,,837,,,1,55,,838,,,1,15,,839,,,1,15,,840,,,1,15,,841,,,1,55,,842,,,1,15,,843,,,1,15,,844,,,1,15,,845,,,1,56,,846,,,1,15,,847,,,1,15,,848,,,1,15,,849,,,1,55,,850,,,1,15,,851,,,1,15,,852,,,1,56,,853,,,1,16,,854,,,1,16,,855,,,1,16,,856,,,1,56,,857,,,1,16,,858,,,1,16,,859,,,1,16,,860,,,1,56,,861,,,1,16,,862,,,1,16,,863,,,1,16,,864,,,1,56,,865,,,1,16,,866,,,1,16,,867,,,1,56,,868,,,1,16,,869,,,1,15,,870,,,1,15,,871,,,1,55,,872,,,1,15,,873,,,1,30,,874,,,1,69,,875,,,1,30,,876,,,1,70,,877,,,1,30,,878,,,1,70,,879,,,1,100,,880,,,1
2000,'3',557,,881,,,1,55,,882,,,1,15,,883,,,1,15,,884,,,1,15,,885,,,1,55,,886,,,1,15,,887,,,1,16,,888,,,1,16,,889,,,1,55,,890,,,1,15,,891,,,1,15,,892,,,1,15,,893,,,1,55,,894,,,1,15,,895,,,1,15,,896,,,1,14,,897,,,1,55,,898,,,1,15,,899,,,1,15,,900,,,1,15,,901,,,1,55,,902,,,1,15,,903,,,1,15,,904,,,1,15,,905,,,1,56,,906,,,1,15,,907,,,1,15,,908,,,1,15,,909,,,1,55,,910,,,1,15,,911,,,1,15,,912,,,1,56,,913,,,1,16,,914,,,1,16,,915,,,1,16,,916,,,1,56,,917,,,1,16,,918,,,1,16,,919,,,1,16,,920,,,1,56,,921,,,1,16,,922,,,1,16,,923,,,1,16,,924,,,1,56,,925,,,1,16,,926,,,1,16,,927,,,1,56,,928,,,1,16,,929,,,1,15,,930,,,1,15,,931,,,1,55,,932,,,1,15,,933,,,1,30,,934,,,1,69,,935,,,1,30,,936,,,1,70,,937,,,1,30,,938,,,1,70,,939,,,1,100,,940,,,1
2000,'4',557,,941,,,1,55,,942,,,1,15,,943,,,1,15,,944,,,1,15,,945,,,1,55,,946,,,1,15,,947,,,1,16,,948,,,1,16,,949,,,1,55,,950,,,1,15,,951,,,1,15,,952,,,1,15,,953,,,1,55,,954,,,1,15,,955,,,1,15,,956,,,1,14,,957,,,1,55,,958,,,1,15,,959,,,1,15,,960,,,1,15,,961,,,1,55,,962,,,1,15,,963,,,1,15,,964,,,1,15,,965,,,1,56,,966,,,1,15,,967,,,1,15,,968,,,1,15,,969,,,1,55,,970,,,1,15,,971,,,1,15,,972,,,1,56,,973,,,1,16,,974,,,1,16,,975,,,1,16,,976,,,1,56,,977,,,1,16,,978,,,1,16,,979,,,1,16,,980,,,1,56,,981,,,1,16,,982,,,1,16,,983,,,1,16,,984,,,1,56,,985,,,1,16,,986,,,1,16,,987,,,1,56,,988,,,1,16,,989,,,1,15,,990,,,1,15,,991,,,1,55,,992,,,1,15,,993,,,1,30,,994,,,1,69,,995,,,1,30,,996,,,1,70,,997,,,1,30,,998,,,1,70,,999,,,1,100,,1000,,,1
2000,'5',557,,1001,,,1,55,,1002,,,1,15,,1003,,,1,15,,1004,,,1,15,,1005,,,1,55,,1006,,,1,15,,1007,,,1,16,,1008,,,1,16,,1009,,,1,55,,1010,,,1,15,,1011,,,1,15,,1012,,,1,15,,1013,,,1,55,,1014,,,1,15,,1015,,,1,15,,1016,,,1,14,,1017,,,1,55,,1018,,,1,15,,1019,,,1,15,,1020,,,1,15,,1021,,,1,55,,1022,,,1,15,,1023,,,1,15,,1024,,,1,15,,1025,,,1,56,,1026,,,1,15,,1027,,,1,15,,1028,,,1,15,,1029,,,1,55,,1030,,,1,15,,1031,,,1,15,,1032,,,1,56,,1033,,,1,16,,1034,,,1,16,,1035,,,1,16,,1036,,,1,56,,1037,,,1,16,,1038,,,1,16,,1039,,,1,16,,1040,,,1,56,,1041,,,1,16,,1042,,,1,16,,1043,,,1,16,,1044,,,1,56,,1045,,,1,16,,1046,,,1,16,,1047,,,1,56,,1048,,,1,16,,1049,,,1,15,,1050,,,1,15,,1051,,,1,55,,1052,,,1,15,,1053,,,1,30,,1054,,,1,69,,1055,,,1,30,,1056,,,1,70,,1057,,,1,30,,1058,,,1,70,,1059,,,1,100,,1060,,,1
2000,'6',557,,1061,,,1,55,,1062,,,1,15,,1063,,,1,15,,1064,,,1,15,,1065,,,1,55,,1066,,,1,15,,1067,,,1,16,,1068,,,1,16,,1069,,,1,55,,1070,,,1,15,,1071,,,1,15,,1072,,,1,15,,1073,,,1,55,,1074,,,1,15,,1075,,,1,15,,1076,,,1,14,,1077,,,1,55,,1078,,,1,15,,1079,,,1,15,,1080,,,1,15,,1081,,,1,55,,1082,,,1,15,,1083,,,1,15,,1084,,,1,15,,1085,,,1,56,,1086,,,1,15,,1087,,,1,15,,1088,,,1,15,,1089,,,1,55,,1090,,,1,15,,1091,,,1,15,,1092,,,1,56,,1093,,,1,16,,1094,,,1,16,,1095,,,1,16,,1096,,,1,56,,1097,,,1,16,,1098,,,1,16,,1099,,,1,16,,1100,,,1,56,,1101,,,1,16,,1102,,,1,16,,1103,,,1,16,,1104,,,1,56,,1105,,,1,16,,1106,,,1,16,,1107,,,1,56,,1108,,,1,16,,1109,,,1,15,,1110,,,1,15,,1111,,,1,55,,1112,,,1,15,,1113,,,1,30,,1114,,,1,69,,1115,,,1,30,,1116,,,1,70,,1117,,,1,30,,1118,,,1,70,,1119,,,1,100,,1120,,,1
2000,'9',804,,1121,,,1,30,,1122,,,1,70,,1123,,,1,30,,1124,,,1,70,,1125,,,1,30,,1126,,,1,70,,1127,,,1,30,,1128,,,1,70,,1129,,,1,30,,1130,,,1,70,,1131,,,1,30,,1132,,,1,70,,1133,,,1,30,,1134,,,1,70,,1135,,,1,30,,1136,,,1,70,,1137,,,1,30,,1138,,,1,70,,1139,,,1,30,,1140,,,1,70,,1141,,,1,30,,1142,,,1,71,,1143,,,1
4101,'2',620,,3193,,,1,30,,3194,,,1,70,,3195,,,1,30,,3196,,,1,70,,3197,,,1,30,,3198,,,1,70,,3199,,,1,30,,3200,,,1,70,,3201,,,1,30,,3202,,,1,70,,3203,,,1,30,,3204,,,1,70,,3205,,,1,30,,3206,,,1,70,,3207,,,1,30,,3208,,,1,70,,3209,,,1,30,,3210,,,1,70,,3211,,,1,30,,3212,,,1,70,,3213,,,1,30,,3214,,,1,70,,3215,,,1,30,,3216,,,1,70,,3217,,,1,30,,3218,,,1,70,,3219,,,1,30,,3220,,,1,70,,3221,,,1,30,,3222,,,1,70,,3223,,,1,30,,3224,,,1,70,,3225,,,1
4101,'3',620,,3226,,,1,30,,3227,,,1,70,,3228,,,1,30,,3229,,,1,70,,3230,,,1,30,,3231,,,1,70,,3232,,,1,30,,3233,,,1,70,,3234,,,1,30,,3235,,,1,70,,3236,,,1,30,,3237,,,1,70,,3238,,,1,30,,3239,,,1,70,,3240,,,1,30,,3241,,,1,70,,3242,,,1,30,,3243,,,1,70,,3244,,,1,30,,3245,,,1,70,,3246,,,1,30,,3247,,,1,70,,3248,,,1,30,,3249,,,1,70,,3250,,,1,30,,3251,,,1,70,,3252,,,1,30,,3253,,,1,70,,3254,,,1,30,,3255,,,1,70,,3256,,,1,30,,3257,,,1,70,,3258,,,1
4101,'4',620,,3259,,,1,30,,3260,,,1,70,,3261,,,1,30,,3262,,,1,70,,3263,,,1,30,,3264,,,1,70,,3265,,,1,30,,3266,,,1,70,,3267,,,1,30,,3268,,,1,70,,3269,,,1,30,,3270,,,1,70,,3271,,,1,30,,3272,,,1,70,,3273,,,1,30,,3274,,,1,70,,3275,,,1,30,,3276,,,1,70,,3277,,,1,30,,3278,,,1,70,,3279,,,1,30,,3280,,,1,70,,3281,,,1,30,,3282,,,1,70,,3283,,,1,30,,3284,,,1,70,,3285,,,1,30,,3286,,,1,70,,3287,,,1,30,,3288,,,1,70,,3289,,,1,30,,3290,,,1,70,,3291,,,1
4101,'5',620,,3292,,,1,30,,3293,,,1,70,,3294,,,1,30,,3295,,,1,70,,3296,,,1,30,,3297,,,1,70,,3298,,,1,30,,3299,,,1,70,,3300,,,1,30,,3301,,,1,70,,3302,,,1,30,,3303,,,1,70,,3304,,,1,30,,3305,,,1,70,,3306,,,1,30,,3307,,,1,70,,3308,,,1,30,,3309,,,1,70,,3310,,,1,30,,3311,,,1,70,,3312,,,1,30,,3313,,,1,70,,3314,,,1,30,,3315,,,1,70,,3316,,,1,30,,3317,,,1,70,,3318,,,1,30,,3319,,,1,70,,3320,,,1,30,,3321,,,1,70,,3322,,,1,30,,3323,,,1,70,,3324,,,1
4101,'6',620,,3325,,,1,30,,3326,,,1,70,,3327,,,1,30,,3328,,,1,70,,3329,,,1,30,,3330,,,1,70,,3331,,,1,30,,3332,,,1,70,,3333,,,1,30,,3334,,,1,70,,3335,,,1,30,,3336,,,1,70,,3337,,,1,30,,3338,,,1,70,,3339,,,1,30,,3340,,,1,70,,3341,,,1,30,,3342,,,1,70,,3343,,,1,30,,3344,,,1,70,,3345,,,1,30,,3346,,,1,70,,3347,,,1,30,,3348,,,1,70,,3349,,,1,30,,3350,,,1,70,,3351,,,1,30,,3352,,,1,70,,3353,,,1,30,,3354,,,1,70,,3355,,,1,30,,3356,,,1,70,,3357,,,1
4101,'9',745,,3358,,,1,100,,3359,,,1,100,,3360,,,1,100,,3361,,,1,101,,3362,,,1,100,,3363,,,1,100,,3364,,,1,100,,3365,,,1,100,,3366,,,1,100,,3367,,,1,100,,3368,,,1,100,,3369,,,1
