4001,'2',616,,3040,748,,,1,30,,3041,748,,,1,70,,3042,748,,,1,30,,3043,748,,,1,70,,3044,748,,,1,30,,3045,748,,,1,70,,3046,748,,,1,30,,3047,748,,,1,70,,3048,748,,,1,30,,3049,748,,,1,70,,3050,748,,,1,30,,3051,748,,,1,71,,3052,808,,,1,30,,3053,808,,,1,70,,3054,808,,,1,30,,3055,808,,,1,70,,3056,808,,,1,32,,3057,943,,,1,70,,3058,943,,,1,30,,3059,943,,,1,70,,3060,943,,,1,29,,3061,883,,,1,70,,3062,883,,,1,30,,3063,883,,,1,69,,3064,808,,,1,30,,3065,808,,,1,453,,3066,808,,,1,30,,3067,808,,,1
4001,'3',616,,3068,748,,,1,30,,3069,748,,,1,70,,3070,748,,,1,30,,3071,748,,,1,70,,3072,748,,,1,30,,3073,748,,,1,70,,3074,748,,,1,30,,3075,748,,,1,70,,3076,748,,,1,30,,3077,748,,,1,70,,3078,748,,,1,30,,3079,748,,,1,71,,3080,808,,,1,30,,3081,808,,,1,70,,3082,808,,,1,30,,3083,808,,,1,70,,3084,808,,,1,32,,3085,943,,,1,70,,3086,943,,,1,30,,3087,943,,,1,70,,3088,943,,,1,29,,3089,883,,,1,70,,3090,883,,,1,30,,3091,883,,,1,69,,3092,808,,,1,30,,3093,808,,,1,453,,3094,808,,,1,30,,3095,808,,,1
4001,'4',616,,3096,748,,,1,30,,3097,748,,,1,70,,3098,748,,,1,30,,3099,748,,,1,70,,3100,748,,,1,30,,3101,748,,,1,70,,3102,748,,,1,30,,3103,748,,,1,70,,3104,748,,,1,30,,3105,748,,,1,70,,3106,748,,,1,30,,3107,748,,,1,71,,3108,808,,,1,30,,3109,808,,,1,70,,3110,808,,,1,30,,3111,808,,,1,70,,3112,808,,,1,32,,3113,943,,,1,70,,3114,943,,,1,30,,3115,943,,,1,70,,3116,943,,,1,29,,3117,883,,,1,70,,3118,883,,,1,30,,3119,883,,,1,69,,3120,808,,,1,30,,3121,808,,,1,453,,3122,808,,,1,30,,3123,808,,,1
4001,'5',616,,3124,748,,,1,30,,3125,748,,,1,70,,3126,748,,,1,30,,3127,748,,,1,70,,3128,748,,,1,30,,3129,748,,,1,70,,3130,748,,,1,30,,3131,748,,,1,70,,3132,748,,,1,30,,3133,748,,,1,70,,3134,748,,,1,30,,3135,748,,,1,71,,3136,808,,,1,30,,3137,808,,,1,70,,3138,808,,,1,30,,3139,808,,,1,70,,3140,808,,,1,32,,3141,943,,,1,70,,3142,943,,,1,30,,3143,943,,,1,70,,3144,943,,,1,29,,3145,883,,,1,70,,3146,883,,,1,30,,3147,883,,,1,69,,3148,808,,,1,30,,3149,808,,,1,453,,3150,808,,,1,30,,3151,808,,,1
4001,'6',616,,3152,748,,,1,30,,3153,748,,,1,70,,3154,748,,,1,30,,3155,748,,,1,70,,3156,748,,,1,30,,3157,748,,,1,70,,3158,748,,,1,30,,3159,748,,,1,70,,3160,748,,,1,30,,3161,748,,,1,70,,3162,748,,,1,30,,3163,748,,,1,71,,3164,808,,,1,30,,3165,808,,,1,70,,3166,808,,,1,30,,3167,808,,,1,70,,3168,808,,,1,32,,3169,943,,,1,70,,3170,943,,,1,30,,3171,943,,,1,70,,3172,943,,,1,29,,3173,883,,,1,70,,3174,883,,,1,30,,3175,883,,,1,69,,3176,808,,,1,30,,3177,808,,,1,453,,3178,808,,,1,30,,3179,808,,,1
4001,'9',739,,3180,808,,,1,100,,3181,808,,,1,100,,3182,808,,,1,100,,3183,808,,,1,100,,3184,823,,,1,100,,3185,823,,,1,100,,3186,823,,,1,100,,3187,823,,,1,100,,3188,823,,,1,100,,3189,823,,,1,100,,3190,823,,,1,100,,3191,823,,,1,100,,3192,823,,,1
6500,'2',632,,3886,808,,,1,70,,3887,808,,,1,30,,3888,808,,,1,70,,3889,808,,,1,30,,3890,808,,,1,70,,3891,808,,,1,30,,3892,808,,,1,70,,3893,808,,,1,29,,3894,748,,,1,70,,3895,748,,,1,30,,3896,748,,,1,70,,3897,748,,,1,31,,3898,808,,,1,70,,3899,808,,,1,30,,3900,808,,,1,70,,3901,808,,,1,30,,3902,808,,,1,71,,3903,883,,,1,30,,3904,883,,,1,70,,3905,883,,,1,30,,3906,883,,,1,70,,3907,883,,,1,30,,3908,883,,,1,70,,3909,883,,,1,29,,3910,823,,,1,70,,3911,823,,,1,30,,3912,823,,,1,70,,3913,823,,,1,29,,3914,748,,,1,70,,3915,748,,,1,30,,3916,748,,,1,70,,3917,748,,,1,30,,3918,748,,,1
6500,'3',632,,3919,808,,,1,70,,3920,808,,,1,30,,3921,808,,,1,70,,3922,808,,,1,30,,3923,808,,,1,70,,3924,808,,,1,30,,3925,808,,,1,70,,3926,808,,,1,29,,3927,748,,,1,70,,3928,748,,,1,30,,3929,748,,,1,70,,3930,748,,,1,31,,3931,808,,,1,70,,3932,808,,,1,30,,3933,808,,,1,70,,3934,808,,,1,30,,3935,808,,,1,71,,3936,883,,,1,30,,3937,883,,,1,70,,3938,883,,,1,30,,3939,883,,,1,70,,3940,883,,,1,30,,3941,883,,,1,70,,3942,883,,,1,29,,3943,823,,,1,70,,3944,823,,,1,30,,3945,823,,,1,70,,3946,823,,,1,29,,3947,748,,,1,70,,3948,748,,,1,30,,3949,748,,,1,70,,3950,748,,,1,30,,3951,748,,,1
6500,'4',632,,3952,808,,,1,70,,3953,808,,,1,30,,3954,808,,,1,70,,3955,808,,,1,30,,3956,808,,,1,70,,3957,808,,,1,30,,3958,808,,,1,70,,3959,808,,,1,29,,3960,748,,,1,70,,3961,748,,,1,30,,3962,748,,,1,70,,3963,748,,,1,31,,3964,808,,,1,70,,3965,808,,,1,30,,3966,808,,,1,70,,3967,808,,,1,30,,3968,808,,,1,71,,3969,883,,,1,30,,3970,883,,,1,70,,3971,883,,,1,30,,3972,883,,,1,70,,3973,883,,,1,30,,3974,883,,,1,70,,3975,883,,,1,29,,3976,823,,,1,70,,3977,823,,,1,30,,3978,823,,,1,70,,3979,823,,,1,29,,3980,748,,,1,70,,3981,748,,,1,30,,3982,748,,,1,70,,3983,748,,,1,30,,3984,748,,,1
6500,'5',632,,3985,808,,,1,70,,3986,808,,,1,30,,3987,808,,,1,70,,3988,808,,,1,30,,3989,808,,,1,70,,3990,808,,,1,30,,3991,808,,,1,70,,3992,808,,,1,29,,3993,748,,,1,70,,3994,748,,,1,30,,3995,748,,,1,70,,3996,748,,,1,31,,3997,808,,,1,70,,3998,808,,,1,30,,3999,808,,,1,70,,4000,808,,,1,30,,4001,808,,,1,71,,4002,883,,,1,30,,4003,883,,,1,70,,4004,883,,,1,30,,4005,883,,,1,70,,4006,883,,,1,30,,4007,883,,,1,70,,4008,883,,,1,29,,4009,823,,,1,70,,4010,823,,,1,30,,4011,823,,,1,70,,4012,823,,,1,29,,4013,748,,,1,70,,4014,748,,,1,30,,4015,748,,,1,70,,4016,748,,,1,30,,4017,748,,,1
6500,'6',632,,4018,808,,,1,70,,4019,808,,,1,30,,4020,808,,,1,70,,4021,808,,,1,30,,4022,808,,,1,70,,4023,808,,,1,30,,4024,808,,,1,70,,4025,808,,,1,29,,4026,748,,,1,70,,4027,748,,,1,30,,4028,748,,,1,70,,4029,748,,,1,31,,4030,808,,,1,70,,4031,808,,,1,30,,4032,808,,,1,70,,4033,808,,,1,30,,4034,808,,,1,71,,4035,883,,,1,30,,4036,883,,,1,70,,4037,883,,,1,30,,4038,883,,,1,70,,4039,883,,,1,30,,4040,883,,,1,70,,4041,883,,,1,29,,4042,823,,,1,70,,4043,823,,,1,30,,4044,823,,,1,70,,4045,823,,,1,29,,4046,748,,,1,70,,4047,748,,,1,30,,4048,748,,,1,70,,4049,748,,,1,30,,4050,748,,,1
6500,'9',810,,4051,748,,,1,100,,4052,748,,,1,100,,4053,748,,,1,100,,4054,748,,,1,101,,4055,808,,,1,100,,4056,808,,,1,100,,4057,808,,,1,100,,4058,808,,,1,101,,4059,883,,,1,100,,4060,883,,,1,100,,4061,883,,,1,100,,4062,883,,,1
