4001,'2',640,,3040,2192,,,1,70,,3041,2192,,,1,30,,3042,2192,,,1,71,,3043,2241,,,1,30,,3044,2241,,,1,70,,3045,2241,,,1,30,,3046,2241,,,1,70,,3047,2241,,,1,31,,3048,2290,,,1,70,,3049,2290,,,1,30,,3050,2290,,,1,70,,3051,2290,,,1,32,,3052,2410,,,1,70,,3053,2410,,,1,30,,3054,2410,,,1,70,,3055,2410,,,1,30,,3056,2410,,,1,74,,3057,2699,,,1,30,,3058,2699,,,1,70,,3059,2699,,,1,30,,3060,2699,,,1,67,,3061,2481,,,1,30,,3062,2481,,,1,70,,3063,2481,,,1,27,,3064,2312,,,1,70,,3065,2312,,,1,409,,3066,2094,,,1,30,,3067,2094,,,1
4001,'3',640,,3068,2192,,,1,70,,3069,2192,,,1,30,,3070,2192,,,1,71,,3071,2241,,,1,30,,3072,2241,,,1,70,,3073,2241,,,1,30,,3074,2241,,,1,70,,3075,2241,,,1,31,,3076,2290,,,1,70,,3077,2290,,,1,30,,3078,2290,,,1,70,,3079,2290,,,1,32,,3080,2410,,,1,70,,3081,2410,,,1,30,,3082,2410,,,1,70,,3083,2410,,,1,30,,3084,2410,,,1,74,,3085,2699,,,1,30,,3086,2699,,,1,70,,3087,2699,,,1,30,,3088,2699,,,1,67,,3089,2481,,,1,30,,3090,2481,,,1,70,,3091,2481,,,1,27,,3092,2312,,,1,70,,3093,2312,,,1,409,,3094,2094,,,1,30,,3095,2094,,,1
4001,'4',640,,3096,2192,,,1,70,,3097,2192,,,1,30,,3098,2192,,,1,71,,3099,2241,,,1,30,,3100,2241,,,1,70,,3101,2241,,,1,30,,3102,2241,,,1,70,,3103,2241,,,1,31,,3104,2290,,,1,70,,3105,2290,,,1,30,,3106,2290,,,1,70,,3107,2290,,,1,32,,3108,2410,,,1,70,,3109,2410,,,1,30,,3110,2410,,,1,70,,3111,2410,,,1,30,,3112,2410,,,1,74,,3113,2699,,,1,30,,3114,2699,,,1,70,,3115,2699,,,1,30,,3116,2699,,,1,67,,3117,2481,,,1,30,,3118,2481,,,1,70,,3119,2481,,,1,27,,3120,2312,,,1,70,,3121,2312,,,1,409,,3122,2094,,,1,30,,3123,2094,,,1
4001,'5',640,,3124,2192,,,1,70,,3125,2192,,,1,30,,3126,2192,,,1,71,,3127,2241,,,1,30,,3128,2241,,,1,70,,3129,2241,,,1,30,,3130,2241,,,1,70,,3131,2241,,,1,31,,3132,2290,,,1,70,,3133,2290,,,1,30,,3134,2290,,,1,70,,3135,2290,,,1,32,,3136,2410,,,1,70,,3137,2410,,,1,30,,3138,2410,,,1,70,,3139,2410,,,1,30,,3140,2410,,,1,74,,3141,2699,,,1,30,,3142,2699,,,1,70,,3143,2699,,,1,30,,3144,2699,,,1,67,,3145,2481,,,1,30,,3146,2481,,,1,70,,3147,2481,,,1,27,,3148,2312,,,1,70,,3149,2312,,,1,409,,3150,2094,,,1,30,,3151,2094,,,1
4001,'6',640,,3152,2192,,,1,70,,3153,2192,,,1,30,,3154,2192,,,1,71,,3155,2241,,,1,30,,3156,2241,,,1,70,,3157,2241,,,1,30,,3158,2241,,,1,70,,3159,2241,,,1,31,,3160,2290,,,1,70,,3161,2290,,,1,30,,3162,2290,,,1,70,,3163,2290,,,1,32,,3164,2410,,,1,70,,3165,2410,,,1,30,,3166,2410,,,1,70,,3167,2410,,,1,30,,3168,2410,,,1,74,,3169,2699,,,1,30,,3170,2699,,,1,70,,3171,2699,,,1,30,,3172,2699,,,1,67,,3173,2481,,,1,30,,3174,2481,,,1,70,,3175,2481,,,1,27,,3176,2312,,,1,70,,3177,2312,,,1,409,,3178,2094,,,1,30,,3179,2094,,,1
4001,'9',804,,3180,2312,,,1,100,,3181,2312,,,1,100,,3182,2312,,,1,100,,3183,2312,,,1,102,,3184,2421,,,1,100,,3185,2421,,,1,100,,3186,2421,,,1,100,,3187,2421,,,1,100,,3188,2421,,,1,100,,3189,2421,,,1,100,,3190,2421,,,1,100,,3191,2421,,,1,100,,3192,2421,,,1
6501,'2',658,,4063,2181,,,1,70,,4064,2181,,,1,30,,4065,2181,,,1,71,,4066,2241,,,1,30,,4067,2241,,,1,70,,4068,2241,,,1,30,,4069,2241,,,1,70,,4070,2241,,,1,71,,4071,2290,,,1,30,,4072,2290,,,1,70,,4073,2290,,,1,30,,4074,2290,,,1,29,,4075,2241,,,1,70,,4076,2241,,,1,30,,4077,2241,,,1,70,,4078,2241,,,1,73,,4079,2410,,,1,30,,4080,2410,,,1,70,,4081,2410,,,1,30,,4082,2410,,,1,70,,4083,2410,,,1,28,,4084,2301,,,1,70,,4085,2301,,,1,30,,4086,2301,,,1,28,,4087,2192,,,1,70,,4088,2192,,,1,30,,4089,2192,,,1,70,,4090,2192,,,1,29,,4091,2132,,,1,70,,4092,2132,,,1,30,,4093,2132,,,1,70,,4094,2132,,,1,29,,4095,2072,,,1
6501,'3',658,,4096,2181,,,1,70,,4097,2181,,,1,30,,4098,2181,,,1,71,,4099,2241,,,1,30,,4100,2241,,,1,70,,4101,2241,,,1,30,,4102,2241,,,1,70,,4103,2241,,,1,71,,4104,2290,,,1,30,,4105,2290,,,1,70,,4106,2290,,,1,30,,4107,2290,,,1,29,,4108,2241,,,1,70,,4109,2241,,,1,30,,4110,2241,,,1,70,,4111,2241,,,1,73,,4112,2410,,,1,30,,4113,2410,,,1,70,,4114,2410,,,1,30,,4115,2410,,,1,70,,4116,2410,,,1,28,,4117,2301,,,1,70,,4118,2301,,,1,30,,4119,2301,,,1,28,,4120,2192,,,1,70,,4121,2192,,,1,30,,4122,2192,,,1,70,,4123,2192,,,1,29,,4124,2132,,,1,70,,4125,2132,,,1,30,,4126,2132,,,1,70,,4127,2132,,,1,29,,4128,2072,,,1
6501,'4',658,,4129,2181,,,1,70,,4130,2181,,,1,30,,4131,2181,,,1,71,,4132,2241,,,1,30,,4133,2241,,,1,70,,4134,2241,,,1,30,,4135,2241,,,1,70,,4136,2241,,,1,71,,4137,2290,,,1,30,,4138,2290,,,1,70,,4139,2290,,,1,30,,4140,2290,,,1,29,,4141,2241,,,1,70,,4142,2241,,,1,30,,4143,2241,,,1,70,,4144,2241,,,1,73,,4145,2410,,,1,30,,4146,2410,,,1,70,,4147,2410,,,1,30,,4148,2410,,,1,70,,4149,2410,,,1,28,,4150,2301,,,1,70,,4151,2301,,,1,30,,4152,2301,,,1,28,,4153,2192,,,1,70,,4154,2192,,,1,30,,4155,2192,,,1,70,,4156,2192,,,1,29,,4157,2132,,,1,70,,4158,2132,,,1,30,,4159,2132,,,1,70,,4160,2132,,,1,29,,4161,2072,,,1
6501,'5',658,,4162,2181,,,1,70,,4163,2181,,,1,30,,4164,2181,,,1,71,,4165,2241,,,1,30,,4166,2241,,,1,70,,4167,2241,,,1,30,,4168,2241,,,1,70,,4169,2241,,,1,71,,4170,2290,,,1,30,,4171,2290,,,1,70,,4172,2290,,,1,30,,4173,2290,,,1,29,,4174,2241,,,1,70,,4175,2241,,,1,30,,4176,2241,,,1,70,,4177,2241,,,1,73,,4178,2410,,,1,30,,4179,2410,,,1,70,,4180,2410,,,1,30,,4181,2410,,,1,70,,4182,2410,,,1,28,,4183,2301,,,1,70,,4184,2301,,,1,30,,4185,2301,,,1,28,,4186,2192,,,1,70,,4187,2192,,,1,30,,4188,2192,,,1,70,,4189,2192,,,1,29,,4190,2132,,,1,70,,4191,2132,,,1,30,,4192,2132,,,1,70,,4193,2132,,,1,29,,4194,2072,,,1
6501,'6',658,,4195,2181,,,1,70,,4196,2181,,,1,30,,4197,2181,,,1,71,,4198,2241,,,1,30,,4199,2241,,,1,70,,4200,2241,,,1,30,,4201,2241,,,1,70,,4202,2241,,,1,71,,4203,2290,,,1,30,,4204,2290,,,1,70,,4205,2290,,,1,30,,4206,2290,,,1,29,,4207,2241,,,1,70,,4208,2241,,,1,30,,4209,2241,,,1,70,,4210,2241,,,1,73,,4211,2410,,,1,30,,4212,2410,,,1,70,,4213,2410,,,1,30,,4214,2410,,,1,70,,4215,2410,,,1,28,,4216,2301,,,1,70,,4217,2301,,,1,30,,4218,2301,,,1,28,,4219,2192,,,1,70,,4220,2192,,,1,30,,4221,2192,,,1,70,,4222,2192,,,1,29,,4223,2132,,,1,70,,4224,2132,,,1,30,,4225,2132,,,1,70,,4226,2132,,,1,29,,4227,2072,,,1
6501,'9',834,,4228,2023,,,1,100,,4229,2023,,,1,100,,4230,2023,,,1,103,,4231,2181,,,1,100,,4232,2181,,,1,100,,4233,2181,,,1,100,,4234,2181,,,1,100,,4235,2181,,,1,100,,4236,2181,,,1,100,,4237,2181,,,1,100,,4238,2181,,,1,100,,4239,2181,,,1
