4001,'2',634,,3040,1853,,,1,70,,3041,1853,,,1,30,,3042,1853,,,1,71,,3043,1860,,,1,30,,3044,1860,,,1,70,,3045,1860,,,1,30,,3046,1860,,,1,70,,3047,1860,,,1,30,,3048,1867,,,1,70,,3049,1867,,,1,30,,3050,1867,,,1,70,,3051,1867,,,1,32,,3052,1987,,,1,70,,3053,1987,,,1,30,,3054,1987,,,1,70,,3055,1987,,,1,30,,3056,1987,,,1,74,,3057,2233,,,1,30,,3058,2233,,,1,70,,3059,2233,,,1,30,,3060,2233,,,1,68,,3061,2100,,,1,30,,3062,2100,,,1,70,,3063,2100,,,1,27,,3064,1973,,,1,70,,3065,1973,,,1,411,,3066,1840,,,1,30,,3067,1840,,,1
4001,'3',634,,3068,1853,,,1,70,,3069,1853,,,1,30,,3070,1853,,,1,71,,3071,1860,,,1,30,,3072,1860,,,1,70,,3073,1860,,,1,30,,3074,1860,,,1,70,,3075,1860,,,1,30,,3076,1867,,,1,70,,3077,1867,,,1,30,,3078,1867,,,1,70,,3079,1867,,,1,32,,3080,1987,,,1,70,,3081,1987,,,1,30,,3082,1987,,,1,70,,3083,1987,,,1,30,,3084,1987,,,1,74,,3085,2233,,,1,30,,3086,2233,,,1,70,,3087,2233,,,1,30,,3088,2233,,,1,68,,3089,2100,,,1,30,,3090,2100,,,1,70,,3091,2100,,,1,27,,3092,1973,,,1,70,,3093,1973,,,1,411,,3094,1840,,,1,30,,3095,1840,,,1
4001,'4',634,,3096,1853,,,1,70,,3097,1853,,,1,30,,3098,1853,,,1,71,,3099,1860,,,1,30,,3100,1860,,,1,70,,3101,1860,,,1,30,,3102,1860,,,1,70,,3103,1860,,,1,30,,3104,1867,,,1,70,,3105,1867,,,1,30,,3106,1867,,,1,70,,3107,1867,,,1,32,,3108,1987,,,1,70,,3109,1987,,,1,30,,3110,1987,,,1,70,,3111,1987,,,1,30,,3112,1987,,,1,74,,3113,2233,,,1,30,,3114,2233,,,1,70,,3115,2233,,,1,30,,3116,2233,,,1,68,,3117,2100,,,1,30,,3118,2100,,,1,70,,3119,2100,,,1,27,,3120,1973,,,1,70,,3121,1973,,,1,411,,3122,1840,,,1,30,,3123,1840,,,1
4001,'5',634,,3124,1853,,,1,70,,3125,1853,,,1,30,,3126,1853,,,1,71,,3127,1860,,,1,30,,3128,1860,,,1,70,,3129,1860,,,1,30,,3130,1860,,,1,70,,3131,1860,,,1,30,,3132,1867,,,1,70,,3133,1867,,,1,30,,3134,1867,,,1,70,,3135,1867,,,1,32,,3136,1987,,,1,70,,3137,1987,,,1,30,,3138,1987,,,1,70,,3139,1987,,,1,30,,3140,1987,,,1,74,,3141,2233,,,1,30,,3142,2233,,,1,70,,3143,2233,,,1,30,,3144,2233,,,1,68,,3145,2100,,,1,30,,3146,2100,,,1,70,,3147,2100,,,1,27,,3148,1973,,,1,70,,3149,1973,,,1,411,,3150,1840,,,1,30,,3151,1840,,,1
4001,'6',634,,3152,1853,,,1,70,,3153,1853,,,1,30,,3154,1853,,,1,71,,3155,1860,,,1,30,,3156,1860,,,1,70,,3157,1860,,,1,30,,3158,1860,,,1,70,,3159,1860,,,1,30,,3160,1867,,,1,70,,3161,1867,,,1,30,,3162,1867,,,1,70,,3163,1867,,,1,32,,3164,1987,,,1,70,,3165,1987,,,1,30,,3166,1987,,,1,70,,3167,1987,,,1,30,,3168,1987,,,1,74,,3169,2233,,,1,30,,3170,2233,,,1,70,,3171,2233,,,1,30,,3172,2233,,,1,68,,3173,2100,,,1,30,,3174,2100,,,1,70,,3175,2100,,,1,27,,3176,1973,,,1,70,,3177,1973,,,1,411,,3178,1840,,,1,30,,3179,1840,,,1
4001,'9',758,,3180,1973,,,1,100,,3181,1973,,,1,100,,3182,1973,,,1,100,,3183,1973,,,1,142,,3184,2040,,,1,100,,3185,2040,,,1,100,,3186,2040,,,1,100,,3187,2040,,,1,100,,3188,2040,,,1,100,,3189,2040,,,1,100,,3190,2040,,,1,100,,3191,2040,,,1,100,,3192,2040,,,1
6501,'2',652,,4063,1800,,,1,70,,4064,1800,,,1,30,,4065,1800,,,1,71,,4066,1860,,,1,30,,4067,1860,,,1,70,,4068,1860,,,1,30,,4069,1860,,,1,70,,4070,1860,,,1,30,,4071,1867,,,1,70,,4072,1867,,,1,30,,4073,1867,,,1,70,,4074,1867,,,1,30,,4075,1860,,,1,70,,4076,1860,,,1,30,,4077,1860,,,1,70,,4078,1860,,,1,32,,4079,1987,,,1,70,,4080,1987,,,1,30,,4081,1987,,,1,70,,4082,1987,,,1,30,,4083,1987,,,1,69,,4084,1920,,,1,30,,4085,1920,,,1,70,,4086,1920,,,1,28,,4087,1853,,,1,70,,4088,1853,,,1,30,,4089,1853,,,1,70,,4090,1853,,,1,29,,4091,1793,,,1,70,,4092,1793,,,1,30,,4093,1793,,,1,70,,4094,1793,,,1,29,,4095,1733,,,1
6501,'3',652,,4096,1800,,,1,70,,4097,1800,,,1,30,,4098,1800,,,1,71,,4099,1860,,,1,30,,4100,1860,,,1,70,,4101,1860,,,1,30,,4102,1860,,,1,70,,4103,1860,,,1,30,,4104,1867,,,1,70,,4105,1867,,,1,30,,4106,1867,,,1,70,,4107,1867,,,1,30,,4108,1860,,,1,70,,4109,1860,,,1,30,,4110,1860,,,1,70,,4111,1860,,,1,32,,4112,1987,,,1,70,,4113,1987,,,1,30,,4114,1987,,,1,70,,4115,1987,,,1,30,,4116,1987,,,1,69,,4117,1920,,,1,30,,4118,1920,,,1,70,,4119,1920,,,1,28,,4120,1853,,,1,70,,4121,1853,,,1,30,,4122,1853,,,1,70,,4123,1853,,,1,29,,4124,1793,,,1,70,,4125,1793,,,1,30,,4126,1793,,,1,70,,4127,1793,,,1,29,,4128,1733,,,1
6501,'4',652,,4129,1800,,,1,70,,4130,1800,,,1,30,,4131,1800,,,1,71,,4132,1860,,,1,30,,4133,1860,,,1,70,,4134,1860,,,1,30,,4135,1860,,,1,70,,4136,1860,,,1,30,,4137,1867,,,1,70,,4138,1867,,,1,30,,4139,1867,,,1,70,,4140,1867,,,1,30,,4141,1860,,,1,70,,4142,1860,,,1,30,,4143,1860,,,1,70,,4144,1860,,,1,32,,4145,1987,,,1,70,,4146,1987,,,1,30,,4147,1987,,,1,70,,4148,1987,,,1,30,,4149,1987,,,1,69,,4150,1920,,,1,30,,4151,1920,,,1,70,,4152,1920,,,1,28,,4153,1853,,,1,70,,4154,1853,,,1,30,,4155,1853,,,1,70,,4156,1853,,,1,29,,4157,1793,,,1,70,,4158,1793,,,1,30,,4159,1793,,,1,70,,4160,1793,,,1,29,,4161,1733,,,1
6501,'5',652,,4162,1800,,,1,70,,4163,1800,,,1,30,,4164,1800,,,1,71,,4165,1860,,,1,30,,4166,1860,,,1,70,,4167,1860,,,1,30,,4168,1860,,,1,70,,4169,1860,,,1,30,,4170,1867,,,1,70,,4171,1867,,,1,30,,4172,1867,,,1,70,,4173,1867,,,1,30,,4174,1860,,,1,70,,4175,1860,,,1,30,,4176,1860,,,1,70,,4177,1860,,,1,32,,4178,1987,,,1,70,,4179,1987,,,1,30,,4180,1987,,,1,70,,4181,1987,,,1,30,,4182,1987,,,1,69,,4183,1920,,,1,30,,4184,1920,,,1,70,,4185,1920,,,1,28,,4186,1853,,,1,70,,4187,1853,,,1,30,,4188,1853,,,1,70,,4189,1853,,,1,29,,4190,1793,,,1,70,,4191,1793,,,1,30,,4192,1793,,,1,70,,4193,1793,,,1,29,,4194,1733,,,1
6501,'6',652,,4195,1800,,,1,70,,4196,1800,,,1,30,,4197,1800,,,1,71,,4198,1860,,,1,30,,4199,1860,,,1,70,,4200,1860,,,1,30,,4201,1860,,,1,70,,4202,1860,,,1,30,,4203,1867,,,1,70,,4204,1867,,,1,30,,4205,1867,,,1,70,,4206,1867,,,1,30,,4207,1860,,,1,70,,4208,1860,,,1,30,,4209,1860,,,1,70,,4210,1860,,,1,32,,4211,1987,,,1,70,,4212,1987,,,1,30,,4213,1987,,,1,70,,4214,1987,,,1,30,,4215,1987,,,1,69,,4216,1920,,,1,30,,4217,1920,,,1,70,,4218,1920,,,1,28,,4219,1853,,,1,70,,4220,1853,,,1,30,,4221,1853,,,1,70,,4222,1853,,,1,29,,4223,1793,,,1,70,,4224,1793,,,1,30,,4225,1793,,,1,70,,4226,1793,,,1,29,,4227,1733,,,1
6501,'9',829,,4228,1727,,,1,100,,4229,1727,,,1,100,,4230,1727,,,1,102,,4231,1800,,,1,100,,4232,1800,,,1,100,,4233,1800,,,1,100,,4234,1800,,,1,100,,4235,1800,,,1,100,,4236,1800,,,1,100,,4237,1800,,,1,100,,4238,1800,,,1,100,,4239,1800,,,1
8500,'2',613,,4240,1004,,,1,100,,4241,1004,,,1,102,,4242,1131,,,1,100,,4243,1131,,,1,98,,4244,1011,,,1,100,,4245,1011,,,1,100,,4246,1011,,,1,100,,4247,1011,,,1,100,,4248,1011,,,1,104,,4249,1251,,,1,100,,4250,1251,,,1,99,,4251,1191,,,1,100,,4252,1191,,,1,98,,4253,1064,,,1,100,,4254,1064,,,1,98,,4255,944,,,1,100,,4256,944,,,1,100,,4257,936,,,1
8500,'3',613,,4258,1004,,,1,100,,4259,1004,,,1,102,,4260,1131,,,1,100,,4261,1131,,,1,98,,4262,1011,,,1,100,,4263,1011,,,1,100,,4264,1011,,,1,100,,4265,1011,,,1,100,,4266,1011,,,1,104,,4267,1251,,,1,100,,4268,1251,,,1,99,,4269,1191,,,1,100,,4270,1191,,,1,98,,4271,1064,,,1,100,,4272,1064,,,1,98,,4273,944,,,1,100,,4274,944,,,1,100,,4275,936,,,1
8500,'4',613,,4276,1004,,,1,100,,4277,1004,,,1,102,,4278,1131,,,1,100,,4279,1131,,,1,98,,4280,1011,,,1,100,,4281,1011,,,1,100,,4282,1011,,,1,100,,4283,1011,,,1,100,,4284,1011,,,1,104,,4285,1251,,,1,100,,4286,1251,,,1,99,,4287,1191,,,1,100,,4288,1191,,,1,98,,4289,1064,,,1,100,,4290,1064,,,1,98,,4291,944,,,1,100,,4292,944,,,1,100,,4293,936,,,1
8500,'5',613,,4294,1004,,,1,100,,4295,1004,,,1,102,,4296,1131,,,1,100,,4297,1131,,,1,98,,4298,1011,,,1,100,,4299,1011,,,1,100,,4300,1011,,,1,100,,4301,1011,,,1,100,,4302,1011,,,1,104,,4303,1251,,,1,100,,4304,1251,,,1,99,,4305,1191,,,1,100,,4306,1191,,,1,98,,4307,1064,,,1,100,,4308,1064,,,1,98,,4309,944,,,1,100,,4310,944,,,1,100,,4311,936,,,1
8500,'6',613,,4312,1004,,,1,100,,4313,1004,,,1,102,,4314,1131,,,1,100,,4315,1131,,,1,98,,4316,1011,,,1,100,,4317,1011,,,1,100,,4318,1011,,,1,100,,4319,1011,,,1,100,,4320,1011,,,1,104,,4321,1251,,,1,100,,4322,1251,,,1,99,,4323,1191,,,1,100,,4324,1191,,,1,98,,4325,1064,,,1,100,,4326,1064,,,1,98,,4327,944,,,1,100,,4328,944,,,1,100,,4329,936,,,1
8500,'9',824,,4330,1011,,,1,100,,4331,1011,,,1,100,,4332,1011,,,1,101,,4333,1071,,,1,100,,4334,1071,,,1,100,,4335,1071,,,1,100,,4336,1071,,,1,100,,4337,1071,,,1,100,,4338,1071,,,1,100,,4339,1071,,,1,100,,4340,1071,,,1,100,,4341,1071,,,1
