2501,'2',606,,1659,270,,,1,30,,1660,270,,,1,70,,1661,270,,,1,31,,1662,350,,,1,70,,1663,350,,,1,30,,1664,350,,,1,69,,1665,350,,,1,29,,1666,350,,,1,70,,1667,410,,,1,29,,1668,410,,,1,69,,1669,410,,,1,29,,1670,410,,,1,70,,1671,410,,,1,29,,1672,410,,,1,69,,1673,410,,,1,29,,1674,410,,,1,29,,1675,410,,,1,71,,1676,470,,,1,30,,1677,470,,,1,71,,1678,470,,,1,71,,1679,470,,,1,31,,1680,470,,,1,70,,1681,410,,,1,31,,1682,410,,,1,72,,1683,410,,,1,30,,1684,340,,,1,70,,1685,340,,,1,30,,1686,340,,,1,70,,1687,340,,,1,29,,1688,280,,,1,70,,1689,280,,,1,30,,1690,280,,,1,70,,1691,280,,,1,30,,1692,280,,,1,70,,1693,280,,,1
2501,'3',606,,1694,270,,,1,30,,1695,270,,,1,70,,1696,270,,,1,31,,1697,350,,,1,70,,1698,350,,,1,30,,1699,350,,,1,69,,1700,350,,,1,29,,1701,350,,,1,70,,1702,410,,,1,29,,1703,410,,,1,69,,1704,410,,,1,29,,1705,410,,,1,70,,1706,410,,,1,29,,1707,410,,,1,69,,1708,410,,,1,29,,1709,410,,,1,29,,1710,410,,,1,71,,1711,470,,,1,30,,1712,470,,,1,71,,1713,470,,,1,71,,1714,470,,,1,31,,1715,470,,,1,70,,1716,410,,,1,31,,1717,410,,,1,72,,1718,410,,,1,30,,1719,340,,,1,70,,1720,340,,,1,30,,1721,340,,,1,70,,1722,340,,,1,29,,1723,280,,,1,70,,1724,280,,,1,30,,1725,280,,,1,70,,1726,280,,,1,30,,1727,280,,,1,70,,1728,280,,,1
2501,'4',606,,1729,270,,,1,30,,1730,270,,,1,70,,1731,270,,,1,31,,1732,350,,,1,70,,1733,350,,,1,30,,1734,350,,,1,69,,1735,350,,,1,29,,1736,350,,,1,70,,1737,410,,,1,29,,1738,410,,,1,69,,1739,410,,,1,29,,1740,410,,,1,70,,1741,410,,,1,29,,1742,410,,,1,69,,1743,410,,,1,29,,1744,410,,,1,29,,1745,410,,,1,71,,1746,470,,,1,30,,1747,470,,,1,71,,1748,470,,,1,71,,1749,470,,,1,31,,1750,470,,,1,70,,1751,410,,,1,31,,1752,410,,,1,72,,1753,410,,,1,30,,1754,340,,,1,70,,1755,340,,,1,30,,1756,340,,,1,70,,1757,340,,,1,29,,1758,280,,,1,70,,1759,280,,,1,30,,1760,280,,,1,70,,1761,280,,,1,30,,1762,280,,,1,70,,1763,280,,,1
2501,'5',606,,1764,270,,,1,30,,1765,270,,,1,70,,1766,270,,,1,31,,1767,350,,,1,70,,1768,350,,,1,30,,1769,350,,,1,69,,1770,350,,,1,29,,1771,350,,,1,70,,1772,410,,,1,29,,1773,410,,,1,69,,1774,410,,,1,29,,1775,410,,,1,70,,1776,410,,,1,29,,1777,410,,,1,69,,1778,410,,,1,29,,1779,410,,,1,29,,1780,410,,,1,71,,1781,470,,,1,30,,1782,470,,,1,71,,1783,470,,,1,71,,1784,470,,,1,31,,1785,470,,,1,70,,1786,410,,,1,31,,1787,410,,,1,72,,1788,410,,,1,30,,1789,340,,,1,70,,1790,340,,,1,30,,1791,340,,,1,70,,1792,340,,,1,29,,1793,280,,,1,70,,1794,280,,,1,30,,1795,280,,,1,70,,1796,280,,,1,30,,1797,280,,,1,70,,1798,280,,,1
2501,'6',606,,1799,270,,,1,30,,1800,270,,,1,70,,1801,270,,,1,31,,1802,350,,,1,70,,1803,350,,,1,30,,1804,350,,,1,69,,1805,350,,,1,29,,1806,350,,,1,70,,1807,410,,,1,29,,1808,410,,,1,69,,1809,410,,,1,29,,1810,410,,,1,70,,1811,410,,,1,29,,1812,410,,,1,69,,1813,410,,,1,29,,1814,410,,,1,29,,1815,410,,,1,71,,1816,470,,,1,30,,1817,470,,,1,71,,1818,470,,,1,71,,1819,470,,,1,31,,1820,470,,,1,70,,1821,410,,,1,31,,1822,410,,,1,72,,1823,410,,,1,30,,1824,340,,,1,70,,1825,340,,,1,30,,1826,340,,,1,70,,1827,340,,,1,29,,1828,280,,,1,70,,1829,280,,,1,30,,1830,280,,,1,70,,1831,280,,,1,30,,1832,280,,,1,70,,1833,280,,,1
2501,'9',808,,1834,280,,,1,31,,1835,280,,,1,71,,1836,280,,,1,30,,1837,280,,,1,70,,1838,280,,,1,30,,1839,280,,,1,71,,1840,340,,,1,30,,1841,340,,,1,70,,1842,340,,,1,30,,1843,340,,,1,70,,1844,340,,,1,30,,1845,340,,,1,70,,1846,340,,,1,30,,1847,340,,,1,71,,1848,400,,,1,30,,1849,400,,,1,70,,1850,400,,,1,30,,1851,400,,,1,70,,1852,400,,,1,30,,1853,400,,,1,70,,1854,400,,,1,100,,1855,400,,,1
5101,'2',621,,3370,831,,,1,30,,3371,831,,,1,70,,3372,831,,,1,33,,3373,1009,,,1,72,,3374,1009,,,1,32,,3375,1009,,,1,72,,3376,1009,,,1,72,,3377,1009,,,1,33,,3378,1069,,,1,72,,3379,1069,,,1,32,,3380,1069,,,1,72,,3381,1069,,,1,33,,3382,1069,,,1,73,,3383,1069,,,1,33,,3384,1069,,,1,72,,3385,1069,,,1,34,,3386,1098,,,1,73,,3387,1098,,,1,73,,3388,1098,,,1,33,,3389,1098,,,1,73,,3390,1129,,,1,33,,3391,1129,,,1,73,,3392,1129,,,1,32,,3393,1040,,,1,73,,3394,1040,,,1,32,,3395,1040,,,1,70,,3396,951,,,1,32,,3397,951,,,1,72,,3398,951,,,1,32,,3399,951,,,1,71,,3400,891,,,1
5101,'3',621,,3401,831,,,1,30,,3402,831,,,1,70,,3403,831,,,1,33,,3404,1009,,,1,72,,3405,1009,,,1,32,,3406,1009,,,1,72,,3407,1009,,,1,72,,3408,1009,,,1,33,,3409,1069,,,1,72,,3410,1069,,,1,32,,3411,1069,,,1,72,,3412,1069,,,1,33,,3413,1069,,,1,73,,3414,1069,,,1,33,,3415,1069,,,1,72,,3416,1069,,,1,34,,3417,1098,,,1,73,,3418,1098,,,1,73,,3419,1098,,,1,33,,3420,1098,,,1,73,,3421,1129,,,1,33,,3422,1129,,,1,73,,3423,1129,,,1,32,,3424,1040,,,1,73,,3425,1040,,,1,32,,3426,1040,,,1,70,,3427,951,,,1,32,,3428,951,,,1,72,,3429,951,,,1,32,,3430,951,,,1,71,,3431,891,,,1
5101,'4',621,,3432,831,,,1,30,,3433,831,,,1,70,,3434,831,,,1,33,,3435,1009,,,1,72,,3436,1009,,,1,32,,3437,1009,,,1,72,,3438,1009,,,1,72,,3439,1009,,,1,33,,3440,1069,,,1,72,,3441,1069,,,1,32,,3442,1069,,,1,72,,3443,1069,,,1,33,,3444,1069,,,1,73,,3445,1069,,,1,33,,3446,1069,,,1,72,,3447,1069,,,1,34,,3448,1098,,,1,73,,3449,1098,,,1,73,,3450,1098,,,1,33,,3451,1098,,,1,73,,3452,1129,,,1,33,,3453,1129,,,1,73,,3454,1129,,,1,32,,3455,1040,,,1,73,,3456,1040,,,1,32,,3457,1040,,,1,70,,3458,951,,,1,32,,3459,951,,,1,72,,3460,951,,,1,32,,3461,951,,,1,71,,3462,891,,,1
5101,'5',621,,3463,831,,,1,30,,3464,831,,,1,70,,3465,831,,,1,33,,3466,1009,,,1,72,,3467,1009,,,1,32,,3468,1009,,,1,72,,3469,1009,,,1,72,,3470,1009,,,1,33,,3471,1069,,,1,72,,3472,1069,,,1,32,,3473,1069,,,1,72,,3474,1069,,,1,33,,3475,1069,,,1,73,,3476,1069,,,1,33,,3477,1069,,,1,72,,3478,1069,,,1,34,,3479,1098,,,1,73,,3480,1098,,,1,73,,3481,1098,,,1,33,,3482,1098,,,1,73,,3483,1129,,,1,33,,3484,1129,,,1,73,,3485,1129,,,1,32,,3486,1040,,,1,73,,3487,1040,,,1,32,,3488,1040,,,1,70,,3489,951,,,1,32,,3490,951,,,1,72,,3491,951,,,1,32,,3492,951,,,1,71,,3493,891,,,1
5101,'6',621,,3494,831,,,1,30,,3495,831,,,1,70,,3496,831,,,1,33,,3497,1009,,,1,72,,3498,1009,,,1,32,,3499,1009,,,1,72,,3500,1009,,,1,72,,3501,1009,,,1,33,,3502,1069,,,1,72,,3503,1069,,,1,32,,3504,1069,,,1,72,,3505,1069,,,1,33,,3506,1069,,,1,73,,3507,1069,,,1,33,,3508,1069,,,1,72,,3509,1069,,,1,34,,3510,1098,,,1,73,,3511,1098,,,1,73,,3512,1098,,,1,33,,3513,1098,,,1,73,,3514,1129,,,1,33,,3515,1129,,,1,73,,3516,1129,,,1,32,,3517,1040,,,1,73,,3518,1040,,,1,32,,3519,1040,,,1,70,,3520,951,,,1,32,,3521,951,,,1,72,,3522,951,,,1,32,,3523,951,,,1,71,,3524,891,,,1
5101,'9',835,,3525,920,,,1,100,,3526,920,,,1,100,,3527,920,,,1,102,,3528,1038,,,1,100,,3529,1038,,,1,100,,3530,1038,,,1,100,,3531,1038,,,1,98,,3532,920,,,1,100,,3533,920,,,1,100,,3534,920,,,1,100,,3535,920,,,1,100,,3536,920,,,1
