1000,'2-v13',627,,1,,,1,15,,2,,,1,15,,3,,,1,55,,4,,,1,15,,5,,,1,15,,6,,,1,58,,7,,,1,15,,8,,,1,15,,9,,,1,15,,10,,,1,55,,11,,,1,15,,12,,,1,15,,13,,,1,15,,14,,,1,55,,15,,,1,15,,16,,,1,14,,17,,,1,15,,18,,,1,15,,19,,,1,55,,20,,,1,15,,21,,,1,15,,22,,,1,15,,23,,,1,55,,24,,,1,16,,25,,,1,15,,26,,,1,55,,27,,,1,15,,28,,,1,15,,29,,,1,15,,30,,,1,55,,31,,,1,15,,32,,,1,15,,33,,,1,19,,34,,,1,56,,35,,,1,16,,36,,,1,16,,37,,,1,16,,38,,,1,56,,39,,,1,16,,40,,,1,16,,41,,,1,16,,42,,,1,53,,43,,,1,16,,44,,,1,16,,45,,,1,16,,46,,,1,56,,47,,,1,13,,48,,,1,16,,49,,,1,15,,50,,,1,55,,51,,,1,15,,52,,,1,30,,53,,,1,68,,54,,,1,30,,55,,,1,70,,56,,,1,30,,57,,,1,68,,58,,,1,100,,59,,,1
1000,'3-v13',627,,60,,,1,15,,61,,,1,15,,62,,,1,55,,63,,,1,15,,64,,,1,15,,65,,,1,58,,66,,,1,15,,67,,,1,15,,68,,,1,15,,69,,,1,55,,70,,,1,15,,71,,,1,15,,72,,,1,15,,73,,,1,55,,74,,,1,15,,75,,,1,14,,76,,,1,15,,77,,,1,15,,78,,,1,55,,79,,,1,15,,80,,,1,15,,81,,,1,15,,82,,,1,55,,83,,,1,16,,84,,,1,15,,85,,,1,55,,86,,,1,15,,87,,,1,15,,88,,,1,15,,89,,,1,55,,90,,,1,15,,91,,,1,15,,92,,,1,19,,93,,,1,56,,94,,,1,16,,95,,,1,16,,96,,,1,16,,97,,,1,56,,98,,,1,16,,99,,,1,16,,100,,,1,16,,101,,,1,53,,102,,,1,16,,103,,,1,16,,104,,,1,16,,105,,,1,56,,106,,,1,13,,107,,,1,16,,108,,,1,15,,109,,,1,55,,110,,,1,15,,111,,,1,30,,112,,,1,68,,113,,,1,30,,114,,,1,70,,115,,,1,30,,116,,,1,68,,117,,,1,100,,118,,,1
1000,'4-v13',627,,119,,,1,15,,120,,,1,15,,121,,,1,55,,122,,,1,15,,123,,,1,15,,124,,,1,58,,125,,,1,15,,126,,,1,15,,127,,,1,15,,128,,,1,55,,129,,,1,15,,130,,,1,15,,131,,,1,15,,132,,,1,55,,133,,,1,15,,134,,,1,14,,135,,,1,15,,136,,,1,15,,137,,,1,55,,138,,,1,15,,139,,,1,15,,140,,,1,15,,141,,,1,55,,142,,,1,16,,143,,,1,15,,144,,,1,55,,145,,,1,15,,146,,,1,15,,147,,,1,15,,148,,,1,55,,149,,,1,15,,150,,,1,15,,151,,,1,19,,152,,,1,56,,153,,,1,16,,154,,,1,16,,155,,,1,16,,156,,,1,56,,157,,,1,16,,158,,,1,16,,159,,,1,16,,160,,,1,53,,161,,,1,16,,162,,,1,16,,163,,,1,16,,164,,,1,56,,165,,,1,13,,166,,,1,16,,167,,,1,15,,168,,,1,55,,169,,,1,15,,170,,,1,30,,171,,,1,68,,172,,,1,30,,173,,,1,70,,174,,,1,30,,175,,,1,68,,176,,,1,100,,177,,,1
1000,'5-v13',627,,178,,,1,15,,179,,,1,15,,180,,,1,55,,181,,,1,15,,182,,,1,15,,183,,,1,58,,184,,,1,15,,185,,,1,15,,186,,,1,15,,187,,,1,55,,188,,,1,15,,189,,,1,15,,190,,,1,15,,191,,,1,55,,192,,,1,15,,193,,,1,14,,194,,,1,15,,195,,,1,15,,196,,,1,55,,197,,,1,15,,198,,,1,15,,199,,,1,15,,200,,,1,55,,201,,,1,16,,202,,,1,15,,203,,,1,55,,204,,,1,15,,205,,,1,15,,206,,,1,15,,207,,,1,55,,208,,,1,15,,209,,,1,15,,210,,,1,19,,211,,,1,56,,212,,,1,16,,213,,,1,16,,214,,,1,16,,215,,,1,56,,216,,,1,16,,217,,,1,16,,218,,,1,16,,219,,,1,53,,220,,,1,16,,221,,,1,16,,222,,,1,16,,223,,,1,56,,224,,,1,13,,225,,,1,16,,226,,,1,15,,227,,,1,55,,228,,,1,15,,229,,,1,30,,230,,,1,68,,231,,,1,30,,232,,,1,70,,233,,,1,30,,234,,,1,68,,235,,,1,100,,236,,,1
1000,'6-v13',627,,237,,,1,15,,238,,,1,15,,239,,,1,55,,240,,,1,15,,241,,,1,15,,242,,,1,58,,243,,,1,15,,244,,,1,15,,245,,,1,15,,246,,,1,55,,247,,,1,15,,248,,,1,15,,249,,,1,15,,250,,,1,55,,251,,,1,15,,252,,,1,14,,253,,,1,15,,254,,,1,15,,255,,,1,55,,256,,,1,15,,257,,,1,15,,258,,,1,15,,259,,,1,55,,260,,,1,16,,261,,,1,15,,262,,,1,55,,263,,,1,15,,264,,,1,15,,265,,,1,15,,266,,,1,55,,267,,,1,15,,268,,,1,15,,269,,,1,19,,270,,,1,56,,271,,,1,16,,272,,,1,16,,273,,,1,16,,274,,,1,56,,275,,,1,16,,276,,,1,16,,277,,,1,16,,278,,,1,53,,279,,,1,16,,280,,,1,16,,281,,,1,16,,282,,,1,56,,283,,,1,13,,284,,,1,16,,285,,,1,15,,286,,,1,55,,287,,,1,15,,288,,,1,30,,289,,,1,68,,290,,,1,30,,291,,,1,70,,292,,,1,30,,293,,,1,68,,294,,,1,100,,295,,,1
1000,'9-v13',821,,296,,,1,30,,297,,,1,70,,298,,,1,30,,299,,,1,70,,300,,,1,30,,301,,,1,70,,302,,,1,32,,303,,,1,70,,304,,,1,30,,305,,,1,70,,306,,,1,30,,307,,,1,70,,308,,,1,30,,309,,,1,70,,310,,,1,31,,311,,,1,70,,312,,,1,30,,313,,,1,70,,314,,,1,30,,315,,,1,70,,316,,,1,30,,317,,,1,100,,318,,,1
5500,'2-v13',603,,3537,,,1,30,,3538,,,1,70,,3539,,,1,29,,3540,,,1,71,,3541,,,1,30,,3542,,,1,70,,3543,,,1,30,,3544,,,1,70,,3545,,,1,30,,3546,,,1,70,,3547,,,1,30,,3548,,,1,69,,3549,,,1,31,,3550,,,1,69,,3551,,,1,29,,3552,,,1,70,,3553,,,1,28,,3554,,,1,71,,3555,,,1,29,,3556,,,1,30,,3557,,,1,71,,3558,,,1,73,,3559,,,1,31,,3560,,,1,71,,3561,,,1,23,,3562,,,1,30,,3563,,,1,70,,3564,,,1,30,,3565,,,1,67,,3566,,,1,30,,3567,,,1,70,,3568,,,1,30,,3569,,,1
5500,'3-v13',603,,3570,,,1,30,,3571,,,1,70,,3572,,,1,29,,3573,,,1,71,,3574,,,1,30,,3575,,,1,70,,3576,,,1,30,,3577,,,1,70,,3578,,,1,30,,3579,,,1,70,,3580,,,1,30,,3581,,,1,69,,3582,,,1,31,,3583,,,1,69,,3584,,,1,29,,3585,,,1,70,,3586,,,1,28,,3587,,,1,71,,3588,,,1,29,,3589,,,1,30,,3590,,,1,71,,3591,,,1,73,,3592,,,1,31,,3593,,,1,71,,3594,,,1,23,,3595,,,1,30,,3596,,,1,70,,3597,,,1,30,,3598,,,1,67,,3599,,,1,30,,3600,,,1,70,,3601,,,1,30,,3602,,,1
5500,'4-v13',603,,3603,,,1,30,,3604,,,1,70,,3605,,,1,29,,3606,,,1,71,,3607,,,1,30,,3608,,,1,70,,3609,,,1,30,,3610,,,1,70,,3611,,,1,30,,3612,,,1,70,,3613,,,1,30,,3614,,,1,69,,3615,,,1,31,,3616,,,1,69,,3617,,,1,29,,3618,,,1,70,,3619,,,1,28,,3620,,,1,71,,3621,,,1,29,,3622,,,1,30,,3623,,,1,71,,3624,,,1,73,,3625,,,1,31,,3626,,,1,71,,3627,,,1,23,,3628,,,1,30,,3629,,,1,70,,3630,,,1,30,,3631,,,1,67,,3632,,,1,30,,3633,,,1,70,,3634,,,1,30,,3635,,,1
5500,'5-v13',603,,3636,,,1,30,,3637,,,1,70,,3638,,,1,29,,3639,,,1,71,,3640,,,1,30,,3641,,,1,70,,3642,,,1,30,,3643,,,1,70,,3644,,,1,30,,3645,,,1,70,,3646,,,1,30,,3647,,,1,69,,3648,,,1,31,,3649,,,1,69,,3650,,,1,29,,3651,,,1,70,,3652,,,1,28,,3653,,,1,71,,3654,,,1,29,,3655,,,1,30,,3656,,,1,71,,3657,,,1,73,,3658,,,1,31,,3659,,,1,71,,3660,,,1,23,,3661,,,1,30,,3662,,,1,70,,3663,,,1,30,,3664,,,1,67,,3665,,,1,30,,3666,,,1,70,,3667,,,1,30,,3668,,,1
5500,'6-v13',603,,3669,,,1,30,,3670,,,1,70,,3671,,,1,29,,3672,,,1,71,,3673,,,1,30,,3674,,,1,70,,3675,,,1,30,,3676,,,1,70,,3677,,,1,30,,3678,,,1,70,,3679,,,1,30,,3680,,,1,69,,3681,,,1,31,,3682,,,1,69,,3683,,,1,29,,3684,,,1,70,,3685,,,1,28,,3686,,,1,71,,3687,,,1,29,,3688,,,1,30,,3689,,,1,71,,3690,,,1,73,,3691,,,1,31,,3692,,,1,71,,3693,,,1,23,,3694,,,1,30,,3695,,,1,70,,3696,,,1,30,,3697,,,1,67,,3698,,,1,30,,3699,,,1,70,,3700,,,1,30,,3701,,,1
5500,'9-v13',807,,3702,,,1,100,,3703,,,1,100,,3704,,,1,100,,3705,,,1,102,,3706,,,1,100,,3707,,,1,100,,3708,,,1,100,,3709,,,1,101,,3710,,,1,100,,3711,,,1,100,,3712,,,1,100,,3713,,,1
