2501,'2',608,,1659,362,,,1,30,,1660,362,,,1,70,,1661,362,,,1,32,,1662,504,,,1,70,,1663,504,,,1,30,,1664,504,,,1,69,,1665,504,,,1,29,,1666,504,,,1,70,,1667,564,,,1,29,,1668,564,,,1,69,,1669,564,,,1,29,,1670,564,,,1,70,,1671,564,,,1,29,,1672,564,,,1,69,,1673,564,,,1,29,,1674,564,,,1,69,,1675,564,,,1,31,,1676,624,,,1,70,,1677,624,,,1,31,,1678,624,,,1,71,,1679,624,,,1,31,,1680,624,,,1,70,,1681,564,,,1,31,,1682,564,,,1,72,,1683,564,,,1,29,,1684,463,,,1,70,,1685,463,,,1,30,,1686,463,,,1,70,,1687,463,,,1,29,,1688,403,,,1,70,,1689,403,,,1,30,,1690,403,,,1,70,,1691,403,,,1,30,,1692,403,,,1,70,,1693,403,,,1
2501,'3',608,,1694,362,,,1,30,,1695,362,,,1,70,,1696,362,,,1,32,,1697,504,,,1,70,,1698,504,,,1,30,,1699,504,,,1,69,,1700,504,,,1,29,,1701,504,,,1,70,,1702,564,,,1,29,,1703,564,,,1,69,,1704,564,,,1,29,,1705,564,,,1,70,,1706,564,,,1,29,,1707,564,,,1,69,,1708,564,,,1,29,,1709,564,,,1,69,,1710,564,,,1,31,,1711,624,,,1,70,,1712,624,,,1,31,,1713,624,,,1,71,,1714,624,,,1,31,,1715,624,,,1,70,,1716,564,,,1,31,,1717,564,,,1,72,,1718,564,,,1,29,,1719,463,,,1,70,,1720,463,,,1,30,,1721,463,,,1,70,,1722,463,,,1,29,,1723,403,,,1,70,,1724,403,,,1,30,,1725,403,,,1,70,,1726,403,,,1,30,,1727,403,,,1,70,,1728,403,,,1
2501,'4',608,,1729,362,,,1,30,,1730,362,,,1,70,,1731,362,,,1,32,,1732,504,,,1,70,,1733,504,,,1,30,,1734,504,,,1,69,,1735,504,,,1,29,,1736,504,,,1,70,,1737,564,,,1,29,,1738,564,,,1,69,,1739,564,,,1,29,,1740,564,,,1,70,,1741,564,,,1,29,,1742,564,,,1,69,,1743,564,,,1,29,,1744,564,,,1,69,,1745,564,,,1,31,,1746,624,,,1,70,,1747,624,,,1,31,,1748,624,,,1,71,,1749,624,,,1,31,,1750,624,,,1,70,,1751,564,,,1,31,,1752,564,,,1,72,,1753,564,,,1,29,,1754,463,,,1,70,,1755,463,,,1,30,,1756,463,,,1,70,,1757,463,,,1,29,,1758,403,,,1,70,,1759,403,,,1,30,,1760,403,,,1,70,,1761,403,,,1,30,,1762,403,,,1,70,,1763,403,,,1
2501,'5',608,,1764,362,,,1,30,,1765,362,,,1,70,,1766,362,,,1,32,,1767,504,,,1,70,,1768,504,,,1,30,,1769,504,,,1,69,,1770,504,,,1,29,,1771,504,,,1,70,,1772,564,,,1,29,,1773,564,,,1,69,,1774,564,,,1,29,,1775,564,,,1,70,,1776,564,,,1,29,,1777,564,,,1,69,,1778,564,,,1,29,,1779,564,,,1,69,,1780,564,,,1,31,,1781,624,,,1,70,,1782,624,,,1,31,,1783,624,,,1,71,,1784,624,,,1,31,,1785,624,,,1,70,,1786,564,,,1,31,,1787,564,,,1,72,,1788,564,,,1,29,,1789,463,,,1,70,,1790,463,,,1,30,,1791,463,,,1,70,,1792,463,,,1,29,,1793,403,,,1,70,,1794,403,,,1,30,,1795,403,,,1,70,,1796,403,,,1,30,,1797,403,,,1,70,,1798,403,,,1
2501,'6',608,,1799,362,,,1,30,,1800,362,,,1,70,,1801,362,,,1,32,,1802,504,,,1,70,,1803,504,,,1,30,,1804,504,,,1,69,,1805,504,,,1,29,,1806,504,,,1,70,,1807,564,,,1,29,,1808,564,,,1,69,,1809,564,,,1,29,,1810,564,,,1,70,,1811,564,,,1,29,,1812,564,,,1,69,,1813,564,,,1,29,,1814,564,,,1,69,,1815,564,,,1,31,,1816,624,,,1,70,,1817,624,,,1,31,,1818,624,,,1,71,,1819,624,,,1,31,,1820,624,,,1,70,,1821,564,,,1,31,,1822,564,,,1,72,,1823,564,,,1,29,,1824,463,,,1,70,,1825,463,,,1,30,,1826,463,,,1,70,,1827,463,,,1,29,,1828,403,,,1,70,,1829,403,,,1,30,,1830,403,,,1,70,,1831,403,,,1,30,,1832,403,,,1,70,,1833,403,,,1
2501,'9',810,,1834,403,,,1,31,,1835,403,,,1,71,,1836,403,,,1,30,,1837,403,,,1,70,,1838,403,,,1,30,,1839,403,,,1,71,,1840,463,,,1,30,,1841,463,,,1,70,,1842,463,,,1,30,,1843,463,,,1,70,,1844,463,,,1,30,,1845,463,,,1,70,,1846,463,,,1,30,,1847,463,,,1,71,,1848,523,,,1,30,,1849,523,,,1,70,,1850,523,,,1,30,,1851,523,,,1,70,,1852,523,,,1,30,,1853,523,,,1,70,,1854,523,,,1,100,,1855,523,,,1
3101,'2',728,,2493,3336,,,1,31,,2494,3336,,,1,73,,2495,3430,,,1,71,,2496,3430,,,1,32,,2497,3430,,,1,72,,2498,3430,,,1,32,,2499,3430,,,1,72,,2500,3430,,,1,33,,2501,3430,,,1,72,,2502,3430,,,1,32,,2503,3430,,,1,74,,2504,3490,,,1,32,,2505,3490,,,1,73,,2506,3490,,,1,73,,2507,3490,,,1,34,,2508,3610,,,1,73,,2509,3610,,,1,33,,2510,3610,,,1,73,,2511,3610,,,1,33,,2512,3610,,,1,73,,2513,3610,,,1,33,,2514,3610,,,1,68,,2515,3310,,,1,32,,2516,3310,,,1,72,,2517,3310,,,1,30,,2518,3190,,,1,72,,2519,3190,,,1,32,,2520,3190,,,1,72,,2521,3190,,,1,70,,2522,3096,,,1
3101,'3',728,,2523,3336,,,1,31,,2524,3336,,,1,73,,2525,3430,,,1,71,,2526,3430,,,1,32,,2527,3430,,,1,72,,2528,3430,,,1,32,,2529,3430,,,1,72,,2530,3430,,,1,33,,2531,3430,,,1,72,,2532,3430,,,1,32,,2533,3430,,,1,74,,2534,3490,,,1,32,,2535,3490,,,1,73,,2536,3490,,,1,73,,2537,3490,,,1,34,,2538,3610,,,1,73,,2539,3610,,,1,33,,2540,3610,,,1,73,,2541,3610,,,1,33,,2542,3610,,,1,73,,2543,3610,,,1,33,,2544,3610,,,1,68,,2545,3310,,,1,32,,2546,3310,,,1,72,,2547,3310,,,1,30,,2548,3190,,,1,72,,2549,3190,,,1,32,,2550,3190,,,1,72,,2551,3190,,,1,70,,2552,3096,,,1
3101,'4',728,,2553,3336,,,1,31,,2554,3336,,,1,73,,2555,3430,,,1,71,,2556,3430,,,1,32,,2557,3430,,,1,72,,2558,3430,,,1,32,,2559,3430,,,1,72,,2560,3430,,,1,33,,2561,3430,,,1,72,,2562,3430,,,1,32,,2563,3430,,,1,74,,2564,3490,,,1,32,,2565,3490,,,1,73,,2566,3490,,,1,73,,2567,3490,,,1,34,,2568,3610,,,1,73,,2569,3610,,,1,33,,2570,3610,,,1,73,,2571,3610,,,1,33,,2572,3610,,,1,73,,2573,3610,,,1,33,,2574,3610,,,1,68,,2575,3310,,,1,32,,2576,3310,,,1,72,,2577,3310,,,1,30,,2578,3190,,,1,72,,2579,3190,,,1,32,,2580,3190,,,1,72,,2581,3190,,,1,70,,2582,3096,,,1
3101,'5',728,,2583,3336,,,1,31,,2584,3336,,,1,73,,2585,3430,,,1,71,,2586,3430,,,1,32,,2587,3430,,,1,72,,2588,3430,,,1,32,,2589,3430,,,1,72,,2590,3430,,,1,33,,2591,3430,,,1,72,,2592,3430,,,1,32,,2593,3430,,,1,74,,2594,3490,,,1,32,,2595,3490,,,1,73,,2596,3490,,,1,73,,2597,3490,,,1,34,,2598,3610,,,1,73,,2599,3610,,,1,33,,2600,3610,,,1,73,,2601,3610,,,1,33,,2602,3610,,,1,73,,2603,3610,,,1,33,,2604,3610,,,1,68,,2605,3310,,,1,32,,2606,3310,,,1,72,,2607,3310,,,1,30,,2608,3190,,,1,72,,2609,3190,,,1,32,,2610,3190,,,1,72,,2611,3190,,,1,70,,2612,3096,,,1
3101,'6',728,,2613,3336,,,1,31,,2614,3336,,,1,73,,2615,3430,,,1,71,,2616,3430,,,1,32,,2617,3430,,,1,72,,2618,3430,,,1,32,,2619,3430,,,1,72,,2620,3430,,,1,33,,2621,3430,,,1,72,,2622,3430,,,1,32,,2623,3430,,,1,74,,2624,3490,,,1,32,,2625,3490,,,1,73,,2626,3490,,,1,73,,2627,3490,,,1,34,,2628,3610,,,1,73,,2629,3610,,,1,33,,2630,3610,,,1,73,,2631,3610,,,1,33,,2632,3610,,,1,73,,2633,3610,,,1,33,,2634,3610,,,1,68,,2635,3310,,,1,32,,2636,3310,,,1,72,,2637,3310,,,1,30,,2638,3190,,,1,72,,2639,3190,,,1,32,,2640,3190,,,1,72,,2641,3190,,,1,70,,2642,3096,,,1
3101,'9',903,,2643,3190,,,1,100,,2644,3190,,,1,100,,2645,3190,,,1,106,,2646,3550,,,1,100,,2647,3550,,,1,100,,2648,3550,,,1,100,,2649,3550,,,1,99,,2650,3490,,,1,100,,2651,3490,,,1,100,,2652,3490,,,1,100,,2653,3490,,,1,100,,2654,3490,,,1
5101,'2',623,,3370,950,,,1,30,,3371,950,,,1,70,,3372,950,,,1,34,,3373,1153,,,1,72,,3374,1153,,,1,72,,3375,1153,,,1,32,,3376,1153,,,1,72,,3377,1153,,,1,33,,3378,1213,,,1,72,,3379,1213,,,1,32,,3380,1213,,,1,72,,3381,1213,,,1,33,,3382,1213,,,1,73,,3383,1213,,,1,33,,3384,1213,,,1,72,,3385,1213,,,1,33,,3386,1254,,,1,73,,3387,1254,,,1,73,,3388,1254,,,1,33,,3389,1254,,,1,74,,3390,1273,,,1,33,,3391,1273,,,1,73,,3392,1273,,,1,31,,3393,1171,,,1,73,,3394,1171,,,1,32,,3395,1171,,,1,70,,3396,1070,,,1,32,,3397,1070,,,1,72,,3398,1070,,,1,32,,3399,1070,,,1,71,,3400,1010,,,1
5101,'3',623,,3401,950,,,1,30,,3402,950,,,1,70,,3403,950,,,1,34,,3404,1153,,,1,72,,3405,1153,,,1,72,,3406,1153,,,1,32,,3407,1153,,,1,72,,3408,1153,,,1,33,,3409,1213,,,1,72,,3410,1213,,,1,32,,3411,1213,,,1,72,,3412,1213,,,1,33,,3413,1213,,,1,73,,3414,1213,,,1,33,,3415,1213,,,1,72,,3416,1213,,,1,33,,3417,1254,,,1,73,,3418,1254,,,1,73,,3419,1254,,,1,33,,3420,1254,,,1,74,,3421,1273,,,1,33,,3422,1273,,,1,73,,3423,1273,,,1,31,,3424,1171,,,1,73,,3425,1171,,,1,32,,3426,1171,,,1,70,,3427,1070,,,1,32,,3428,1070,,,1,72,,3429,1070,,,1,32,,3430,1070,,,1,71,,3431,1010,,,1
5101,'4',623,,3432,950,,,1,30,,3433,950,,,1,70,,3434,950,,,1,34,,3435,1153,,,1,72,,3436,1153,,,1,72,,3437,1153,,,1,32,,3438,1153,,,1,72,,3439,1153,,,1,33,,3440,1213,,,1,72,,3441,1213,,,1,32,,3442,1213,,,1,72,,3443,1213,,,1,33,,3444,1213,,,1,73,,3445,1213,,,1,33,,3446,1213,,,1,72,,3447,1213,,,1,33,,3448,1254,,,1,73,,3449,1254,,,1,73,,3450,1254,,,1,33,,3451,1254,,,1,74,,3452,1273,,,1,33,,3453,1273,,,1,73,,3454,1273,,,1,31,,3455,1171,,,1,73,,3456,1171,,,1,32,,3457,1171,,,1,70,,3458,1070,,,1,32,,3459,1070,,,1,72,,3460,1070,,,1,32,,3461,1070,,,1,71,,3462,1010,,,1
5101,'5',623,,3463,950,,,1,30,,3464,950,,,1,70,,3465,950,,,1,34,,3466,1153,,,1,72,,3467,1153,,,1,72,,3468,1153,,,1,32,,3469,1153,,,1,72,,3470,1153,,,1,33,,3471,1213,,,1,72,,3472,1213,,,1,32,,3473,1213,,,1,72,,3474,1213,,,1,33,,3475,1213,,,1,73,,3476,1213,,,1,33,,3477,1213,,,1,72,,3478,1213,,,1,33,,3479,1254,,,1,73,,3480,1254,,,1,73,,3481,1254,,,1,33,,3482,1254,,,1,74,,3483,1273,,,1,33,,3484,1273,,,1,73,,3485,1273,,,1,31,,3486,1171,,,1,73,,3487,1171,,,1,32,,3488,1171,,,1,70,,3489,1070,,,1,32,,3490,1070,,,1,72,,3491,1070,,,1,32,,3492,1070,,,1,71,,3493,1010,,,1
5101,'6',623,,3494,950,,,1,30,,3495,950,,,1,70,,3496,950,,,1,34,,3497,1153,,,1,72,,3498,1153,,,1,72,,3499,1153,,,1,32,,3500,1153,,,1,72,,3501,1153,,,1,33,,3502,1213,,,1,72,,3503,1213,,,1,32,,3504,1213,,,1,72,,3505,1213,,,1,33,,3506,1213,,,1,73,,3507,1213,,,1,33,,3508,1213,,,1,72,,3509,1213,,,1,33,,3510,1254,,,1,73,,3511,1254,,,1,73,,3512,1254,,,1,33,,3513,1254,,,1,74,,3514,1273,,,1,33,,3515,1273,,,1,73,,3516,1273,,,1,31,,3517,1171,,,1,73,,3518,1171,,,1,32,,3519,1171,,,1,70,,3520,1070,,,1,32,,3521,1070,,,1,72,,3522,1070,,,1,32,,3523,1070,,,1,71,,3524,1010,,,1
5101,'9',837,,3525,1051,,,1,100,,3526,1051,,,1,100,,3527,1051,,,1,102,,3528,1194,,,1,100,,3529,1194,,,1,100,,3530,1194,,,1,100,,3531,1194,,,1,98,,3532,1051,,,1,100,,3533,1051,,,1,100,,3534,1051,,,1,100,,3535,1051,,,1,100,,3536,1051,,,1
