2501,'2',606,,1659,240,,,1,30,,1660,240,,,1,70,,1661,240,,,1,31,,1662,300,,,1,70,,1663,300,,,1,30,,1664,300,,,1,69,,1665,300,,,1,29,,1666,300,,,1,70,,1667,360,,,1,29,,1668,360,,,1,69,,1669,360,,,1,29,,1670,360,,,1,70,,1671,360,,,1,29,,1672,360,,,1,69,,1673,360,,,1,29,,1674,360,,,1,29,,1675,360,,,1,71,,1676,420,,,1,30,,1677,420,,,1,71,,1678,420,,,1,71,,1679,420,,,1,31,,1680,420,,,1,70,,1681,360,,,1,31,,1682,360,,,1,72,,1683,360,,,1,30,,1684,300,,,1,70,,1685,300,,,1,30,,1686,300,,,1,70,,1687,300,,,1,29,,1688,240,,,1,70,,1689,240,,,1,30,,1690,240,,,1,70,,1691,240,,,1,30,,1692,240,,,1,70,,1693,240,,,1
2501,'3',606,,1694,240,,,1,30,,1695,240,,,1,70,,1696,240,,,1,31,,1697,300,,,1,70,,1698,300,,,1,30,,1699,300,,,1,69,,1700,300,,,1,29,,1701,300,,,1,70,,1702,360,,,1,29,,1703,360,,,1,69,,1704,360,,,1,29,,1705,360,,,1,70,,1706,360,,,1,29,,1707,360,,,1,69,,1708,360,,,1,29,,1709,360,,,1,29,,1710,360,,,1,71,,1711,420,,,1,30,,1712,420,,,1,71,,1713,420,,,1,71,,1714,420,,,1,31,,1715,420,,,1,70,,1716,360,,,1,31,,1717,360,,,1,72,,1718,360,,,1,30,,1719,300,,,1,70,,1720,300,,,1,30,,1721,300,,,1,70,,1722,300,,,1,29,,1723,240,,,1,70,,1724,240,,,1,30,,1725,240,,,1,70,,1726,240,,,1,30,,1727,240,,,1,70,,1728,240,,,1
2501,'4',606,,1729,240,,,1,30,,1730,240,,,1,70,,1731,240,,,1,31,,1732,300,,,1,70,,1733,300,,,1,30,,1734,300,,,1,69,,1735,300,,,1,29,,1736,300,,,1,70,,1737,360,,,1,29,,1738,360,,,1,69,,1739,360,,,1,29,,1740,360,,,1,70,,1741,360,,,1,29,,1742,360,,,1,69,,1743,360,,,1,29,,1744,360,,,1,29,,1745,360,,,1,71,,1746,420,,,1,30,,1747,420,,,1,71,,1748,420,,,1,71,,1749,420,,,1,31,,1750,420,,,1,70,,1751,360,,,1,31,,1752,360,,,1,72,,1753,360,,,1,30,,1754,300,,,1,70,,1755,300,,,1,30,,1756,300,,,1,70,,1757,300,,,1,29,,1758,240,,,1,70,,1759,240,,,1,30,,1760,240,,,1,70,,1761,240,,,1,30,,1762,240,,,1,70,,1763,240,,,1
2501,'5',606,,1764,240,,,1,30,,1765,240,,,1,70,,1766,240,,,1,31,,1767,300,,,1,70,,1768,300,,,1,30,,1769,300,,,1,69,,1770,300,,,1,29,,1771,300,,,1,70,,1772,360,,,1,29,,1773,360,,,1,69,,1774,360,,,1,29,,1775,360,,,1,70,,1776,360,,,1,29,,1777,360,,,1,69,,1778,360,,,1,29,,1779,360,,,1,29,,1780,360,,,1,71,,1781,420,,,1,30,,1782,420,,,1,71,,1783,420,,,1,71,,1784,420,,,1,31,,1785,420,,,1,70,,1786,360,,,1,31,,1787,360,,,1,72,,1788,360,,,1,30,,1789,300,,,1,70,,1790,300,,,1,30,,1791,300,,,1,70,,1792,300,,,1,29,,1793,240,,,1,70,,1794,240,,,1,30,,1795,240,,,1,70,,1796,240,,,1,30,,1797,240,,,1,70,,1798,240,,,1
2501,'6',606,,1799,240,,,1,30,,1800,240,,,1,70,,1801,240,,,1,31,,1802,300,,,1,70,,1803,300,,,1,30,,1804,300,,,1,69,,1805,300,,,1,29,,1806,300,,,1,70,,1807,360,,,1,29,,1808,360,,,1,69,,1809,360,,,1,29,,1810,360,,,1,70,,1811,360,,,1,29,,1812,360,,,1,69,,1813,360,,,1,29,,1814,360,,,1,29,,1815,360,,,1,71,,1816,420,,,1,30,,1817,420,,,1,71,,1818,420,,,1,71,,1819,420,,,1,31,,1820,420,,,1,70,,1821,360,,,1,31,,1822,360,,,1,72,,1823,360,,,1,30,,1824,300,,,1,70,,1825,300,,,1,30,,1826,300,,,1,70,,1827,300,,,1,29,,1828,240,,,1,70,,1829,240,,,1,30,,1830,240,,,1,70,,1831,240,,,1,30,,1832,240,,,1,70,,1833,240,,,1
2501,'9',808,,1834,240,,,1,31,,1835,240,,,1,71,,1836,240,,,1,30,,1837,240,,,1,70,,1838,240,,,1,30,,1839,240,,,1,71,,1840,300,,,1,30,,1841,300,,,1,70,,1842,300,,,1,30,,1843,300,,,1,70,,1844,300,,,1,30,,1845,300,,,1,70,,1846,300,,,1,30,,1847,300,,,1,71,,1848,360,,,1,30,,1849,360,,,1,70,,1850,360,,,1,30,,1851,360,,,1,70,,1852,360,,,1,30,,1853,360,,,1,70,,1854,360,,,1,100,,1855,360,,,1
5101,'2',621,,3370,791,,,1,30,,3371,791,,,1,70,,3372,791,,,1,33,,3373,961,,,1,72,,3374,961,,,1,32,,3375,961,,,1,72,,3376,961,,,1,72,,3377,961,,,1,33,,3378,1021,,,1,72,,3379,1021,,,1,32,,3380,1021,,,1,72,,3381,1021,,,1,33,,3382,1021,,,1,73,,3383,1021,,,1,33,,3384,1021,,,1,72,,3385,1021,,,1,33,,3386,1046,,,1,73,,3387,1046,,,1,73,,3388,1046,,,1,33,,3389,1046,,,1,74,,3390,1081,,,1,33,,3391,1081,,,1,73,,3392,1081,,,1,31,,3393,996,,,1,73,,3394,996,,,1,32,,3395,996,,,1,71,,3396,911,,,1,32,,3397,911,,,1,72,,3398,911,,,1,32,,3399,911,,,1,71,,3400,851,,,1
5101,'3',621,,3401,791,,,1,30,,3402,791,,,1,70,,3403,791,,,1,33,,3404,961,,,1,72,,3405,961,,,1,32,,3406,961,,,1,72,,3407,961,,,1,72,,3408,961,,,1,33,,3409,1021,,,1,72,,3410,1021,,,1,32,,3411,1021,,,1,72,,3412,1021,,,1,33,,3413,1021,,,1,73,,3414,1021,,,1,33,,3415,1021,,,1,72,,3416,1021,,,1,33,,3417,1046,,,1,73,,3418,1046,,,1,73,,3419,1046,,,1,33,,3420,1046,,,1,74,,3421,1081,,,1,33,,3422,1081,,,1,73,,3423,1081,,,1,31,,3424,996,,,1,73,,3425,996,,,1,32,,3426,996,,,1,71,,3427,911,,,1,32,,3428,911,,,1,72,,3429,911,,,1,32,,3430,911,,,1,71,,3431,851,,,1
5101,'4',621,,3432,791,,,1,30,,3433,791,,,1,70,,3434,791,,,1,33,,3435,961,,,1,72,,3436,961,,,1,32,,3437,961,,,1,72,,3438,961,,,1,72,,3439,961,,,1,33,,3440,1021,,,1,72,,3441,1021,,,1,32,,3442,1021,,,1,72,,3443,1021,,,1,33,,3444,1021,,,1,73,,3445,1021,,,1,33,,3446,1021,,,1,72,,3447,1021,,,1,33,,3448,1046,,,1,73,,3449,1046,,,1,73,,3450,1046,,,1,33,,3451,1046,,,1,74,,3452,1081,,,1,33,,3453,1081,,,1,73,,3454,1081,,,1,31,,3455,996,,,1,73,,3456,996,,,1,32,,3457,996,,,1,71,,3458,911,,,1,32,,3459,911,,,1,72,,3460,911,,,1,32,,3461,911,,,1,71,,3462,851,,,1
5101,'5',621,,3463,791,,,1,30,,3464,791,,,1,70,,3465,791,,,1,33,,3466,961,,,1,72,,3467,961,,,1,32,,3468,961,,,1,72,,3469,961,,,1,72,,3470,961,,,1,33,,3471,1021,,,1,72,,3472,1021,,,1,32,,3473,1021,,,1,72,,3474,1021,,,1,33,,3475,1021,,,1,73,,3476,1021,,,1,33,,3477,1021,,,1,72,,3478,1021,,,1,33,,3479,1046,,,1,73,,3480,1046,,,1,73,,3481,1046,,,1,33,,3482,1046,,,1,74,,3483,1081,,,1,33,,3484,1081,,,1,73,,3485,1081,,,1,31,,3486,996,,,1,73,,3487,996,,,1,32,,3488,996,,,1,71,,3489,911,,,1,32,,3490,911,,,1,72,,3491,911,,,1,32,,3492,911,,,1,71,,3493,851,,,1
5101,'6',621,,3494,791,,,1,30,,3495,791,,,1,70,,3496,791,,,1,33,,3497,961,,,1,72,,3498,961,,,1,32,,3499,961,,,1,72,,3500,961,,,1,72,,3501,961,,,1,33,,3502,1021,,,1,72,,3503,1021,,,1,32,,3504,1021,,,1,72,,3505,1021,,,1,33,,3506,1021,,,1,73,,3507,1021,,,1,33,,3508,1021,,,1,72,,3509,1021,,,1,33,,3510,1046,,,1,73,,3511,1046,,,1,73,,3512,1046,,,1,33,,3513,1046,,,1,74,,3514,1081,,,1,33,,3515,1081,,,1,73,,3516,1081,,,1,31,,3517,996,,,1,73,,3518,996,,,1,32,,3519,996,,,1,71,,3520,911,,,1,32,,3521,911,,,1,72,,3522,911,,,1,32,,3523,911,,,1,71,,3524,851,,,1
5101,'9',834,,3525,876,,,1,100,,3526,876,,,1,100,,3527,876,,,1,102,,3528,986,,,1,100,,3529,986,,,1,100,,3530,986,,,1,100,,3531,986,,,1,98,,3532,876,,,1,100,,3533,876,,,1,100,,3534,876,,,1,100,,3535,876,,,1,100,,3536,876,,,1
