1100,'2',644,,637,1069,,,1,103,,638,1201,,,1,100,,639,1201,,,1,100,,640,1201,,,1,100,,641,1201,,,1,102,,642,1201,,,1,99,,643,1261,,,1,100,,644,1261,,,1,101,,645,1321,,,1,102,,646,1321,,,1,101,,647,1261,,,1,96,,648,1261,,,1,99,,649,1201,,,1,102,,650,1201,,,1,99,,651,1141,,,1,100,,652,1141,,,1
1100,'3',644,,653,1069,,,1,103,,654,1201,,,1,100,,655,1201,,,1,100,,656,1201,,,1,100,,657,1201,,,1,102,,658,1201,,,1,99,,659,1261,,,1,100,,660,1261,,,1,101,,661,1321,,,1,102,,662,1321,,,1,101,,663,1261,,,1,96,,664,1261,,,1,99,,665,1201,,,1,102,,666,1201,,,1,99,,667,1141,,,1,100,,668,1141,,,1
1100,'4',644,,669,1069,,,1,103,,670,1201,,,1,100,,671,1201,,,1,100,,672,1201,,,1,100,,673,1201,,,1,102,,674,1201,,,1,99,,675,1261,,,1,100,,676,1261,,,1,101,,677,1321,,,1,102,,678,1321,,,1,101,,679,1261,,,1,96,,680,1261,,,1,99,,681,1201,,,1,102,,682,1201,,,1,99,,683,1141,,,1,100,,684,1141,,,1
1100,'5',644,,685,1069,,,1,103,,686,1201,,,1,100,,687,1201,,,1,100,,688,1201,,,1,100,,689,1201,,,1,102,,690,1201,,,1,99,,691,1261,,,1,100,,692,1261,,,1,101,,693,1321,,,1,102,,694,1321,,,1,101,,695,1261,,,1,96,,696,1261,,,1,99,,697,1201,,,1,102,,698,1201,,,1,99,,699,1141,,,1,100,,700,1141,,,1
1100,'6',644,,701,1069,,,1,103,,702,1201,,,1,100,,703,1201,,,1,100,,704,1201,,,1,100,,705,1201,,,1,102,,706,1201,,,1,99,,707,1261,,,1,100,,708,1261,,,1,101,,709,1321,,,1,102,,710,1321,,,1,101,,711,1261,,,1,96,,712,1261,,,1,99,,713,1201,,,1,102,,714,1201,,,1,99,,715,1141,,,1,100,,716,1141,,,1
1100,'9',825,,717,1069,,,1,100,,718,1069,,,1,100,,719,1069,,,1,102,,720,1141,,,1,100,,721,1141,,,1,100,,722,1141,,,1,100,,723,1141,,,1,100,,724,1141,,,1,100,,725,1141,,,1,100,,726,1141,,,1,100,,727,1141,,,1,100,,728,1141,,,1
3001,'2',619,,2175,864,,,1,15,,2176,864,,,1,15,,2177,864,,,1,55,,2178,864,,,1,15,,2179,864,,,1,15,,2180,864,,,1,17,,2181,1006,,,1,55,,2182,1006,,,1,15,,2183,1006,,,1,15,,2184,1006,,,1,15,,2185,1006,,,1,55,,2186,1006,,,1,15,,2187,1006,,,1,15,,2188,1006,,,1,15,,2189,1006,,,1,55,,2190,1006,,,1,15,,2191,1006,,,1,15,,2192,1006,,,1,15,,2193,1006,,,1,55,,2194,1006,,,1,15,,2195,1006,,,1,15,,2196,1006,,,1,15,,2197,1006,,,1,55,,2198,1006,,,1,16,,2199,1066,,,1,15,,2200,1066,,,1,15,,2201,1066,,,1,55,,2202,1066,,,1,15,,2203,1066,,,1,15,,2204,1066,,,1,15,,2205,1066,,,1,55,,2206,1066,,,1,15,,2207,1066,,,1,17,,2208,1088,,,1,16,,2209,1088,,,1,56,,2210,1088,,,1,16,,2211,1088,,,1,16,,2212,1088,,,1,16,,2213,1088,,,1,56,,2214,1088,,,1,16,,2215,1088,,,1,16,,2216,1088,,,1,55,,2217,1066,,,1,16,,2218,1066,,,1,16,,2219,1066,,,1,16,,2220,1066,,,1,56,,2221,1066,,,1,15,,2222,1044,,,1,15,,2223,1044,,,1,15,,2224,1044,,,1,55,,2225,1044,,,1,15,,2226,1044,,,1,30,,2227,1044,,,1,69,,2228,984,,,1,30,,2229,984,,,1,70,,2230,984,,,1,30,,2231,984,,,1,69,,2232,902,,,1,100,,2233,902,,,1
3001,'3',619,,2234,864,,,1,15,,2235,864,,,1,15,,2236,864,,,1,55,,2237,864,,,1,15,,2238,864,,,1,15,,2239,864,,,1,17,,2240,1006,,,1,55,,2241,1006,,,1,15,,2242,1006,,,1,15,,2243,1006,,,1,15,,2244,1006,,,1,55,,2245,1006,,,1,15,,2246,1006,,,1,15,,2247,1006,,,1,15,,2248,1006,,,1,55,,2249,1006,,,1,15,,2250,1006,,,1,15,,2251,1006,,,1,15,,2252,1006,,,1,55,,2253,1006,,,1,15,,2254,1006,,,1,15,,2255,1006,,,1,15,,2256,1006,,,1,55,,2257,1006,,,1,16,,2258,1066,,,1,15,,2259,1066,,,1,15,,2260,1066,,,1,55,,2261,1066,,,1,15,,2262,1066,,,1,15,,2263,1066,,,1,15,,2264,1066,,,1,55,,2265,1066,,,1,15,,2266,1066,,,1,17,,2267,1088,,,1,16,,2268,1088,,,1,56,,2269,1088,,,1,16,,2270,1088,,,1,16,,2271,1088,,,1,16,,2272,1088,,,1,56,,2273,1088,,,1,16,,2274,1088,,,1,16,,2275,1088,,,1,55,,2276,1066,,,1,16,,2277,1066,,,1,16,,2278,1066,,,1,16,,2279,1066,,,1,56,,2280,1066,,,1,15,,2281,1044,,,1,15,,2282,1044,,,1,15,,2283,1044,,,1,55,,2284,1044,,,1,15,,2285,1044,,,1,30,,2286,1044,,,1,69,,2287,984,,,1,30,,2288,984,,,1,70,,2289,984,,,1,30,,2290,984,,,1,69,,2291,902,,,1,100,,2292,902,,,1
3001,'4',619,,2293,864,,,1,15,,2294,864,,,1,15,,2295,864,,,1,55,,2296,864,,,1,15,,2297,864,,,1,15,,2298,864,,,1,17,,2299,1006,,,1,55,,2300,1006,,,1,15,,2301,1006,,,1,15,,2302,1006,,,1,15,,2303,1006,,,1,55,,2304,1006,,,1,15,,2305,1006,,,1,15,,2306,1006,,,1,15,,2307,1006,,,1,55,,2308,1006,,,1,15,,2309,1006,,,1,15,,2310,1006,,,1,15,,2311,1006,,,1,55,,2312,1006,,,1,15,,2313,1006,,,1,15,,2314,1006,,,1,15,,2315,1006,,,1,55,,2316,1006,,,1,16,,2317,1066,,,1,15,,2318,1066,,,1,15,,2319,1066,,,1,55,,2320,1066,,,1,15,,2321,1066,,,1,15,,2322,1066,,,1,15,,2323,1066,,,1,55,,2324,1066,,,1,15,,2325,1066,,,1,17,,2326,1088,,,1,16,,2327,1088,,,1,56,,2328,1088,,,1,16,,2329,1088,,,1,16,,2330,1088,,,1,16,,2331,1088,,,1,56,,2332,1088,,,1,16,,2333,1088,,,1,16,,2334,1088,,,1,55,,2335,1066,,,1,16,,2336,1066,,,1,16,,2337,1066,,,1,16,,2338,1066,,,1,56,,2339,1066,,,1,15,,2340,1044,,,1,15,,2341,1044,,,1,15,,2342,1044,,,1,55,,2343,1044,,,1,15,,2344,1044,,,1,30,,2345,1044,,,1,69,,2346,984,,,1,30,,2347,984,,,1,70,,2348,984,,,1,30,,2349,984,,,1,69,,2350,902,,,1,100,,2351,902,,,1
3001,'5',619,,2352,864,,,1,15,,2353,864,,,1,15,,2354,864,,,1,55,,2355,864,,,1,15,,2356,864,,,1,15,,2357,864,,,1,17,,2358,1006,,,1,55,,2359,1006,,,1,15,,2360,1006,,,1,15,,2361,1006,,,1,15,,2362,1006,,,1,55,,2363,1006,,,1,15,,2364,1006,,,1,15,,2365,1006,,,1,15,,2366,1006,,,1,55,,2367,1006,,,1,15,,2368,1006,,,1,15,,2369,1006,,,1,15,,2370,1006,,,1,55,,2371,1006,,,1,15,,2372,1006,,,1,15,,2373,1006,,,1,15,,2374,1006,,,1,55,,2375,1006,,,1,16,,2376,1066,,,1,15,,2377,1066,,,1,15,,2378,1066,,,1,55,,2379,1066,,,1,15,,2380,1066,,,1,15,,2381,1066,,,1,15,,2382,1066,,,1,55,,2383,1066,,,1,15,,2384,1066,,,1,17,,2385,1088,,,1,16,,2386,1088,,,1,56,,2387,1088,,,1,16,,2388,1088,,,1,16,,2389,1088,,,1,16,,2390,1088,,,1,56,,2391,1088,,,1,16,,2392,1088,,,1,16,,2393,1088,,,1,55,,2394,1066,,,1,16,,2395,1066,,,1,16,,2396,1066,,,1,16,,2397,1066,,,1,56,,2398,1066,,,1,15,,2399,1044,,,1,15,,2400,1044,,,1,15,,2401,1044,,,1,55,,2402,1044,,,1,15,,2403,1044,,,1,30,,2404,1044,,,1,69,,2405,984,,,1,30,,2406,984,,,1,70,,2407,984,,,1,30,,2408,984,,,1,69,,2409,902,,,1,100,,2410,902,,,1
3001,'6',619,,2411,864,,,1,15,,2412,864,,,1,15,,2413,864,,,1,55,,2414,864,,,1,15,,2415,864,,,1,15,,2416,864,,,1,17,,2417,1006,,,1,55,,2418,1006,,,1,15,,2419,1006,,,1,15,,2420,1006,,,1,15,,2421,1006,,,1,55,,2422,1006,,,1,15,,2423,1006,,,1,15,,2424,1006,,,1,15,,2425,1006,,,1,55,,2426,1006,,,1,15,,2427,1006,,,1,15,,2428,1006,,,1,15,,2429,1006,,,1,55,,2430,1006,,,1,15,,2431,1006,,,1,15,,2432,1006,,,1,15,,2433,1006,,,1,55,,2434,1006,,,1,16,,2435,1066,,,1,15,,2436,1066,,,1,15,,2437,1066,,,1,55,,2438,1066,,,1,15,,2439,1066,,,1,15,,2440,1066,,,1,15,,2441,1066,,,1,55,,2442,1066,,,1,15,,2443,1066,,,1,17,,2444,1088,,,1,16,,2445,1088,,,1,56,,2446,1088,,,1,16,,2447,1088,,,1,16,,2448,1088,,,1,16,,2449,1088,,,1,56,,2450,1088,,,1,16,,2451,1088,,,1,16,,2452,1088,,,1,55,,2453,1066,,,1,16,,2454,1066,,,1,16,,2455,1066,,,1,16,,2456,1066,,,1,56,,2457,1066,,,1,15,,2458,1044,,,1,15,,2459,1044,,,1,15,,2460,1044,,,1,55,,2461,1044,,,1,15,,2462,1044,,,1,30,,2463,1044,,,1,69,,2464,984,,,1,30,,2465,984,,,1,70,,2466,984,,,1,30,,2467,984,,,1,69,,2468,902,,,1,100,,2469,902,,,1
3001,'9',843,,2470,902,,,1,70,,2471,902,,,1,30,,2472,902,,,1,70,,2473,902,,,1,30,,2474,902,,,1,70,,2475,902,,,1,31,,2476,1006,,,1,70,,2477,1006,,,1,30,,2478,1006,,,1,70,,2479,1006,,,1,30,,2480,1006,,,1,70,,2481,1006,,,1,30,,2482,1006,,,1,70,,2483,1006,,,1,30,,2484,984,,,1,70,,2485,984,,,1,30,,2486,984,,,1,70,,2487,984,,,1,30,,2488,984,,,1,70,,2489,984,,,1,30,,2490,984,,,1,70,,2491,984,,,1,30,,2492,984,,,1
