1100,'2',627,,637,0,,,1,100,,638,0,,,1,100,,639,0,,,1,100,,640,0,,,1,100,,641,0,,,1,102,,642,0,,,1,98,,643,0,,,1,100,,644,0,,,1,100,,645,0,,,1,102,,646,0,,,1,102,,647,0,,,1,96,,648,0,,,1,100,,649,0,,,1,102,,650,0,,,1,100,,651,0,,,1,100,,652,0,,,1
1100,'3',627,,653,0,,,1,100,,654,0,,,1,100,,655,0,,,1,100,,656,0,,,1,100,,657,0,,,1,102,,658,0,,,1,98,,659,0,,,1,100,,660,0,,,1,100,,661,0,,,1,102,,662,0,,,1,102,,663,0,,,1,96,,664,0,,,1,100,,665,0,,,1,102,,666,0,,,1,100,,667,0,,,1,100,,668,0,,,1
1100,'4',627,,669,0,,,1,100,,670,0,,,1,100,,671,0,,,1,100,,672,0,,,1,100,,673,0,,,1,102,,674,0,,,1,98,,675,0,,,1,100,,676,0,,,1,100,,677,0,,,1,102,,678,0,,,1,102,,679,0,,,1,96,,680,0,,,1,100,,681,0,,,1,102,,682,0,,,1,100,,683,0,,,1,100,,684,0,,,1
1100,'5',627,,685,0,,,1,100,,686,0,,,1,100,,687,0,,,1,100,,688,0,,,1,100,,689,0,,,1,102,,690,0,,,1,98,,691,0,,,1,100,,692,0,,,1,100,,693,0,,,1,102,,694,0,,,1,102,,695,0,,,1,96,,696,0,,,1,100,,697,0,,,1,102,,698,0,,,1,100,,699,0,,,1,100,,700,0,,,1
1100,'6',627,,701,0,,,1,100,,702,0,,,1,100,,703,0,,,1,100,,704,0,,,1,100,,705,0,,,1,102,,706,0,,,1,98,,707,0,,,1,100,,708,0,,,1,100,,709,0,,,1,102,,710,0,,,1,102,,711,0,,,1,96,,712,0,,,1,100,,713,0,,,1,102,,714,0,,,1,100,,715,0,,,1,100,,716,0,,,1
1100,'9',808,,717,0,,,1,100,,718,0,,,1,100,,719,0,,,1,100,,720,0,,,1,100,,721,0,,,1,100,,722,0,,,1,100,,723,0,,,1,100,,724,0,,,1,100,,725,0,,,1,100,,726,0,,,1,100,,727,0,,,1,100,,728,0,,,1
1101,'2',733,,729,1680,4,,1,103,,730,1860,4,,1,100,,731,1860,4,,1,99,,732,1800,4,,1,100,,733,1800,4,,1,102,,734,1860,4,,1,99,,735,1860,4,,1,100,,736,1860,4,,1,102,,737,1920,4,,1,101,,738,1920,4,,1,101,,739,1920,4,,1,94,,740,1740,4,,1,100,,741,1740,4,,1,101,,742,1680,4,,1,100,,743,1680,4,,1,97,,744,1500,4,,1
1101,'3',733,,745,1680,4,,1,103,,746,1860,4,,1,100,,747,1860,4,,1,99,,748,1800,4,,1,100,,749,1800,4,,1,102,,750,1860,4,,1,99,,751,1860,4,,1,100,,752,1860,4,,1,102,,753,1920,4,,1,101,,754,1920,4,,1,101,,755,1920,4,,1,94,,756,1740,4,,1,100,,757,1740,4,,1,101,,758,1680,4,,1,100,,759,1680,4,,1,97,,760,1500,4,,1
1101,'4',733,,761,1680,4,,1,103,,762,1860,4,,1,100,,763,1860,4,,1,99,,764,1800,4,,1,100,,765,1800,4,,1,102,,766,1860,4,,1,99,,767,1860,4,,1,100,,768,1860,4,,1,102,,769,1920,4,,1,101,,770,1920,4,,1,101,,771,1920,4,,1,94,,772,1740,4,,1,100,,773,1740,4,,1,101,,774,1680,4,,1,100,,775,1680,4,,1,97,,776,1500,4,,1
1101,'5',733,,777,1680,4,,1,103,,778,1860,4,,1,100,,779,1860,4,,1,99,,780,1800,4,,1,100,,781,1800,4,,1,102,,782,1860,4,,1,99,,783,1860,4,,1,100,,784,1860,4,,1,102,,785,1920,4,,1,101,,786,1920,4,,1,101,,787,1920,4,,1,94,,788,1740,4,,1,100,,789,1740,4,,1,101,,790,1680,4,,1,100,,791,1680,4,,1,97,,792,1500,4,,1
1101,'6',733,,793,1680,4,,1,103,,794,1860,4,,1,100,,795,1860,4,,1,99,,796,1800,4,,1,100,,797,1800,4,,1,102,,798,1860,4,,1,99,,799,1860,4,,1,100,,800,1860,4,,1,102,,801,1920,4,,1,101,,802,1920,4,,1,101,,803,1920,4,,1,94,,804,1740,4,,1,100,,805,1740,4,,1,101,,806,1680,4,,1,100,,807,1680,4,,1,97,,808,1500,4,,1
1101,'9',909,,809,1560,4,,1,100,,810,1560,4,,1,100,,811,1560,4,,1,103,,812,1740,4,,1,100,,813,1740,4,,1,100,,814,1740,4,,1,100,,815,1740,4,,1,99,,816,1680,4,,1,100,,817,1680,4,,1,100,,818,1680,4,,1,100,,819,1680,4,,1,100,,820,1680,4,,1
4101,'2',617,,3193,0,,,1,20,,3193,1200,4,,1,10,,3194,0,,,1,60,,3194,1200,4,,1,10,,3195,0,,,1,20,,3195,1200,4,,1,10,,3196,0,,,1,63,,3196,1380,4,,1,7,,3197,0,,,1,23,,3197,1380,4,,1,7,,3198,0,,,1,63,,3198,1380,4,,1,7,,3199,0,,,1,23,,3199,1380,4,,1,7,,3200,0,,,1,63,,3200,1380,4,,1,7,,3201,0,,,1,23,,3201,1380,4,,1,7,,3202,0,,,1,63,,3202,1380,4,,1,7,,3203,0,,,1,23,,3203,1380,4,,1,7,,3204,0,,,1,63,,3204,1380,4,,1,7,,3205,0,,,1,22,,3205,1320,4,,1,8,,3206,0,,,1,62,,3206,1320,4,,1,8,,3207,0,,,1,22,,3207,1320,4,,1,8,,3208,0,,,1,62,,3208,1320,4,,1,8,,3209,0,,,1,22,,3209,1320,4,,1,8,,3210,0,,,1,63,,3210,1380,4,,1,7,,3211,0,,,1,23,,3211,1380,4,,1,7,,3212,0,,,1,63,,3212,1380,4,,1,7,,3213,0,,,1,23,,3213,1380,4,,1,7,,3214,0,,,1,62,,3214,1320,4,,1,8,,3215,0,,,1,22,,3215,1320,4,,1,8,,3216,0,,,1,62,,3216,1320,4,,1,8,,3217,0,,,1,22,,3217,1320,4,,1,8,,3218,0,,,1,62,,3218,1320,4,,1,8,,3219,0,,,1,22,,3219,1320,4,,1,8,,3220,0,,,1,62,,3220,1320,4,,1,8,,3221,0,,,1,23,,3221,1380,4,,1,7,,3222,0,,,1,63,,3222,1380,4,,1,7,,3223,0,,,1,23,,3223,1380,4,,1,7,,3224,0,,,1,63,,3224,1380,4,,1,7,,3225,0,,,1,22,,3225,1320,4,,1
4101,'3',617,,3226,0,,,1,20,,3226,1200,4,,1,10,,3227,0,,,1,60,,3227,1200,4,,1,10,,3228,0,,,1,20,,3228,1200,4,,1,10,,3229,0,,,1,63,,3229,1380,4,,1,7,,3230,0,,,1,23,,3230,1380,4,,1,7,,3231,0,,,1,63,,3231,1380,4,,1,7,,3232,0,,,1,23,,3232,1380,4,,1,7,,3233,0,,,1,63,,3233,1380,4,,1,7,,3234,0,,,1,23,,3234,1380,4,,1,7,,3235,0,,,1,63,,3235,1380,4,,1,7,,3236,0,,,1,23,,3236,1380,4,,1,7,,3237,0,,,1,63,,3237,1380,4,,1,7,,3238,0,,,1,22,,3238,1320,4,,1,8,,3239,0,,,1,62,,3239,1320,4,,1,8,,3240,0,,,1,22,,3240,1320,4,,1,8,,3241,0,,,1,62,,3241,1320,4,,1,8,,3242,0,,,1,22,,3242,1320,4,,1,8,,3243,0,,,1,63,,3243,1380,4,,1,7,,3244,0,,,1,23,,3244,1380,4,,1,7,,3245,0,,,1,63,,3245,1380,4,,1,7,,3246,0,,,1,23,,3246,1380,4,,1,7,,3247,0,,,1,62,,3247,1320,4,,1,8,,3248,0,,,1,22,,3248,1320,4,,1,8,,3249,0,,,1,62,,3249,1320,4,,1,8,,3250,0,,,1,22,,3250,1320,4,,1,8,,3251,0,,,1,62,,3251,1320,4,,1,8,,3252,0,,,1,22,,3252,1320,4,,1,8,,3253,0,,,1,62,,3253,1320,4,,1,8,,3254,0,,,1,23,,3254,1380,4,,1,7,,3255,0,,,1,63,,3255,1380,4,,1,7,,3256,0,,,1,23,,3256,1380,4,,1,7,,3257,0,,,1,63,,3257,1380,4,,1,7,,3258,0,,,1,22,,3258,1320,4,,1
4101,'4',617,,3259,0,,,1,20,,3259,1200,4,,1,10,,3260,0,,,1,60,,3260,1200,4,,1,10,,3261,0,,,1,20,,3261,1200,4,,1,10,,3262,0,,,1,63,,3262,1380,4,,1,7,,3263,0,,,1,23,,3263,1380,4,,1,7,,3264,0,,,1,63,,3264,1380,4,,1,7,,3265,0,,,1,23,,3265,1380,4,,1,7,,3266,0,,,1,63,,3266,1380,4,,1,7,,3267,0,,,1,23,,3267,1380,4,,1,7,,3268,0,,,1,63,,3268,1380,4,,1,7,,3269,0,,,1,23,,3269,1380,4,,1,7,,3270,0,,,1,63,,3270,1380,4,,1,7,,3271,0,,,1,22,,3271,1320,4,,1,8,,3272,0,,,1,62,,3272,1320,4,,1,8,,3273,0,,,1,22,,3273,1320,4,,1,8,,3274,0,,,1,62,,3274,1320,4,,1,8,,3275,0,,,1,22,,3275,1320,4,,1,8,,3276,0,,,1,63,,3276,1380,4,,1,7,,3277,0,,,1,23,,3277,1380,4,,1,7,,3278,0,,,1,63,,3278,1380,4,,1,7,,3279,0,,,1,23,,3279,1380,4,,1,7,,3280,0,,,1,62,,3280,1320,4,,1,8,,3281,0,,,1,22,,3281,1320,4,,1,8,,3282,0,,,1,62,,3282,1320,4,,1,8,,3283,0,,,1,22,,3283,1320,4,,1,8,,3284,0,,,1,62,,3284,1320,4,,1,8,,3285,0,,,1,22,,3285,1320,4,,1,8,,3286,0,,,1,62,,3286,1320,4,,1,8,,3287,0,,,1,23,,3287,1380,4,,1,7,,3288,0,,,1,63,,3288,1380,4,,1,7,,3289,0,,,1,23,,3289,1380,4,,1,7,,3290,0,,,1,63,,3290,1380,4,,1,7,,3291,0,,,1,22,,3291,1320,4,,1
4101,'5',617,,3292,0,,,1,20,,3292,1200,4,,1,10,,3293,0,,,1,60,,3293,1200,4,,1,10,,3294,0,,,1,20,,3294,1200,4,,1,10,,3295,0,,,1,63,,3295,1380,4,,1,7,,3296,0,,,1,23,,3296,1380,4,,1,7,,3297,0,,,1,63,,3297,1380,4,,1,7,,3298,0,,,1,23,,3298,1380,4,,1,7,,3299,0,,,1,63,,3299,1380,4,,1,7,,3300,0,,,1,23,,3300,1380,4,,1,7,,3301,0,,,1,63,,3301,1380,4,,1,7,,3302,0,,,1,23,,3302,1380,4,,1,7,,3303,0,,,1,63,,3303,1380,4,,1,7,,3304,0,,,1,22,,3304,1320,4,,1,8,,3305,0,,,1,62,,3305,1320,4,,1,8,,3306,0,,,1,22,,3306,1320,4,,1,8,,3307,0,,,1,62,,3307,1320,4,,1,8,,3308,0,,,1,22,,3308,1320,4,,1,8,,3309,0,,,1,63,,3309,1380,4,,1,7,,3310,0,,,1,23,,3310,1380,4,,1,7,,3311,0,,,1,63,,3311,1380,4,,1,7,,3312,0,,,1,23,,3312,1380,4,,1,7,,3313,0,,,1,62,,3313,1320,4,,1,8,,3314,0,,,1,22,,3314,1320,4,,1,8,,3315,0,,,1,62,,3315,1320,4,,1,8,,3316,0,,,1,22,,3316,1320,4,,1,8,,3317,0,,,1,62,,3317,1320,4,,1,8,,3318,0,,,1,22,,3318,1320,4,,1,8,,3319,0,,,1,62,,3319,1320,4,,1,8,,3320,0,,,1,23,,3320,1380,4,,1,7,,3321,0,,,1,63,,3321,1380,4,,1,7,,3322,0,,,1,23,,3322,1380,4,,1,7,,3323,0,,,1,63,,3323,1380,4,,1,7,,3324,0,,,1,22,,3324,1320,4,,1
4101,'6',617,,3325,0,,,1,20,,3325,1200,4,,1,10,,3326,0,,,1,60,,3326,1200,4,,1,10,,3327,0,,,1,20,,3327,1200,4,,1,10,,3328,0,,,1,63,,3328,1380,4,,1,7,,3329,0,,,1,23,,3329,1380,4,,1,7,,3330,0,,,1,63,,3330,1380,4,,1,7,,3331,0,,,1,23,,3331,1380,4,,1,7,,3332,0,,,1,63,,3332,1380,4,,1,7,,3333,0,,,1,23,,3333,1380,4,,1,7,,3334,0,,,1,63,,3334,1380,4,,1,7,,3335,0,,,1,23,,3335,1380,4,,1,7,,3336,0,,,1,63,,3336,1380,4,,1,7,,3337,0,,,1,22,,3337,1320,4,,1,8,,3338,0,,,1,62,,3338,1320,4,,1,8,,3339,0,,,1,22,,3339,1320,4,,1,8,,3340,0,,,1,62,,3340,1320,4,,1,8,,3341,0,,,1,22,,3341,1320,4,,1,8,,3342,0,,,1,63,,3342,1380,4,,1,7,,3343,0,,,1,23,,3343,1380,4,,1,7,,3344,0,,,1,63,,3344,1380,4,,1,7,,3345,0,,,1,23,,3345,1380,4,,1,7,,3346,0,,,1,62,,3346,1320,4,,1,8,,3347,0,,,1,22,,3347,1320,4,,1,8,,3348,0,,,1,62,,3348,1320,4,,1,8,,3349,0,,,1,22,,3349,1320,4,,1,8,,3350,0,,,1,62,,3350,1320,4,,1,8,,3351,0,,,1,22,,3351,1320,4,,1,8,,3352,0,,,1,62,,3352,1320,4,,1,8,,3353,0,,,1,23,,3353,1380,4,,1,7,,3354,0,,,1,63,,3354,1380,4,,1,7,,3355,0,,,1,23,,3355,1380,4,,1,7,,3356,0,,,1,63,,3356,1380,4,,1,7,,3357,0,,,1,22,,3357,1320,4,,1
4101,'9',743,,3358,0,,,1,59,,3358,1140,4,,1,41,,3359,0,,,1,59,,3359,1140,4,,1,41,,3360,0,,,1,59,,3360,1140,4,,1,41,,3361,0,,,1,59,,3361,1140,4,,1,41,,3362,0,,,1,60,,3362,1200,4,,1,40,,3363,0,,,1,60,,3363,1200,4,,1,40,,3364,0,,,1,60,,3364,1200,4,,1,40,,3365,0,,,1,60,,3365,1200,4,,1,40,,3366,0,,,1,61,,3366,1260,4,,1,39,,3367,0,,,1,61,,3367,1260,4,,1,39,,3368,0,,,1,61,,3368,1260,4,,1,39,,3369,0,,,1,61,,3369,1260,4,,1
8500,'2',557,,4240,0,,,1,100,,4241,0,,,1,100,,4242,0,,,1,100,,4243,0,,,1,100,,4244,0,,,1,100,,4245,0,,,1,100,,4246,0,,,1,100,,4247,0,,,1,100,,4248,0,,,1,100,,4249,0,,,1,100,,4250,0,,,1,100,,4251,0,,,1,100,,4252,0,,,1,100,,4253,0,,,1,100,,4254,0,,,1,100,,4255,0,,,1,100,,4256,0,,,1,100,,4257,0,,,1
8500,'3',557,,4258,0,,,1,100,,4259,0,,,1,100,,4260,0,,,1,100,,4261,0,,,1,100,,4262,0,,,1,100,,4263,0,,,1,100,,4264,0,,,1,100,,4265,0,,,1,100,,4266,0,,,1,100,,4267,0,,,1,100,,4268,0,,,1,100,,4269,0,,,1,100,,4270,0,,,1,100,,4271,0,,,1,100,,4272,0,,,1,100,,4273,0,,,1,100,,4274,0,,,1,100,,4275,0,,,1
8500,'4',557,,4276,0,,,1,100,,4277,0,,,1,100,,4278,0,,,1,100,,4279,0,,,1,100,,4280,0,,,1,100,,4281,0,,,1,100,,4282,0,,,1,100,,4283,0,,,1,100,,4284,0,,,1,100,,4285,0,,,1,100,,4286,0,,,1,100,,4287,0,,,1,100,,4288,0,,,1,100,,4289,0,,,1,100,,4290,0,,,1,100,,4291,0,,,1,100,,4292,0,,,1,100,,4293,0,,,1
8500,'5',557,,4294,0,,,1,100,,4295,0,,,1,100,,4296,0,,,1,100,,4297,0,,,1,100,,4298,0,,,1,100,,4299,0,,,1,100,,4300,0,,,1,100,,4301,0,,,1,100,,4302,0,,,1,100,,4303,0,,,1,100,,4304,0,,,1,100,,4305,0,,,1,100,,4306,0,,,1,100,,4307,0,,,1,100,,4308,0,,,1,100,,4309,0,,,1,100,,4310,0,,,1,100,,4311,0,,,1
8500,'6',557,,4312,0,,,1,100,,4313,0,,,1,100,,4314,0,,,1,100,,4315,0,,,1,100,,4316,0,,,1,100,,4317,0,,,1,100,,4318,0,,,1,100,,4319,0,,,1,100,,4320,0,,,1,100,,4321,0,,,1,100,,4322,0,,,1,100,,4323,0,,,1,100,,4324,0,,,1,100,,4325,0,,,1,100,,4326,0,,,1,100,,4327,0,,,1,100,,4328,0,,,1,100,,4329,0,,,1
8500,'9',808,,4330,0,,,1,100,,4331,0,,,1,100,,4332,0,,,1,100,,4333,0,,,1,100,,4334,0,,,1,100,,4335,0,,,1,100,,4336,0,,,1,100,,4337,0,,,1,100,,4338,0,,,1,100,,4339,0,,,1,100,,4340,0,,,1,100,,4341,0,,,1
8501,'2',648,,4342,2640,4,,1,100,,4343,2640,4,,1,107,,4344,3060,4,,1,100,,4345,3060,4,,1,100,,4346,3060,4,,1,100,,4347,3060,4,,1,102,,4348,3180,4,,1,100,,4349,3180,4,,1,100,,4350,3180,4,,1,102,,4351,3300,4,,1,100,,4352,3300,4,,1,142,,4353,3420,4,,1,54,,4354,3060,4,,1,100,,4355,3060,4,,1,95,,4356,2760,4,,1,100,,4357,2760,4,,1,96,,4358,2520,4,,1,100,,4359,2520,4,,1
8501,'3',648,,4360,2640,4,,1,100,,4361,2640,4,,1,107,,4362,3060,4,,1,100,,4363,3060,4,,1,100,,4364,3060,4,,1,100,,4365,3060,4,,1,102,,4366,3180,4,,1,100,,4367,3180,4,,1,100,,4368,3180,4,,1,102,,4369,3300,4,,1,100,,4370,3300,4,,1,142,,4371,3420,4,,1,54,,4372,3060,4,,1,100,,4373,3060,4,,1,95,,4374,2760,4,,1,100,,4375,2760,4,,1,96,,4376,2520,4,,1,100,,4377,2520,4,,1
8501,'4',648,,4378,2640,4,,1,100,,4379,2640,4,,1,107,,4380,3060,4,,1,100,,4381,3060,4,,1,100,,4382,3060,4,,1,100,,4383,3060,4,,1,102,,4384,3180,4,,1,100,,4385,3180,4,,1,100,,4386,3180,4,,1,102,,4387,3300,4,,1,100,,4388,3300,4,,1,142,,4389,3420,4,,1,54,,4390,3060,4,,1,100,,4391,3060,4,,1,95,,4392,2760,4,,1,100,,4393,2760,4,,1,96,,4394,2520,4,,1,100,,4395,2520,4,,1
8501,'5',648,,4396,2640,4,,1,100,,4397,2640,4,,1,107,,4398,3060,4,,1,100,,4399,3060,4,,1,100,,4400,3060,4,,1,100,,4401,3060,4,,1,102,,4402,3180,4,,1,100,,4403,3180,4,,1,100,,4404,3180,4,,1,102,,4405,3300,4,,1,100,,4406,3300,4,,1,142,,4407,3420,4,,1,54,,4408,3060,4,,1,100,,4409,3060,4,,1,95,,4410,2760,4,,1,100,,4411,2760,4,,1,96,,4412,2520,4,,1,100,,4413,2520,4,,1
8501,'6',648,,4414,2640,4,,1,100,,4415,2640,4,,1,107,,4416,3060,4,,1,100,,4417,3060,4,,1,100,,4418,3060,4,,1,100,,4419,3060,4,,1,102,,4420,3180,4,,1,100,,4421,3180,4,,1,100,,4422,3180,4,,1,102,,4423,3300,4,,1,100,,4424,3300,4,,1,142,,4425,3420,4,,1,54,,4426,3060,4,,1,100,,4427,3060,4,,1,95,,4428,2760,4,,1,100,,4429,2760,4,,1,96,,4430,2520,4,,1,100,,4431,2520,4,,1
8501,'9',855,,4432,2760,4,,1,100,,4433,2760,4,,1,100,,4434,2760,4,,1,103,,4435,2940,4,,1,100,,4436,2940,4,,1,100,,4437,2940,4,,1,100,,4438,2940,4,,1,144,,4439,3180,4,,1,100,,4440,3180,4,,1,100,,4441,3180,4,,1,100,,4442,3180,4,,1,100,,4443,3180,4,,1
