2501,'2',606,,1659,297,,,1,30,,1660,297,,,1,70,,1661,297,,,1,32,,1662,395,,,1,70,,1663,395,,,1,30,,1664,395,,,1,69,,1665,395,,,1,29,,1666,395,,,1,70,,1667,455,,,1,29,,1668,455,,,1,69,,1669,455,,,1,29,,1670,455,,,1,70,,1671,455,,,1,29,,1672,455,,,1,69,,1673,455,,,1,29,,1674,455,,,1,29,,1675,455,,,1,71,,1676,515,,,1,70,,1677,515,,,1,31,,1678,515,,,1,71,,1679,515,,,1,31,,1680,515,,,1,70,,1681,455,,,1,31,,1682,455,,,1,72,,1683,455,,,1,30,,1684,376,,,1,70,,1685,376,,,1,30,,1686,376,,,1,70,,1687,376,,,1,29,,1688,316,,,1,70,,1689,316,,,1,30,,1690,316,,,1,70,,1691,316,,,1,30,,1692,316,,,1,70,,1693,316,,,1
2501,'3',606,,1694,297,,,1,30,,1695,297,,,1,70,,1696,297,,,1,32,,1697,395,,,1,70,,1698,395,,,1,30,,1699,395,,,1,69,,1700,395,,,1,29,,1701,395,,,1,70,,1702,455,,,1,29,,1703,455,,,1,69,,1704,455,,,1,29,,1705,455,,,1,70,,1706,455,,,1,29,,1707,455,,,1,69,,1708,455,,,1,29,,1709,455,,,1,29,,1710,455,,,1,71,,1711,515,,,1,70,,1712,515,,,1,31,,1713,515,,,1,71,,1714,515,,,1,31,,1715,515,,,1,70,,1716,455,,,1,31,,1717,455,,,1,72,,1718,455,,,1,30,,1719,376,,,1,70,,1720,376,,,1,30,,1721,376,,,1,70,,1722,376,,,1,29,,1723,316,,,1,70,,1724,316,,,1,30,,1725,316,,,1,70,,1726,316,,,1,30,,1727,316,,,1,70,,1728,316,,,1
2501,'4',606,,1729,297,,,1,30,,1730,297,,,1,70,,1731,297,,,1,32,,1732,395,,,1,70,,1733,395,,,1,30,,1734,395,,,1,69,,1735,395,,,1,29,,1736,395,,,1,70,,1737,455,,,1,29,,1738,455,,,1,69,,1739,455,,,1,29,,1740,455,,,1,70,,1741,455,,,1,29,,1742,455,,,1,69,,1743,455,,,1,29,,1744,455,,,1,29,,1745,455,,,1,71,,1746,515,,,1,70,,1747,515,,,1,31,,1748,515,,,1,71,,1749,515,,,1,31,,1750,515,,,1,70,,1751,455,,,1,31,,1752,455,,,1,72,,1753,455,,,1,30,,1754,376,,,1,70,,1755,376,,,1,30,,1756,376,,,1,70,,1757,376,,,1,29,,1758,316,,,1,70,,1759,316,,,1,30,,1760,316,,,1,70,,1761,316,,,1,30,,1762,316,,,1,70,,1763,316,,,1
2501,'5',606,,1764,297,,,1,30,,1765,297,,,1,70,,1766,297,,,1,32,,1767,395,,,1,70,,1768,395,,,1,30,,1769,395,,,1,69,,1770,395,,,1,29,,1771,395,,,1,70,,1772,455,,,1,29,,1773,455,,,1,69,,1774,455,,,1,29,,1775,455,,,1,70,,1776,455,,,1,29,,1777,455,,,1,69,,1778,455,,,1,29,,1779,455,,,1,29,,1780,455,,,1,71,,1781,515,,,1,70,,1782,515,,,1,31,,1783,515,,,1,71,,1784,515,,,1,31,,1785,515,,,1,70,,1786,455,,,1,31,,1787,455,,,1,72,,1788,455,,,1,30,,1789,376,,,1,70,,1790,376,,,1,30,,1791,376,,,1,70,,1792,376,,,1,29,,1793,316,,,1,70,,1794,316,,,1,30,,1795,316,,,1,70,,1796,316,,,1,30,,1797,316,,,1,70,,1798,316,,,1
2501,'6',606,,1799,297,,,1,30,,1800,297,,,1,70,,1801,297,,,1,32,,1802,395,,,1,70,,1803,395,,,1,30,,1804,395,,,1,69,,1805,395,,,1,29,,1806,395,,,1,70,,1807,455,,,1,29,,1808,455,,,1,69,,1809,455,,,1,29,,1810,455,,,1,70,,1811,455,,,1,29,,1812,455,,,1,69,,1813,455,,,1,29,,1814,455,,,1,29,,1815,455,,,1,71,,1816,515,,,1,70,,1817,515,,,1,31,,1818,515,,,1,71,,1819,515,,,1,31,,1820,515,,,1,70,,1821,455,,,1,31,,1822,455,,,1,72,,1823,455,,,1,30,,1824,376,,,1,70,,1825,376,,,1,30,,1826,376,,,1,70,,1827,376,,,1,29,,1828,316,,,1,70,,1829,316,,,1,30,,1830,316,,,1,70,,1831,316,,,1,30,,1832,316,,,1,70,,1833,316,,,1
2501,'9',809,,1834,316,,,1,31,,1835,316,,,1,71,,1836,316,,,1,30,,1837,316,,,1,70,,1838,316,,,1,30,,1839,316,,,1,71,,1840,376,,,1,30,,1841,376,,,1,70,,1842,376,,,1,30,,1843,376,,,1,70,,1844,376,,,1,30,,1845,376,,,1,70,,1846,376,,,1,30,,1847,376,,,1,71,,1848,436,,,1,30,,1849,436,,,1,70,,1850,436,,,1,30,,1851,436,,,1,70,,1852,436,,,1,30,,1853,436,,,1,70,,1854,436,,,1,100,,1855,436,,,1
5101,'2',622,,3370,865,,,1,30,,3371,865,,,1,70,,3372,865,,,1,33,,3373,1051,,,1,72,,3374,1051,,,1,32,,3375,1051,,,1,72,,3376,1051,,,1,72,,3377,1051,,,1,33,,3378,1111,,,1,72,,3379,1111,,,1,32,,3380,1111,,,1,72,,3381,1111,,,1,33,,3382,1111,,,1,73,,3383,1111,,,1,33,,3384,1111,,,1,72,,3385,1111,,,1,34,,3386,1143,,,1,73,,3387,1143,,,1,73,,3388,1143,,,1,33,,3389,1143,,,1,73,,3390,1171,,,1,33,,3391,1171,,,1,73,,3392,1171,,,1,31,,3393,1078,,,1,73,,3394,1078,,,1,32,,3395,1078,,,1,71,,3396,985,,,1,32,,3397,985,,,1,72,,3398,985,,,1,32,,3399,985,,,1,71,,3400,925,,,1
5101,'3',622,,3401,865,,,1,30,,3402,865,,,1,70,,3403,865,,,1,33,,3404,1051,,,1,72,,3405,1051,,,1,32,,3406,1051,,,1,72,,3407,1051,,,1,72,,3408,1051,,,1,33,,3409,1111,,,1,72,,3410,1111,,,1,32,,3411,1111,,,1,72,,3412,1111,,,1,33,,3413,1111,,,1,73,,3414,1111,,,1,33,,3415,1111,,,1,72,,3416,1111,,,1,34,,3417,1143,,,1,73,,3418,1143,,,1,73,,3419,1143,,,1,33,,3420,1143,,,1,73,,3421,1171,,,1,33,,3422,1171,,,1,73,,3423,1171,,,1,31,,3424,1078,,,1,73,,3425,1078,,,1,32,,3426,1078,,,1,71,,3427,985,,,1,32,,3428,985,,,1,72,,3429,985,,,1,32,,3430,985,,,1,71,,3431,925,,,1
5101,'4',622,,3432,865,,,1,30,,3433,865,,,1,70,,3434,865,,,1,33,,3435,1051,,,1,72,,3436,1051,,,1,32,,3437,1051,,,1,72,,3438,1051,,,1,72,,3439,1051,,,1,33,,3440,1111,,,1,72,,3441,1111,,,1,32,,3442,1111,,,1,72,,3443,1111,,,1,33,,3444,1111,,,1,73,,3445,1111,,,1,33,,3446,1111,,,1,72,,3447,1111,,,1,34,,3448,1143,,,1,73,,3449,1143,,,1,73,,3450,1143,,,1,33,,3451,1143,,,1,73,,3452,1171,,,1,33,,3453,1171,,,1,73,,3454,1171,,,1,31,,3455,1078,,,1,73,,3456,1078,,,1,32,,3457,1078,,,1,71,,3458,985,,,1,32,,3459,985,,,1,72,,3460,985,,,1,32,,3461,985,,,1,71,,3462,925,,,1
5101,'5',622,,3463,865,,,1,30,,3464,865,,,1,70,,3465,865,,,1,33,,3466,1051,,,1,72,,3467,1051,,,1,32,,3468,1051,,,1,72,,3469,1051,,,1,72,,3470,1051,,,1,33,,3471,1111,,,1,72,,3472,1111,,,1,32,,3473,1111,,,1,72,,3474,1111,,,1,33,,3475,1111,,,1,73,,3476,1111,,,1,33,,3477,1111,,,1,72,,3478,1111,,,1,34,,3479,1143,,,1,73,,3480,1143,,,1,73,,3481,1143,,,1,33,,3482,1143,,,1,73,,3483,1171,,,1,33,,3484,1171,,,1,73,,3485,1171,,,1,31,,3486,1078,,,1,73,,3487,1078,,,1,32,,3488,1078,,,1,71,,3489,985,,,1,32,,3490,985,,,1,72,,3491,985,,,1,32,,3492,985,,,1,71,,3493,925,,,1
5101,'6',622,,3494,865,,,1,30,,3495,865,,,1,70,,3496,865,,,1,33,,3497,1051,,,1,72,,3498,1051,,,1,32,,3499,1051,,,1,72,,3500,1051,,,1,72,,3501,1051,,,1,33,,3502,1111,,,1,72,,3503,1111,,,1,32,,3504,1111,,,1,72,,3505,1111,,,1,33,,3506,1111,,,1,73,,3507,1111,,,1,33,,3508,1111,,,1,72,,3509,1111,,,1,34,,3510,1143,,,1,73,,3511,1143,,,1,73,,3512,1143,,,1,33,,3513,1143,,,1,73,,3514,1171,,,1,33,,3515,1171,,,1,73,,3516,1171,,,1,31,,3517,1078,,,1,73,,3518,1078,,,1,32,,3519,1078,,,1,71,,3520,985,,,1,32,,3521,985,,,1,72,,3522,985,,,1,32,,3523,985,,,1,71,,3524,925,,,1
5101,'9',835,,3525,958,,,1,100,,3526,958,,,1,100,,3527,958,,,1,103,,3528,1083,,,1,100,,3529,1083,,,1,100,,3530,1083,,,1,100,,3531,1083,,,1,97,,3532,958,,,1,100,,3533,958,,,1,100,,3534,958,,,1,100,,3535,958,,,1,100,,3536,958,,,1
