3501,'2',627,,2848,55,,,1,30,,2849,55,,,1,70,,2850,55,,,1,30,,2851,55,,,1,70,,2852,55,,,1,29,,2853,55,,,1,69,,2854,55,,,1,29,,2855,55,,,1,70,,2856,68,,,1,29,,2857,68,,,1,69,,2858,68,,,1,29,,2859,68,,,1,69,,2860,68,,,1,30,,2861,68,,,1,70,,2862,68,,,1,29,,2863,68,,,1,70,,2864,68,,,1,30,,2865,82,,,1,71,,2866,82,,,1,30,,2867,82,,,1,70,,2868,82,,,1,30,,2869,96,,,1,71,,2870,96,,,1,31,,2871,96,,,1,71,,2872,68,,,1,30,,2873,68,,,1,70,,2874,68,,,1,30,,2875,68,,,1,69,,2876,55,,,1,30,,2877,55,,,1,70,,2878,55,,,1,35,,2879,55,,,1,65,,2880,55,,,1,30,,2881,55,,,1
3501,'3',627,,2882,55,,,1,30,,2883,55,,,1,70,,2884,55,,,1,30,,2885,55,,,1,70,,2886,55,,,1,29,,2887,55,,,1,69,,2888,55,,,1,29,,2889,55,,,1,70,,2890,68,,,1,29,,2891,68,,,1,69,,2892,68,,,1,29,,2893,68,,,1,69,,2894,68,,,1,30,,2895,68,,,1,70,,2896,68,,,1,29,,2897,68,,,1,70,,2898,68,,,1,30,,2899,82,,,1,71,,2900,82,,,1,30,,2901,82,,,1,70,,2902,82,,,1,30,,2903,96,,,1,71,,2904,96,,,1,31,,2905,96,,,1,71,,2906,68,,,1,30,,2907,68,,,1,70,,2908,68,,,1,30,,2909,68,,,1,69,,2910,55,,,1,30,,2911,55,,,1,70,,2912,55,,,1,35,,2913,55,,,1,65,,2914,55,,,1,30,,2915,55,,,1
3501,'4',627,,2916,55,,,1,30,,2917,55,,,1,70,,2918,55,,,1,30,,2919,55,,,1,70,,2920,55,,,1,29,,2921,55,,,1,69,,2922,55,,,1,29,,2923,55,,,1,70,,2924,68,,,1,29,,2925,68,,,1,69,,2926,68,,,1,29,,2927,68,,,1,69,,2928,68,,,1,30,,2929,68,,,1,70,,2930,68,,,1,29,,2931,68,,,1,70,,2932,68,,,1,30,,2933,82,,,1,71,,2934,82,,,1,30,,2935,82,,,1,70,,2936,82,,,1,30,,2937,96,,,1,71,,2938,96,,,1,31,,2939,96,,,1,71,,2940,68,,,1,30,,2941,68,,,1,70,,2942,68,,,1,30,,2943,68,,,1,69,,2944,55,,,1,30,,2945,55,,,1,70,,2946,55,,,1,35,,2947,55,,,1,65,,2948,55,,,1,30,,2949,55,,,1
3501,'5',627,,2950,55,,,1,30,,2951,55,,,1,70,,2952,55,,,1,30,,2953,55,,,1,70,,2954,55,,,1,29,,2955,55,,,1,69,,2956,55,,,1,29,,2957,55,,,1,70,,2958,68,,,1,29,,2959,68,,,1,69,,2960,68,,,1,29,,2961,68,,,1,69,,2962,68,,,1,30,,2963,68,,,1,70,,2964,68,,,1,29,,2965,68,,,1,70,,2966,68,,,1,30,,2967,82,,,1,71,,2968,82,,,1,30,,2969,82,,,1,70,,2970,82,,,1,30,,2971,96,,,1,71,,2972,96,,,1,31,,2973,96,,,1,71,,2974,68,,,1,30,,2975,68,,,1,70,,2976,68,,,1,30,,2977,68,,,1,69,,2978,55,,,1,30,,2979,55,,,1,70,,2980,55,,,1,35,,2981,55,,,1,65,,2982,55,,,1,30,,2983,55,,,1
3501,'6',627,,2984,55,,,1,30,,2985,55,,,1,70,,2986,55,,,1,30,,2987,55,,,1,70,,2988,55,,,1,29,,2989,55,,,1,69,,2990,55,,,1,29,,2991,55,,,1,70,,2992,68,,,1,29,,2993,68,,,1,69,,2994,68,,,1,29,,2995,68,,,1,69,,2996,68,,,1,30,,2997,68,,,1,70,,2998,68,,,1,29,,2999,68,,,1,70,,3000,68,,,1,30,,3001,82,,,1,71,,3002,82,,,1,30,,3003,82,,,1,70,,3004,82,,,1,30,,3005,96,,,1,71,,3006,96,,,1,31,,3007,96,,,1,71,,3008,68,,,1,30,,3009,68,,,1,70,,3010,68,,,1,30,,3011,68,,,1,69,,3012,55,,,1,30,,3013,55,,,1,70,,3014,55,,,1,35,,3015,55,,,1,65,,3016,55,,,1,30,,3017,55,,,1
3501,'9',810,,3018,55,,,1,30,,3019,55,,,1,70,,3020,55,,,1,30,,3021,55,,,1,70,,3022,55,,,1,30,,3023,55,,,1,71,,3024,68,,,1,30,,3025,68,,,1,70,,3026,68,,,1,30,,3027,68,,,1,70,,3028,68,,,1,30,,3029,68,,,1,70,,3030,68,,,1,30,,3031,68,,,1,70,,3032,68,,,1,30,,3033,68,,,1,70,,3034,68,,,1,30,,3035,68,,,1,70,,3036,68,,,1,30,,3037,68,,,1,70,,3038,68,,,1,96,,3039,68,,,1
6501,'2',622,,4063,42,,,1,30,,4064,42,,,1,70,,4065,42,,,1,30,,4066,46,,,1,70,,4067,46,,,1,30,,4068,46,,,1,70,,4069,46,,,1,30,,4070,46,,,1,70,,4071,46,,,1,30,,4072,46,,,1,70,,4073,46,,,1,30,,4074,46,,,1,70,,4075,46,,,1,30,,4076,46,,,1,70,,4077,46,,,1,30,,4078,46,,,1,70,,4079,50,,,1,30,,4080,50,,,1,70,,4081,50,,,1,30,,4082,50,,,1,70,,4083,50,,,1,30,,4084,50,,,1,70,,4085,50,,,1,30,,4086,50,,,1,70,,4087,46,,,1,30,,4088,46,,,1,70,,4089,46,,,1,30,,4090,46,,,1,70,,4091,42,,,1,30,,4092,42,,,1,70,,4093,42,,,1,30,,4094,42,,,1,70,,4095,39,,,1
6501,'3',622,,4096,42,,,1,30,,4097,42,,,1,70,,4098,42,,,1,30,,4099,46,,,1,70,,4100,46,,,1,30,,4101,46,,,1,70,,4102,46,,,1,30,,4103,46,,,1,70,,4104,46,,,1,30,,4105,46,,,1,70,,4106,46,,,1,30,,4107,46,,,1,70,,4108,46,,,1,30,,4109,46,,,1,70,,4110,46,,,1,30,,4111,46,,,1,70,,4112,50,,,1,30,,4113,50,,,1,70,,4114,50,,,1,30,,4115,50,,,1,70,,4116,50,,,1,30,,4117,50,,,1,70,,4118,50,,,1,30,,4119,50,,,1,70,,4120,46,,,1,30,,4121,46,,,1,70,,4122,46,,,1,30,,4123,46,,,1,70,,4124,42,,,1,30,,4125,42,,,1,70,,4126,42,,,1,30,,4127,42,,,1,70,,4128,39,,,1
6501,'4',622,,4129,42,,,1,30,,4130,42,,,1,70,,4131,42,,,1,30,,4132,46,,,1,70,,4133,46,,,1,30,,4134,46,,,1,70,,4135,46,,,1,30,,4136,46,,,1,70,,4137,46,,,1,30,,4138,46,,,1,70,,4139,46,,,1,30,,4140,46,,,1,70,,4141,46,,,1,30,,4142,46,,,1,70,,4143,46,,,1,30,,4144,46,,,1,70,,4145,50,,,1,30,,4146,50,,,1,70,,4147,50,,,1,30,,4148,50,,,1,70,,4149,50,,,1,30,,4150,50,,,1,70,,4151,50,,,1,30,,4152,50,,,1,70,,4153,46,,,1,30,,4154,46,,,1,70,,4155,46,,,1,30,,4156,46,,,1,70,,4157,42,,,1,30,,4158,42,,,1,70,,4159,42,,,1,30,,4160,42,,,1,70,,4161,39,,,1
6501,'5',622,,4162,42,,,1,30,,4163,42,,,1,70,,4164,42,,,1,30,,4165,46,,,1,70,,4166,46,,,1,30,,4167,46,,,1,70,,4168,46,,,1,30,,4169,46,,,1,70,,4170,46,,,1,30,,4171,46,,,1,70,,4172,46,,,1,30,,4173,46,,,1,70,,4174,46,,,1,30,,4175,46,,,1,70,,4176,46,,,1,30,,4177,46,,,1,70,,4178,50,,,1,30,,4179,50,,,1,70,,4180,50,,,1,30,,4181,50,,,1,70,,4182,50,,,1,30,,4183,50,,,1,70,,4184,50,,,1,30,,4185,50,,,1,70,,4186,46,,,1,30,,4187,46,,,1,70,,4188,46,,,1,30,,4189,46,,,1,70,,4190,42,,,1,30,,4191,42,,,1,70,,4192,42,,,1,30,,4193,42,,,1,70,,4194,39,,,1
6501,'6',622,,4195,42,,,1,30,,4196,42,,,1,70,,4197,42,,,1,30,,4198,46,,,1,70,,4199,46,,,1,30,,4200,46,,,1,70,,4201,46,,,1,30,,4202,46,,,1,70,,4203,46,,,1,30,,4204,46,,,1,70,,4205,46,,,1,30,,4206,46,,,1,70,,4207,46,,,1,30,,4208,46,,,1,70,,4209,46,,,1,30,,4210,46,,,1,70,,4211,50,,,1,30,,4212,50,,,1,70,,4213,50,,,1,30,,4214,50,,,1,70,,4215,50,,,1,30,,4216,50,,,1,70,,4217,50,,,1,30,,4218,50,,,1,70,,4219,46,,,1,30,,4220,46,,,1,70,,4221,46,,,1,30,,4222,46,,,1,70,,4223,42,,,1,30,,4224,42,,,1,70,,4225,42,,,1,30,,4226,42,,,1,70,,4227,39,,,1
6501,'9',801,,4228,42,,,1,100,,4229,42,,,1,100,,4230,42,,,1,100,,4231,46,,,1,100,,4232,46,,,1,100,,4233,46,,,1,100,,4234,46,,,1,100,,4235,46,,,1,100,,4236,46,,,1,100,,4237,46,,,1,100,,4238,46,,,1,100,,4239,46,,,1
