3501,'2',630,,2848,194,,,1,70,,2849,194,,,1,30,,2850,194,,,1,70,,2851,194,,,1,30,,2852,194,,,1,29,,2853,194,,,1,69,,2854,194,,,1,29,,2855,194,,,1,70,,2856,242,,,1,29,,2857,242,,,1,69,,2858,242,,,1,29,,2859,242,,,1,69,,2860,242,,,1,30,,2861,242,,,1,70,,2862,242,,,1,29,,2863,242,,,1,70,,2864,242,,,1,30,,2865,291,,,1,71,,2866,291,,,1,30,,2867,291,,,1,70,,2868,291,,,1,31,,2869,340,,,1,71,,2870,340,,,1,31,,2871,340,,,1,70,,2872,242,,,1,30,,2873,242,,,1,70,,2874,242,,,1,30,,2875,242,,,1,69,,2876,194,,,1,30,,2877,194,,,1,70,,2878,194,,,1,75,,2879,194,,,1,25,,2880,194,,,1,30,,2881,194,,,1
3501,'3',630,,2882,194,,,1,70,,2883,194,,,1,30,,2884,194,,,1,70,,2885,194,,,1,30,,2886,194,,,1,29,,2887,194,,,1,69,,2888,194,,,1,29,,2889,194,,,1,70,,2890,242,,,1,29,,2891,242,,,1,69,,2892,242,,,1,29,,2893,242,,,1,69,,2894,242,,,1,30,,2895,242,,,1,70,,2896,242,,,1,29,,2897,242,,,1,70,,2898,242,,,1,30,,2899,291,,,1,71,,2900,291,,,1,30,,2901,291,,,1,70,,2902,291,,,1,31,,2903,340,,,1,71,,2904,340,,,1,31,,2905,340,,,1,70,,2906,242,,,1,30,,2907,242,,,1,70,,2908,242,,,1,30,,2909,242,,,1,69,,2910,194,,,1,30,,2911,194,,,1,70,,2912,194,,,1,75,,2913,194,,,1,25,,2914,194,,,1,30,,2915,194,,,1
3501,'4',630,,2916,194,,,1,70,,2917,194,,,1,30,,2918,194,,,1,70,,2919,194,,,1,30,,2920,194,,,1,29,,2921,194,,,1,69,,2922,194,,,1,29,,2923,194,,,1,70,,2924,242,,,1,29,,2925,242,,,1,69,,2926,242,,,1,29,,2927,242,,,1,69,,2928,242,,,1,30,,2929,242,,,1,70,,2930,242,,,1,29,,2931,242,,,1,70,,2932,242,,,1,30,,2933,291,,,1,71,,2934,291,,,1,30,,2935,291,,,1,70,,2936,291,,,1,31,,2937,340,,,1,71,,2938,340,,,1,31,,2939,340,,,1,70,,2940,242,,,1,30,,2941,242,,,1,70,,2942,242,,,1,30,,2943,242,,,1,69,,2944,194,,,1,30,,2945,194,,,1,70,,2946,194,,,1,75,,2947,194,,,1,25,,2948,194,,,1,30,,2949,194,,,1
3501,'5',630,,2950,194,,,1,70,,2951,194,,,1,30,,2952,194,,,1,70,,2953,194,,,1,30,,2954,194,,,1,29,,2955,194,,,1,69,,2956,194,,,1,29,,2957,194,,,1,70,,2958,242,,,1,29,,2959,242,,,1,69,,2960,242,,,1,29,,2961,242,,,1,69,,2962,242,,,1,30,,2963,242,,,1,70,,2964,242,,,1,29,,2965,242,,,1,70,,2966,242,,,1,30,,2967,291,,,1,71,,2968,291,,,1,30,,2969,291,,,1,70,,2970,291,,,1,31,,2971,340,,,1,71,,2972,340,,,1,31,,2973,340,,,1,70,,2974,242,,,1,30,,2975,242,,,1,70,,2976,242,,,1,30,,2977,242,,,1,69,,2978,194,,,1,30,,2979,194,,,1,70,,2980,194,,,1,75,,2981,194,,,1,25,,2982,194,,,1,30,,2983,194,,,1
3501,'6',630,,2984,194,,,1,70,,2985,194,,,1,30,,2986,194,,,1,70,,2987,194,,,1,30,,2988,194,,,1,29,,2989,194,,,1,69,,2990,194,,,1,29,,2991,194,,,1,70,,2992,242,,,1,29,,2993,242,,,1,69,,2994,242,,,1,29,,2995,242,,,1,69,,2996,242,,,1,30,,2997,242,,,1,70,,2998,242,,,1,29,,2999,242,,,1,70,,3000,242,,,1,30,,3001,291,,,1,71,,3002,291,,,1,30,,3003,291,,,1,70,,3004,291,,,1,31,,3005,340,,,1,71,,3006,340,,,1,31,,3007,340,,,1,70,,3008,242,,,1,30,,3009,242,,,1,70,,3010,242,,,1,30,,3011,242,,,1,69,,3012,194,,,1,30,,3013,194,,,1,70,,3014,194,,,1,75,,3015,194,,,1,25,,3016,194,,,1,30,,3017,194,,,1
3501,'9',813,,3018,194,,,1,30,,3019,194,,,1,70,,3020,194,,,1,30,,3021,194,,,1,70,,3022,194,,,1,30,,3023,194,,,1,71,,3024,242,,,1,30,,3025,242,,,1,70,,3026,242,,,1,30,,3027,242,,,1,70,,3028,242,,,1,30,,3029,242,,,1,70,,3030,242,,,1,30,,3031,242,,,1,70,,3032,242,,,1,30,,3033,242,,,1,70,,3034,242,,,1,30,,3035,242,,,1,70,,3036,242,,,1,30,,3037,242,,,1,70,,3038,242,,,1,96,,3039,242,,,1
6501,'2',624,,4063,151,,,1,30,,4064,151,,,1,70,,4065,151,,,1,30,,4066,164,,,1,70,,4067,164,,,1,30,,4068,164,,,1,70,,4069,164,,,1,30,,4070,164,,,1,70,,4071,164,,,1,30,,4072,164,,,1,70,,4073,164,,,1,30,,4074,164,,,1,70,,4075,164,,,1,30,,4076,164,,,1,70,,4077,164,,,1,30,,4078,164,,,1,70,,4079,178,,,1,30,,4080,178,,,1,70,,4081,178,,,1,30,,4082,178,,,1,70,,4083,178,,,1,30,,4084,178,,,1,70,,4085,178,,,1,30,,4086,178,,,1,70,,4087,164,,,1,30,,4088,164,,,1,70,,4089,164,,,1,30,,4090,164,,,1,70,,4091,151,,,1,30,,4092,151,,,1,70,,4093,151,,,1,30,,4094,151,,,1,70,,4095,137,,,1
6501,'3',624,,4096,151,,,1,30,,4097,151,,,1,70,,4098,151,,,1,30,,4099,164,,,1,70,,4100,164,,,1,30,,4101,164,,,1,70,,4102,164,,,1,30,,4103,164,,,1,70,,4104,164,,,1,30,,4105,164,,,1,70,,4106,164,,,1,30,,4107,164,,,1,70,,4108,164,,,1,30,,4109,164,,,1,70,,4110,164,,,1,30,,4111,164,,,1,70,,4112,178,,,1,30,,4113,178,,,1,70,,4114,178,,,1,30,,4115,178,,,1,70,,4116,178,,,1,30,,4117,178,,,1,70,,4118,178,,,1,30,,4119,178,,,1,70,,4120,164,,,1,30,,4121,164,,,1,70,,4122,164,,,1,30,,4123,164,,,1,70,,4124,151,,,1,30,,4125,151,,,1,70,,4126,151,,,1,30,,4127,151,,,1,70,,4128,137,,,1
6501,'4',624,,4129,151,,,1,30,,4130,151,,,1,70,,4131,151,,,1,30,,4132,164,,,1,70,,4133,164,,,1,30,,4134,164,,,1,70,,4135,164,,,1,30,,4136,164,,,1,70,,4137,164,,,1,30,,4138,164,,,1,70,,4139,164,,,1,30,,4140,164,,,1,70,,4141,164,,,1,30,,4142,164,,,1,70,,4143,164,,,1,30,,4144,164,,,1,70,,4145,178,,,1,30,,4146,178,,,1,70,,4147,178,,,1,30,,4148,178,,,1,70,,4149,178,,,1,30,,4150,178,,,1,70,,4151,178,,,1,30,,4152,178,,,1,70,,4153,164,,,1,30,,4154,164,,,1,70,,4155,164,,,1,30,,4156,164,,,1,70,,4157,151,,,1,30,,4158,151,,,1,70,,4159,151,,,1,30,,4160,151,,,1,70,,4161,137,,,1
6501,'5',624,,4162,151,,,1,30,,4163,151,,,1,70,,4164,151,,,1,30,,4165,164,,,1,70,,4166,164,,,1,30,,4167,164,,,1,70,,4168,164,,,1,30,,4169,164,,,1,70,,4170,164,,,1,30,,4171,164,,,1,70,,4172,164,,,1,30,,4173,164,,,1,70,,4174,164,,,1,30,,4175,164,,,1,70,,4176,164,,,1,30,,4177,164,,,1,70,,4178,178,,,1,30,,4179,178,,,1,70,,4180,178,,,1,30,,4181,178,,,1,70,,4182,178,,,1,30,,4183,178,,,1,70,,4184,178,,,1,30,,4185,178,,,1,70,,4186,164,,,1,30,,4187,164,,,1,70,,4188,164,,,1,30,,4189,164,,,1,70,,4190,151,,,1,30,,4191,151,,,1,70,,4192,151,,,1,30,,4193,151,,,1,70,,4194,137,,,1
6501,'6',624,,4195,151,,,1,30,,4196,151,,,1,70,,4197,151,,,1,30,,4198,164,,,1,70,,4199,164,,,1,30,,4200,164,,,1,70,,4201,164,,,1,30,,4202,164,,,1,70,,4203,164,,,1,30,,4204,164,,,1,70,,4205,164,,,1,30,,4206,164,,,1,70,,4207,164,,,1,30,,4208,164,,,1,70,,4209,164,,,1,30,,4210,164,,,1,70,,4211,178,,,1,30,,4212,178,,,1,70,,4213,178,,,1,30,,4214,178,,,1,70,,4215,178,,,1,30,,4216,178,,,1,70,,4217,178,,,1,30,,4218,178,,,1,70,,4219,164,,,1,30,,4220,164,,,1,70,,4221,164,,,1,30,,4222,164,,,1,70,,4223,151,,,1,30,,4224,151,,,1,70,,4225,151,,,1,30,,4226,151,,,1,70,,4227,137,,,1
6501,'9',803,,4228,151,,,1,100,,4229,151,,,1,100,,4230,151,,,1,100,,4231,164,,,1,100,,4232,164,,,1,100,,4233,164,,,1,100,,4234,164,,,1,100,,4235,164,,,1,100,,4236,164,,,1,100,,4237,164,,,1,100,,4238,164,,,1,100,,4239,164,,,1
