1101,'2',728,,729,1410,,,1,103,,730,1573,,,1,100,,731,1573,,,1,99,,732,1530,,,1,100,,733,1530,,,1,102,,734,1573,,,1,99,,735,1573,,,1,100,,736,1573,,,1,101,,737,1616,,,1,101,,738,1616,,,1,101,,739,1616,,,1,95,,740,1487,,,1,100,,741,1487,,,1,102,,742,1444,,,1,100,,743,1444,,,1,97,,744,1280,,,1
1101,'3',728,,745,1410,,,1,103,,746,1573,,,1,100,,747,1573,,,1,99,,748,1530,,,1,100,,749,1530,,,1,102,,750,1573,,,1,99,,751,1573,,,1,100,,752,1573,,,1,101,,753,1616,,,1,101,,754,1616,,,1,101,,755,1616,,,1,95,,756,1487,,,1,100,,757,1487,,,1,102,,758,1444,,,1,100,,759,1444,,,1,97,,760,1280,,,1
1101,'4',728,,761,1410,,,1,103,,762,1573,,,1,100,,763,1573,,,1,99,,764,1530,,,1,100,,765,1530,,,1,102,,766,1573,,,1,99,,767,1573,,,1,100,,768,1573,,,1,101,,769,1616,,,1,101,,770,1616,,,1,101,,771,1616,,,1,95,,772,1487,,,1,100,,773,1487,,,1,102,,774,1444,,,1,100,,775,1444,,,1,97,,776,1280,,,1
1101,'5',728,,777,1410,,,1,103,,778,1573,,,1,100,,779,1573,,,1,99,,780,1530,,,1,100,,781,1530,,,1,102,,782,1573,,,1,99,,783,1573,,,1,100,,784,1573,,,1,101,,785,1616,,,1,101,,786,1616,,,1,101,,787,1616,,,1,95,,788,1487,,,1,100,,789,1487,,,1,102,,790,1444,,,1,100,,791,1444,,,1,97,,792,1280,,,1
1101,'6',728,,793,1410,,,1,103,,794,1573,,,1,100,,795,1573,,,1,99,,796,1530,,,1,100,,797,1530,,,1,102,,798,1573,,,1,99,,799,1573,,,1,100,,800,1573,,,1,101,,801,1616,,,1,101,,802,1616,,,1,101,,803,1616,,,1,95,,804,1487,,,1,100,,805,1487,,,1,102,,806,1444,,,1,100,,807,1444,,,1,97,,808,1280,,,1
1101,'9',905,,809,1324,,,1,100,,810,1324,,,1,100,,811,1324,,,1,102,,812,1487,,,1,100,,813,1487,,,1,100,,814,1487,,,1,100,,815,1487,,,1,100,,816,1444,,,1,100,,817,1444,,,1,100,,818,1444,,,1,100,,819,1444,,,1,100,,820,1444,,,1
3001,'2',623,,2175,1115,,,1,15,,2176,1115,,,1,15,,2177,1115,,,1,55,,2178,1115,,,1,15,,2179,1115,,,1,15,,2180,1115,,,1,18,,2181,1278,,,1,55,,2182,1278,,,1,15,,2183,1278,,,1,15,,2184,1278,,,1,15,,2185,1278,,,1,55,,2186,1278,,,1,15,,2187,1278,,,1,15,,2188,1278,,,1,15,,2189,1278,,,1,55,,2190,1278,,,1,15,,2191,1278,,,1,15,,2192,1278,,,1,15,,2193,1278,,,1,55,,2194,1278,,,1,15,,2195,1278,,,1,15,,2196,1278,,,1,15,,2197,1278,,,1,55,,2198,1278,,,1,16,,2199,1338,,,1,15,,2200,1338,,,1,15,,2201,1338,,,1,55,,2202,1338,,,1,15,,2203,1338,,,1,15,,2204,1338,,,1,15,,2205,1338,,,1,55,,2206,1338,,,1,15,,2207,1338,,,1,17,,2208,1381,,,1,56,,2209,1381,,,1,16,,2210,1381,,,1,16,,2211,1381,,,1,16,,2212,1381,,,1,56,,2213,1381,,,1,16,,2214,1381,,,1,16,,2215,1381,,,1,16,,2216,1381,,,1,55,,2217,1338,,,1,16,,2218,1338,,,1,16,,2219,1338,,,1,16,,2220,1338,,,1,56,,2221,1338,,,1,14,,2222,1295,,,1,15,,2223,1295,,,1,15,,2224,1295,,,1,55,,2225,1295,,,1,15,,2226,1295,,,1,30,,2227,1295,,,1,69,,2228,1235,,,1,30,,2229,1235,,,1,70,,2230,1235,,,1,30,,2231,1235,,,1,68,,2232,1132,,,1,100,,2233,1132,,,1
3001,'3',623,,2234,1115,,,1,15,,2235,1115,,,1,15,,2236,1115,,,1,55,,2237,1115,,,1,15,,2238,1115,,,1,15,,2239,1115,,,1,18,,2240,1278,,,1,55,,2241,1278,,,1,15,,2242,1278,,,1,15,,2243,1278,,,1,15,,2244,1278,,,1,55,,2245,1278,,,1,15,,2246,1278,,,1,15,,2247,1278,,,1,15,,2248,1278,,,1,55,,2249,1278,,,1,15,,2250,1278,,,1,15,,2251,1278,,,1,15,,2252,1278,,,1,55,,2253,1278,,,1,15,,2254,1278,,,1,15,,2255,1278,,,1,15,,2256,1278,,,1,55,,2257,1278,,,1,16,,2258,1338,,,1,15,,2259,1338,,,1,15,,2260,1338,,,1,55,,2261,1338,,,1,15,,2262,1338,,,1,15,,2263,1338,,,1,15,,2264,1338,,,1,55,,2265,1338,,,1,15,,2266,1338,,,1,17,,2267,1381,,,1,56,,2268,1381,,,1,16,,2269,1381,,,1,16,,2270,1381,,,1,16,,2271,1381,,,1,56,,2272,1381,,,1,16,,2273,1381,,,1,16,,2274,1381,,,1,16,,2275,1381,,,1,55,,2276,1338,,,1,16,,2277,1338,,,1,16,,2278,1338,,,1,16,,2279,1338,,,1,56,,2280,1338,,,1,14,,2281,1295,,,1,15,,2282,1295,,,1,15,,2283,1295,,,1,55,,2284,1295,,,1,15,,2285,1295,,,1,30,,2286,1295,,,1,69,,2287,1235,,,1,30,,2288,1235,,,1,70,,2289,1235,,,1,30,,2290,1235,,,1,68,,2291,1132,,,1,100,,2292,1132,,,1
3001,'4',623,,2293,1115,,,1,15,,2294,1115,,,1,15,,2295,1115,,,1,55,,2296,1115,,,1,15,,2297,1115,,,1,15,,2298,1115,,,1,18,,2299,1278,,,1,55,,2300,1278,,,1,15,,2301,1278,,,1,15,,2302,1278,,,1,15,,2303,1278,,,1,55,,2304,1278,,,1,15,,2305,1278,,,1,15,,2306,1278,,,1,15,,2307,1278,,,1,55,,2308,1278,,,1,15,,2309,1278,,,1,15,,2310,1278,,,1,15,,2311,1278,,,1,55,,2312,1278,,,1,15,,2313,1278,,,1,15,,2314,1278,,,1,15,,2315,1278,,,1,55,,2316,1278,,,1,16,,2317,1338,,,1,15,,2318,1338,,,1,15,,2319,1338,,,1,55,,2320,1338,,,1,15,,2321,1338,,,1,15,,2322,1338,,,1,15,,2323,1338,,,1,55,,2324,1338,,,1,15,,2325,1338,,,1,17,,2326,1381,,,1,56,,2327,1381,,,1,16,,2328,1381,,,1,16,,2329,1381,,,1,16,,2330,1381,,,1,56,,2331,1381,,,1,16,,2332,1381,,,1,16,,2333,1381,,,1,16,,2334,1381,,,1,55,,2335,1338,,,1,16,,2336,1338,,,1,16,,2337,1338,,,1,16,,2338,1338,,,1,56,,2339,1338,,,1,14,,2340,1295,,,1,15,,2341,1295,,,1,15,,2342,1295,,,1,55,,2343,1295,,,1,15,,2344,1295,,,1,30,,2345,1295,,,1,69,,2346,1235,,,1,30,,2347,1235,,,1,70,,2348,1235,,,1,30,,2349,1235,,,1,68,,2350,1132,,,1,100,,2351,1132,,,1
3001,'5',623,,2352,1115,,,1,15,,2353,1115,,,1,15,,2354,1115,,,1,55,,2355,1115,,,1,15,,2356,1115,,,1,15,,2357,1115,,,1,18,,2358,1278,,,1,55,,2359,1278,,,1,15,,2360,1278,,,1,15,,2361,1278,,,1,15,,2362,1278,,,1,55,,2363,1278,,,1,15,,2364,1278,,,1,15,,2365,1278,,,1,15,,2366,1278,,,1,55,,2367,1278,,,1,15,,2368,1278,,,1,15,,2369,1278,,,1,15,,2370,1278,,,1,55,,2371,1278,,,1,15,,2372,1278,,,1,15,,2373,1278,,,1,15,,2374,1278,,,1,55,,2375,1278,,,1,16,,2376,1338,,,1,15,,2377,1338,,,1,15,,2378,1338,,,1,55,,2379,1338,,,1,15,,2380,1338,,,1,15,,2381,1338,,,1,15,,2382,1338,,,1,55,,2383,1338,,,1,15,,2384,1338,,,1,17,,2385,1381,,,1,56,,2386,1381,,,1,16,,2387,1381,,,1,16,,2388,1381,,,1,16,,2389,1381,,,1,56,,2390,1381,,,1,16,,2391,1381,,,1,16,,2392,1381,,,1,16,,2393,1381,,,1,55,,2394,1338,,,1,16,,2395,1338,,,1,16,,2396,1338,,,1,16,,2397,1338,,,1,56,,2398,1338,,,1,14,,2399,1295,,,1,15,,2400,1295,,,1,15,,2401,1295,,,1,55,,2402,1295,,,1,15,,2403,1295,,,1,30,,2404,1295,,,1,69,,2405,1235,,,1,30,,2406,1235,,,1,70,,2407,1235,,,1,30,,2408,1235,,,1,68,,2409,1132,,,1,100,,2410,1132,,,1
3001,'6',623,,2411,1115,,,1,15,,2412,1115,,,1,15,,2413,1115,,,1,55,,2414,1115,,,1,15,,2415,1115,,,1,15,,2416,1115,,,1,18,,2417,1278,,,1,55,,2418,1278,,,1,15,,2419,1278,,,1,15,,2420,1278,,,1,15,,2421,1278,,,1,55,,2422,1278,,,1,15,,2423,1278,,,1,15,,2424,1278,,,1,15,,2425,1278,,,1,55,,2426,1278,,,1,15,,2427,1278,,,1,15,,2428,1278,,,1,15,,2429,1278,,,1,55,,2430,1278,,,1,15,,2431,1278,,,1,15,,2432,1278,,,1,15,,2433,1278,,,1,55,,2434,1278,,,1,16,,2435,1338,,,1,15,,2436,1338,,,1,15,,2437,1338,,,1,55,,2438,1338,,,1,15,,2439,1338,,,1,15,,2440,1338,,,1,15,,2441,1338,,,1,55,,2442,1338,,,1,15,,2443,1338,,,1,17,,2444,1381,,,1,56,,2445,1381,,,1,16,,2446,1381,,,1,16,,2447,1381,,,1,16,,2448,1381,,,1,56,,2449,1381,,,1,16,,2450,1381,,,1,16,,2451,1381,,,1,16,,2452,1381,,,1,55,,2453,1338,,,1,16,,2454,1338,,,1,16,,2455,1338,,,1,16,,2456,1338,,,1,56,,2457,1338,,,1,14,,2458,1295,,,1,15,,2459,1295,,,1,15,,2460,1295,,,1,55,,2461,1295,,,1,15,,2462,1295,,,1,30,,2463,1295,,,1,69,,2464,1235,,,1,30,,2465,1235,,,1,70,,2466,1235,,,1,30,,2467,1235,,,1,68,,2468,1132,,,1,100,,2469,1132,,,1
3001,'9',846,,2470,1132,,,1,70,,2471,1132,,,1,30,,2472,1132,,,1,70,,2473,1132,,,1,30,,2474,1132,,,1,70,,2475,1132,,,1,33,,2476,1278,,,1,70,,2477,1278,,,1,30,,2478,1278,,,1,70,,2479,1278,,,1,30,,2480,1278,,,1,70,,2481,1278,,,1,30,,2482,1278,,,1,70,,2483,1278,,,1,29,,2484,1235,,,1,70,,2485,1235,,,1,30,,2486,1235,,,1,70,,2487,1235,,,1,30,,2488,1235,,,1,70,,2489,1235,,,1,30,,2490,1235,,,1,70,,2491,1235,,,1,30,,2492,1235,,,1
