2500,'2',650,,1462,2761,,,1,70,,1463,2761,,,1,30,,1464,2761,,,1,75,,1465,3121,,,1,29,,1466,3121,,,1,69,,1467,3121,,,1,29,,1468,3121,,,1,69,,1469,3121,,,1,26,,1470,2994,,,1,69,,1471,2994,,,1,29,,1472,2994,,,1,69,,1473,2994,,,1,29,,1474,2994,,,1,70,,1475,3174,,,1,31,,1476,3174,,,1,70,,1477,3174,,,1,29,,1478,3174,,,1,68,,1479,3174,,,1,35,,1480,3406,,,1,71,,1481,3406,,,1,31,,1482,3406,,,1,71,,1483,3406,,,1,32,,1484,3466,,,1,70,,1485,3466,,,1,31,,1486,3466,,,1,64,,1487,3039,,,1,30,,1488,3039,,,1,70,,1489,3039,,,1,30,,1490,3039,,,1,68,,1491,2904,,,1,30,,1492,2904,,,1,70,,1493,2904,,,1,30,,1494,2904,,,1,63,,1495,2476,,,1,38,,1496,2476,,,1
2500,'3',650,,1497,2761,,,1,70,,1498,2761,,,1,30,,1499,2761,,,1,75,,1500,3121,,,1,29,,1501,3121,,,1,69,,1502,3121,,,1,29,,1503,3121,,,1,69,,1504,3121,,,1,26,,1505,2994,,,1,69,,1506,2994,,,1,29,,1507,2994,,,1,69,,1508,2994,,,1,29,,1509,2994,,,1,70,,1510,3174,,,1,31,,1511,3174,,,1,70,,1512,3174,,,1,29,,1513,3174,,,1,68,,1514,3174,,,1,35,,1515,3406,,,1,71,,1516,3406,,,1,31,,1517,3406,,,1,71,,1518,3406,,,1,32,,1519,3466,,,1,70,,1520,3466,,,1,31,,1521,3466,,,1,64,,1522,3039,,,1,30,,1523,3039,,,1,70,,1524,3039,,,1,30,,1525,3039,,,1,68,,1526,2904,,,1,30,,1527,2904,,,1,70,,1528,2904,,,1,30,,1529,2904,,,1,63,,1530,2476,,,1,38,,1531,2476,,,1
2500,'4',650,,1532,2761,,,1,70,,1533,2761,,,1,30,,1534,2761,,,1,75,,1535,3121,,,1,29,,1536,3121,,,1,69,,1537,3121,,,1,29,,1538,3121,,,1,69,,1539,3121,,,1,26,,1540,2994,,,1,69,,1541,2994,,,1,29,,1542,2994,,,1,69,,1543,2994,,,1,29,,1544,2994,,,1,70,,1545,3174,,,1,31,,1546,3174,,,1,70,,1547,3174,,,1,29,,1548,3174,,,1,68,,1549,3174,,,1,35,,1550,3406,,,1,71,,1551,3406,,,1,31,,1552,3406,,,1,71,,1553,3406,,,1,32,,1554,3466,,,1,70,,1555,3466,,,1,31,,1556,3466,,,1,64,,1557,3039,,,1,30,,1558,3039,,,1,70,,1559,3039,,,1,30,,1560,3039,,,1,68,,1561,2904,,,1,30,,1562,2904,,,1,70,,1563,2904,,,1,30,,1564,2904,,,1,63,,1565,2476,,,1,38,,1566,2476,,,1
2500,'5',650,,1567,2761,,,1,70,,1568,2761,,,1,30,,1569,2761,,,1,75,,1570,3121,,,1,29,,1571,3121,,,1,69,,1572,3121,,,1,29,,1573,3121,,,1,69,,1574,3121,,,1,26,,1575,2994,,,1,69,,1576,2994,,,1,29,,1577,2994,,,1,69,,1578,2994,,,1,29,,1579,2994,,,1,70,,1580,3174,,,1,31,,1581,3174,,,1,70,,1582,3174,,,1,29,,1583,3174,,,1,68,,1584,3174,,,1,35,,1585,3406,,,1,71,,1586,3406,,,1,31,,1587,3406,,,1,71,,1588,3406,,,1,32,,1589,3466,,,1,70,,1590,3466,,,1,31,,1591,3466,,,1,64,,1592,3039,,,1,30,,1593,3039,,,1,70,,1594,3039,,,1,30,,1595,3039,,,1,68,,1596,2904,,,1,30,,1597,2904,,,1,70,,1598,2904,,,1,30,,1599,2904,,,1,63,,1600,2476,,,1,38,,1601,2476,,,1
2500,'6',650,,1602,2761,,,1,70,,1603,2761,,,1,30,,1604,2761,,,1,75,,1605,3121,,,1,29,,1606,3121,,,1,69,,1607,3121,,,1,29,,1608,3121,,,1,69,,1609,3121,,,1,26,,1610,2994,,,1,69,,1611,2994,,,1,29,,1612,2994,,,1,69,,1613,2994,,,1,29,,1614,2994,,,1,70,,1615,3174,,,1,31,,1616,3174,,,1,70,,1617,3174,,,1,29,,1618,3174,,,1,68,,1619,3174,,,1,35,,1620,3406,,,1,71,,1621,3406,,,1,31,,1622,3406,,,1,71,,1623,3406,,,1,32,,1624,3466,,,1,70,,1625,3466,,,1,31,,1626,3466,,,1,64,,1627,3039,,,1,30,,1628,3039,,,1,70,,1629,3039,,,1,30,,1630,3039,,,1,68,,1631,2904,,,1,30,,1632,2904,,,1,70,,1633,2904,,,1,30,,1634,2904,,,1,63,,1635,2476,,,1,38,,1636,2476,,,1
2500,'9',859,,1637,2701,,,1,70,,1638,2701,,,1,30,,1639,2701,,,1,70,,1640,2701,,,1,30,,1641,2701,,,1,70,,1642,2701,,,1,71,,1643,2761,,,1,30,,1644,2761,,,1,70,,1645,2761,,,1,30,,1646,2761,,,1,70,,1647,2761,,,1,30,,1648,2761,,,1,70,,1649,2761,,,1,30,,1650,2761,,,1,70,,1651,2768,,,1,30,,1652,2768,,,1,70,,1653,2768,,,1,30,,1654,2768,,,1,70,,1655,2768,,,1,30,,1656,2768,,,1,70,,1657,2768,,,1,100,,1658,2768,,,1
9200,'2',644,,4444,1061,,,1,96,,4445,1061,,,1,72,,4446,1120,,,1,94,,4447,1120,,,1,653,,4448,1239,,,1,70,,4449,1239,,,1,105,,4450,1356,,,1,92,,4451,1121,,,1,76,,4452,1121,,,1
9200,'3',644,,4453,1061,,,1,96,,4454,1061,,,1,72,,4455,1120,,,1,94,,4456,1120,,,1,653,,4457,1239,,,1,70,,4458,1239,,,1,105,,4459,1356,,,1,92,,4460,1121,,,1,76,,4461,1121,,,1
9200,'4',644,,4462,1061,,,1,96,,4463,1061,,,1,72,,4464,1120,,,1,94,,4465,1120,,,1,653,,4466,1239,,,1,70,,4467,1239,,,1,105,,4468,1356,,,1,92,,4469,1121,,,1,76,,4470,1121,,,1
9200,'5',644,,4471,1061,,,1,96,,4472,1061,,,1,72,,4473,1120,,,1,94,,4474,1120,,,1,653,,4475,1239,,,1,70,,4476,1239,,,1,105,,4477,1356,,,1,92,,4478,1121,,,1,76,,4479,1121,,,1
9200,'6',644,,4480,1061,,,1,96,,4481,1061,,,1,72,,4482,1120,,,1,94,,4483,1120,,,1,653,,4484,1239,,,1,70,,4485,1239,,,1,105,,4486,1356,,,1,92,,4487,1121,,,1,76,,4488,1121,,,1
9201,'2',604,,4489,1068,,,1,54,,4490,1068,,,1,70,,4491,1068,,,1,98,,4492,1128,,,1,29,,4493,1128,,,1,94,,4494,1128,,,1,693,,4495,1128,,,1,71,,4496,1128,,,1,104,,4497,1128,,,1,89,,4498,1068,,,1
9201,'3',604,,4499,1068,,,1,54,,4500,1068,,,1,70,,4501,1068,,,1,98,,4502,1128,,,1,29,,4503,1128,,,1,94,,4504,1128,,,1,693,,4505,1128,,,1,71,,4506,1128,,,1,104,,4507,1128,,,1,89,,4508,1068,,,1
9201,'4',604,,4509,1068,,,1,54,,4510,1068,,,1,70,,4511,1068,,,1,98,,4512,1128,,,1,29,,4513,1128,,,1,94,,4514,1128,,,1,693,,4515,1128,,,1,71,,4516,1128,,,1,104,,4517,1128,,,1,89,,4518,1068,,,1
9201,'5',604,,4519,1068,,,1,54,,4520,1068,,,1,70,,4521,1068,,,1,98,,4522,1128,,,1,29,,4523,1128,,,1,94,,4524,1128,,,1,693,,4525,1128,,,1,71,,4526,1128,,,1,104,,4527,1128,,,1,89,,4528,1068,,,1
9201,'6',604,,4529,1068,,,1,54,,4530,1068,,,1,70,,4531,1068,,,1,98,,4532,1128,,,1,29,,4533,1128,,,1,94,,4534,1128,,,1,693,,4535,1128,,,1,71,,4536,1128,,,1,104,,4537,1128,,,1,89,,4538,1068,,,1
