4001,'2',618,,3040,888,,,1,30,,3041,888,,,1,70,,3042,888,,,1,30,,3043,888,,,1,70,,3044,888,,,1,30,,3045,888,,,1,70,,3046,888,,,1,30,,3047,888,,,1,70,,3048,888,,,1,30,,3049,888,,,1,70,,3050,888,,,1,30,,3051,888,,,1,71,,3052,948,,,1,30,,3053,948,,,1,70,,3054,948,,,1,30,,3055,948,,,1,70,,3056,948,,,1,33,,3057,1106,,,1,70,,3058,1106,,,1,30,,3059,1106,,,1,70,,3060,1106,,,1,29,,3061,1046,,,1,70,,3062,1046,,,1,30,,3063,1046,,,1,68,,3064,948,,,1,30,,3065,948,,,1,453,,3066,948,,,1,30,,3067,948,,,1
4001,'3',618,,3068,888,,,1,30,,3069,888,,,1,70,,3070,888,,,1,30,,3071,888,,,1,70,,3072,888,,,1,30,,3073,888,,,1,70,,3074,888,,,1,30,,3075,888,,,1,70,,3076,888,,,1,30,,3077,888,,,1,70,,3078,888,,,1,30,,3079,888,,,1,71,,3080,948,,,1,30,,3081,948,,,1,70,,3082,948,,,1,30,,3083,948,,,1,70,,3084,948,,,1,33,,3085,1106,,,1,70,,3086,1106,,,1,30,,3087,1106,,,1,70,,3088,1106,,,1,29,,3089,1046,,,1,70,,3090,1046,,,1,30,,3091,1046,,,1,68,,3092,948,,,1,30,,3093,948,,,1,453,,3094,948,,,1,30,,3095,948,,,1
4001,'4',618,,3096,888,,,1,30,,3097,888,,,1,70,,3098,888,,,1,30,,3099,888,,,1,70,,3100,888,,,1,30,,3101,888,,,1,70,,3102,888,,,1,30,,3103,888,,,1,70,,3104,888,,,1,30,,3105,888,,,1,70,,3106,888,,,1,30,,3107,888,,,1,71,,3108,948,,,1,30,,3109,948,,,1,70,,3110,948,,,1,30,,3111,948,,,1,70,,3112,948,,,1,33,,3113,1106,,,1,70,,3114,1106,,,1,30,,3115,1106,,,1,70,,3116,1106,,,1,29,,3117,1046,,,1,70,,3118,1046,,,1,30,,3119,1046,,,1,68,,3120,948,,,1,30,,3121,948,,,1,453,,3122,948,,,1,30,,3123,948,,,1
4001,'5',618,,3124,888,,,1,30,,3125,888,,,1,70,,3126,888,,,1,30,,3127,888,,,1,70,,3128,888,,,1,30,,3129,888,,,1,70,,3130,888,,,1,30,,3131,888,,,1,70,,3132,888,,,1,30,,3133,888,,,1,70,,3134,888,,,1,30,,3135,888,,,1,71,,3136,948,,,1,30,,3137,948,,,1,70,,3138,948,,,1,30,,3139,948,,,1,70,,3140,948,,,1,33,,3141,1106,,,1,70,,3142,1106,,,1,30,,3143,1106,,,1,70,,3144,1106,,,1,29,,3145,1046,,,1,70,,3146,1046,,,1,30,,3147,1046,,,1,68,,3148,948,,,1,30,,3149,948,,,1,453,,3150,948,,,1,30,,3151,948,,,1
4001,'6',618,,3152,888,,,1,30,,3153,888,,,1,70,,3154,888,,,1,30,,3155,888,,,1,70,,3156,888,,,1,30,,3157,888,,,1,70,,3158,888,,,1,30,,3159,888,,,1,70,,3160,888,,,1,30,,3161,888,,,1,70,,3162,888,,,1,30,,3163,888,,,1,71,,3164,948,,,1,30,,3165,948,,,1,70,,3166,948,,,1,30,,3167,948,,,1,70,,3168,948,,,1,33,,3169,1106,,,1,70,,3170,1106,,,1,30,,3171,1106,,,1,70,,3172,1106,,,1,29,,3173,1046,,,1,70,,3174,1046,,,1,30,,3175,1046,,,1,68,,3176,948,,,1,30,,3177,948,,,1,453,,3178,948,,,1,30,,3179,948,,,1
4001,'9',741,,3180,948,,,1,100,,3181,948,,,1,100,,3182,948,,,1,100,,3183,948,,,1,101,,3184,986,,,1,100,,3185,986,,,1,100,,3186,986,,,1,100,,3187,986,,,1,100,,3188,986,,,1,100,,3189,986,,,1,100,,3190,986,,,1,100,,3191,986,,,1,100,,3192,986,,,1
6500,'2',634,,3886,948,,,1,70,,3887,948,,,1,30,,3888,948,,,1,70,,3889,948,,,1,30,,3890,948,,,1,70,,3891,948,,,1,30,,3892,948,,,1,70,,3893,948,,,1,29,,3894,888,,,1,70,,3895,888,,,1,30,,3896,888,,,1,70,,3897,888,,,1,31,,3898,948,,,1,70,,3899,948,,,1,30,,3900,948,,,1,70,,3901,948,,,1,30,,3902,948,,,1,72,,3903,1046,,,1,30,,3904,1046,,,1,70,,3905,1046,,,1,30,,3906,1046,,,1,70,,3907,1046,,,1,30,,3908,1046,,,1,70,,3909,1046,,,1,29,,3910,986,,,1,70,,3911,986,,,1,30,,3912,986,,,1,70,,3913,986,,,1,28,,3914,888,,,1,70,,3915,888,,,1,30,,3916,888,,,1,70,,3917,888,,,1,30,,3918,888,,,1
6500,'3',634,,3919,948,,,1,70,,3920,948,,,1,30,,3921,948,,,1,70,,3922,948,,,1,30,,3923,948,,,1,70,,3924,948,,,1,30,,3925,948,,,1,70,,3926,948,,,1,29,,3927,888,,,1,70,,3928,888,,,1,30,,3929,888,,,1,70,,3930,888,,,1,31,,3931,948,,,1,70,,3932,948,,,1,30,,3933,948,,,1,70,,3934,948,,,1,30,,3935,948,,,1,72,,3936,1046,,,1,30,,3937,1046,,,1,70,,3938,1046,,,1,30,,3939,1046,,,1,70,,3940,1046,,,1,30,,3941,1046,,,1,70,,3942,1046,,,1,29,,3943,986,,,1,70,,3944,986,,,1,30,,3945,986,,,1,70,,3946,986,,,1,28,,3947,888,,,1,70,,3948,888,,,1,30,,3949,888,,,1,70,,3950,888,,,1,30,,3951,888,,,1
6500,'4',634,,3952,948,,,1,70,,3953,948,,,1,30,,3954,948,,,1,70,,3955,948,,,1,30,,3956,948,,,1,70,,3957,948,,,1,30,,3958,948,,,1,70,,3959,948,,,1,29,,3960,888,,,1,70,,3961,888,,,1,30,,3962,888,,,1,70,,3963,888,,,1,31,,3964,948,,,1,70,,3965,948,,,1,30,,3966,948,,,1,70,,3967,948,,,1,30,,3968,948,,,1,72,,3969,1046,,,1,30,,3970,1046,,,1,70,,3971,1046,,,1,30,,3972,1046,,,1,70,,3973,1046,,,1,30,,3974,1046,,,1,70,,3975,1046,,,1,29,,3976,986,,,1,70,,3977,986,,,1,30,,3978,986,,,1,70,,3979,986,,,1,28,,3980,888,,,1,70,,3981,888,,,1,30,,3982,888,,,1,70,,3983,888,,,1,30,,3984,888,,,1
6500,'5',634,,3985,948,,,1,70,,3986,948,,,1,30,,3987,948,,,1,70,,3988,948,,,1,30,,3989,948,,,1,70,,3990,948,,,1,30,,3991,948,,,1,70,,3992,948,,,1,29,,3993,888,,,1,70,,3994,888,,,1,30,,3995,888,,,1,70,,3996,888,,,1,31,,3997,948,,,1,70,,3998,948,,,1,30,,3999,948,,,1,70,,4000,948,,,1,30,,4001,948,,,1,72,,4002,1046,,,1,30,,4003,1046,,,1,70,,4004,1046,,,1,30,,4005,1046,,,1,70,,4006,1046,,,1,30,,4007,1046,,,1,70,,4008,1046,,,1,29,,4009,986,,,1,70,,4010,986,,,1,30,,4011,986,,,1,70,,4012,986,,,1,28,,4013,888,,,1,70,,4014,888,,,1,30,,4015,888,,,1,70,,4016,888,,,1,30,,4017,888,,,1
6500,'6',634,,4018,948,,,1,70,,4019,948,,,1,30,,4020,948,,,1,70,,4021,948,,,1,30,,4022,948,,,1,70,,4023,948,,,1,30,,4024,948,,,1,70,,4025,948,,,1,29,,4026,888,,,1,70,,4027,888,,,1,30,,4028,888,,,1,70,,4029,888,,,1,31,,4030,948,,,1,70,,4031,948,,,1,30,,4032,948,,,1,70,,4033,948,,,1,30,,4034,948,,,1,72,,4035,1046,,,1,30,,4036,1046,,,1,70,,4037,1046,,,1,30,,4038,1046,,,1,70,,4039,1046,,,1,30,,4040,1046,,,1,70,,4041,1046,,,1,29,,4042,986,,,1,70,,4043,986,,,1,30,,4044,986,,,1,70,,4045,986,,,1,28,,4046,888,,,1,70,,4047,888,,,1,30,,4048,888,,,1,70,,4049,888,,,1,30,,4050,888,,,1
6500,'9',812,,4051,888,,,1,100,,4052,888,,,1,100,,4053,888,,,1,100,,4054,888,,,1,101,,4055,948,,,1,100,,4056,948,,,1,100,,4057,948,,,1,100,,4058,948,,,1,102,,4059,1046,,,1,100,,4060,1046,,,1,100,,4061,1046,,,1,100,,4062,1046,,,1
8501,'2',631,,4342,1643,,,1,100,,4343,1643,,,1,105,,4344,1979,,,1,100,,4345,1979,,,1,101,,4346,2015,,,1,100,,4347,2015,,,1,101,,4348,2075,,,1,100,,4349,2075,,,1,100,,4350,2075,,,1,102,,4351,2195,,,1,100,,4352,2195,,,1,102,,4353,2290,,,1,95,,4354,2039,,,1,100,,4355,2039,,,1,97,,4356,1859,,,1,100,,4357,1859,,,1,97,,4358,1679,,,1,100,,4359,1679,,,1
8501,'3',631,,4360,1643,,,1,100,,4361,1643,,,1,105,,4362,1979,,,1,100,,4363,1979,,,1,101,,4364,2015,,,1,100,,4365,2015,,,1,101,,4366,2075,,,1,100,,4367,2075,,,1,100,,4368,2075,,,1,102,,4369,2195,,,1,100,,4370,2195,,,1,102,,4371,2290,,,1,95,,4372,2039,,,1,100,,4373,2039,,,1,97,,4374,1859,,,1,100,,4375,1859,,,1,97,,4376,1679,,,1,100,,4377,1679,,,1
8501,'4',631,,4378,1643,,,1,100,,4379,1643,,,1,105,,4380,1979,,,1,100,,4381,1979,,,1,101,,4382,2015,,,1,100,,4383,2015,,,1,101,,4384,2075,,,1,100,,4385,2075,,,1,100,,4386,2075,,,1,102,,4387,2195,,,1,100,,4388,2195,,,1,102,,4389,2290,,,1,95,,4390,2039,,,1,100,,4391,2039,,,1,97,,4392,1859,,,1,100,,4393,1859,,,1,97,,4394,1679,,,1,100,,4395,1679,,,1
8501,'5',631,,4396,1643,,,1,100,,4397,1643,,,1,105,,4398,1979,,,1,100,,4399,1979,,,1,101,,4400,2015,,,1,100,,4401,2015,,,1,101,,4402,2075,,,1,100,,4403,2075,,,1,100,,4404,2075,,,1,102,,4405,2195,,,1,100,,4406,2195,,,1,102,,4407,2290,,,1,95,,4408,2039,,,1,100,,4409,2039,,,1,97,,4410,1859,,,1,100,,4411,1859,,,1,97,,4412,1679,,,1,100,,4413,1679,,,1
8501,'6',631,,4414,1643,,,1,100,,4415,1643,,,1,105,,4416,1979,,,1,100,,4417,1979,,,1,101,,4418,2015,,,1,100,,4419,2015,,,1,101,,4420,2075,,,1,100,,4421,2075,,,1,100,,4422,2075,,,1,102,,4423,2195,,,1,100,,4424,2195,,,1,102,,4425,2290,,,1,95,,4426,2039,,,1,100,,4427,2039,,,1,97,,4428,1859,,,1,100,,4429,1859,,,1,97,,4430,1679,,,1,100,,4431,1679,,,1
8501,'9',839,,4432,1859,,,1,100,,4433,1859,,,1,100,,4434,1859,,,1,103,,4435,2015,,,1,100,,4436,2015,,,1,100,,4437,2015,,,1,100,,4438,2015,,,1,103,,4439,2195,,,1,100,,4440,2195,,,1,100,,4441,2195,,,1,100,,4442,2195,,,1,100,,4443,2195,,,1
