1100,'2',628,,637,60,,,1,101,,638,120,,,1,100,,639,120,,,1,100,,640,120,,,1,100,,641,120,,,1,102,,642,120,,,1,98,,643,120,,,1,100,,644,120,,,1,100,,645,120,,,1,102,,646,120,,,1,102,,647,120,,,1,96,,648,120,,,1,100,,649,120,,,1,102,,650,120,,,1,100,,651,120,,,1,100,,652,120,,,1
1100,'3',628,,653,60,,,1,101,,654,120,,,1,100,,655,120,,,1,100,,656,120,,,1,100,,657,120,,,1,102,,658,120,,,1,98,,659,120,,,1,100,,660,120,,,1,100,,661,120,,,1,102,,662,120,,,1,102,,663,120,,,1,96,,664,120,,,1,100,,665,120,,,1,102,,666,120,,,1,100,,667,120,,,1,100,,668,120,,,1
1100,'4',628,,669,60,,,1,101,,670,120,,,1,100,,671,120,,,1,100,,672,120,,,1,100,,673,120,,,1,102,,674,120,,,1,98,,675,120,,,1,100,,676,120,,,1,100,,677,120,,,1,102,,678,120,,,1,102,,679,120,,,1,96,,680,120,,,1,100,,681,120,,,1,102,,682,120,,,1,100,,683,120,,,1,100,,684,120,,,1
1100,'5',628,,685,60,,,1,101,,686,120,,,1,100,,687,120,,,1,100,,688,120,,,1,100,,689,120,,,1,102,,690,120,,,1,98,,691,120,,,1,100,,692,120,,,1,100,,693,120,,,1,102,,694,120,,,1,102,,695,120,,,1,96,,696,120,,,1,100,,697,120,,,1,102,,698,120,,,1,100,,699,120,,,1,100,,700,120,,,1
1100,'6',628,,701,60,,,1,101,,702,120,,,1,100,,703,120,,,1,100,,704,120,,,1,100,,705,120,,,1,102,,706,120,,,1,98,,707,120,,,1,100,,708,120,,,1,100,,709,120,,,1,102,,710,120,,,1,102,,711,120,,,1,96,,712,120,,,1,100,,713,120,,,1,102,,714,120,,,1,100,,715,120,,,1,100,,716,120,,,1
1100,'9',809,,717,60,,,1,100,,718,60,,,1,100,,719,60,,,1,101,,720,120,,,1,100,,721,120,,,1,100,,722,120,,,1,100,,723,120,,,1,100,,724,120,,,1,100,,725,120,,,1,100,,726,120,,,1,100,,727,120,,,1,100,,728,120,,,1
2000,'2',557,,821,120,,,1,55,,822,120,,,1,15,,823,120,,,1,15,,824,120,,,1,15,,825,120,,,1,55,,826,120,,,1,15,,827,120,,,1,16,,828,180,,,1,16,,829,180,,,1,55,,830,180,,,1,15,,831,180,,,1,15,,832,180,,,1,15,,833,180,,,1,55,,834,180,,,1,15,,835,180,,,1,15,,836,180,,,1,14,,837,120,,,1,55,,838,120,,,1,15,,839,120,,,1,15,,840,120,,,1,15,,841,120,,,1,55,,842,120,,,1,15,,843,120,,,1,15,,844,120,,,1,15,,845,120,,,1,56,,846,180,,,1,15,,847,180,,,1,15,,848,180,,,1,15,,849,180,,,1,55,,850,180,,,1,15,,851,180,,,1,15,,852,180,,,1,56,,853,180,,,1,16,,854,180,,,1,16,,855,180,,,1,16,,856,180,,,1,56,,857,180,,,1,16,,858,180,,,1,16,,859,180,,,1,16,,860,180,,,1,56,,861,180,,,1,16,,862,180,,,1,16,,863,180,,,1,16,,864,180,,,1,56,,865,180,,,1,16,,866,180,,,1,16,,867,180,,,1,56,,868,180,,,1,16,,869,180,,,1,15,,870,180,,,1,15,,871,180,,,1,55,,872,180,,,1,15,,873,180,,,1,30,,874,180,,,1,69,,875,120,,,1,30,,876,120,,,1,70,,877,120,,,1,30,,878,120,,,1,70,,879,120,,,1,100,,880,120,,,1
2000,'3',557,,881,120,,,1,55,,882,120,,,1,15,,883,120,,,1,15,,884,120,,,1,15,,885,120,,,1,55,,886,120,,,1,15,,887,120,,,1,16,,888,180,,,1,16,,889,180,,,1,55,,890,180,,,1,15,,891,180,,,1,15,,892,180,,,1,15,,893,180,,,1,55,,894,180,,,1,15,,895,180,,,1,15,,896,180,,,1,14,,897,120,,,1,55,,898,120,,,1,15,,899,120,,,1,15,,900,120,,,1,15,,901,120,,,1,55,,902,120,,,1,15,,903,120,,,1,15,,904,120,,,1,15,,905,120,,,1,56,,906,180,,,1,15,,907,180,,,1,15,,908,180,,,1,15,,909,180,,,1,55,,910,180,,,1,15,,911,180,,,1,15,,912,180,,,1,56,,913,180,,,1,16,,914,180,,,1,16,,915,180,,,1,16,,916,180,,,1,56,,917,180,,,1,16,,918,180,,,1,16,,919,180,,,1,16,,920,180,,,1,56,,921,180,,,1,16,,922,180,,,1,16,,923,180,,,1,16,,924,180,,,1,56,,925,180,,,1,16,,926,180,,,1,16,,927,180,,,1,56,,928,180,,,1,16,,929,180,,,1,15,,930,180,,,1,15,,931,180,,,1,55,,932,180,,,1,15,,933,180,,,1,30,,934,180,,,1,69,,935,120,,,1,30,,936,120,,,1,70,,937,120,,,1,30,,938,120,,,1,70,,939,120,,,1,100,,940,120,,,1
2000,'4',557,,941,120,,,1,55,,942,120,,,1,15,,943,120,,,1,15,,944,120,,,1,15,,945,120,,,1,55,,946,120,,,1,15,,947,120,,,1,16,,948,180,,,1,16,,949,180,,,1,55,,950,180,,,1,15,,951,180,,,1,15,,952,180,,,1,15,,953,180,,,1,55,,954,180,,,1,15,,955,180,,,1,15,,956,180,,,1,14,,957,120,,,1,55,,958,120,,,1,15,,959,120,,,1,15,,960,120,,,1,15,,961,120,,,1,55,,962,120,,,1,15,,963,120,,,1,15,,964,120,,,1,15,,965,120,,,1,56,,966,180,,,1,15,,967,180,,,1,15,,968,180,,,1,15,,969,180,,,1,55,,970,180,,,1,15,,971,180,,,1,15,,972,180,,,1,56,,973,180,,,1,16,,974,180,,,1,16,,975,180,,,1,16,,976,180,,,1,56,,977,180,,,1,16,,978,180,,,1,16,,979,180,,,1,16,,980,180,,,1,56,,981,180,,,1,16,,982,180,,,1,16,,983,180,,,1,16,,984,180,,,1,56,,985,180,,,1,16,,986,180,,,1,16,,987,180,,,1,56,,988,180,,,1,16,,989,180,,,1,15,,990,180,,,1,15,,991,180,,,1,55,,992,180,,,1,15,,993,180,,,1,30,,994,180,,,1,69,,995,120,,,1,30,,996,120,,,1,70,,997,120,,,1,30,,998,120,,,1,70,,999,120,,,1,100,,1000,120,,,1
2000,'5',557,,1001,120,,,1,55,,1002,120,,,1,15,,1003,120,,,1,15,,1004,120,,,1,15,,1005,120,,,1,55,,1006,120,,,1,15,,1007,120,,,1,16,,1008,180,,,1,16,,1009,180,,,1,55,,1010,180,,,1,15,,1011,180,,,1,15,,1012,180,,,1,15,,1013,180,,,1,55,,1014,180,,,1,15,,1015,180,,,1,15,,1016,180,,,1,14,,1017,120,,,1,55,,1018,120,,,1,15,,1019,120,,,1,15,,1020,120,,,1,15,,1021,120,,,1,55,,1022,120,,,1,15,,1023,120,,,1,15,,1024,120,,,1,15,,1025,120,,,1,56,,1026,180,,,1,15,,1027,180,,,1,15,,1028,180,,,1,15,,1029,180,,,1,55,,1030,180,,,1,15,,1031,180,,,1,15,,1032,180,,,1,56,,1033,180,,,1,16,,1034,180,,,1,16,,1035,180,,,1,16,,1036,180,,,1,56,,1037,180,,,1,16,,1038,180,,,1,16,,1039,180,,,1,16,,1040,180,,,1,56,,1041,180,,,1,16,,1042,180,,,1,16,,1043,180,,,1,16,,1044,180,,,1,56,,1045,180,,,1,16,,1046,180,,,1,16,,1047,180,,,1,56,,1048,180,,,1,16,,1049,180,,,1,15,,1050,180,,,1,15,,1051,180,,,1,55,,1052,180,,,1,15,,1053,180,,,1,30,,1054,180,,,1,69,,1055,120,,,1,30,,1056,120,,,1,70,,1057,120,,,1,30,,1058,120,,,1,70,,1059,120,,,1,100,,1060,120,,,1
2000,'6',557,,1061,120,,,1,55,,1062,120,,,1,15,,1063,120,,,1,15,,1064,120,,,1,15,,1065,120,,,1,55,,1066,120,,,1,15,,1067,120,,,1,16,,1068,180,,,1,16,,1069,180,,,1,55,,1070,180,,,1,15,,1071,180,,,1,15,,1072,180,,,1,15,,1073,180,,,1,55,,1074,180,,,1,15,,1075,180,,,1,15,,1076,180,,,1,14,,1077,120,,,1,55,,1078,120,,,1,15,,1079,120,,,1,15,,1080,120,,,1,15,,1081,120,,,1,55,,1082,120,,,1,15,,1083,120,,,1,15,,1084,120,,,1,15,,1085,120,,,1,56,,1086,180,,,1,15,,1087,180,,,1,15,,1088,180,,,1,15,,1089,180,,,1,55,,1090,180,,,1,15,,1091,180,,,1,15,,1092,180,,,1,56,,1093,180,,,1,16,,1094,180,,,1,16,,1095,180,,,1,16,,1096,180,,,1,56,,1097,180,,,1,16,,1098,180,,,1,16,,1099,180,,,1,16,,1100,180,,,1,56,,1101,180,,,1,16,,1102,180,,,1,16,,1103,180,,,1,16,,1104,180,,,1,56,,1105,180,,,1,16,,1106,180,,,1,16,,1107,180,,,1,56,,1108,180,,,1,16,,1109,180,,,1,15,,1110,180,,,1,15,,1111,180,,,1,55,,1112,180,,,1,15,,1113,180,,,1,30,,1114,180,,,1,69,,1115,120,,,1,30,,1116,120,,,1,70,,1117,120,,,1,30,,1118,120,,,1,70,,1119,120,,,1,100,,1120,120,,,1
2000,'9',804,,1121,120,,,1,30,,1122,120,,,1,70,,1123,120,,,1,30,,1124,120,,,1,70,,1125,120,,,1,30,,1126,120,,,1,70,,1127,120,,,1,30,,1128,120,,,1,70,,1129,120,,,1,30,,1130,120,,,1,70,,1131,120,,,1,30,,1132,120,,,1,70,,1133,120,,,1,30,,1134,120,,,1,70,,1135,120,,,1,30,,1136,120,,,1,70,,1137,120,,,1,30,,1138,120,,,1,70,,1139,120,,,1,30,,1140,120,,,1,70,,1141,120,,,1,30,,1142,120,,,1,71,,1143,120,,,1
3000,'2',607,,1856,120,,,1,15,,1857,120,,,1,15,,1858,120,,,1,15,,1859,120,,,1,55,,1860,120,,,1,15,,1861,120,,,1,15,,1862,120,,,1,16,,1863,120,,,1,56,,1864,120,,,1,16,,1865,120,,,1,16,,1866,120,,,1,16,,1867,120,,,1,56,,1868,120,,,1,16,,1869,120,,,1,16,,1870,120,,,1,56,,1871,120,,,1,16,,1872,120,,,1,15,,1873,120,,,1,15,,1874,120,,,1,55,,1875,120,,,1,15,,1876,120,,,1,15,,1877,120,,,1,15,,1878,120,,,1,55,,1879,120,,,1,15,,1880,120,,,1,15,,1881,120,,,1,15,,1882,120,,,1,55,,1883,120,,,1,15,,1884,120,,,1,16,,1885,120,,,1,15,,1886,120,,,1,55,,1887,120,,,1,15,,1888,120,,,1,15,,1889,120,,,1,16,,1890,120,,,1,56,,1891,120,,,1,16,,1892,120,,,1,16,,1893,120,,,1,16,,1894,120,,,1,56,,1895,120,,,1,16,,1896,120,,,1,16,,1897,120,,,1,16,,1898,120,,,1,56,,1899,120,,,1,15,,1900,120,,,1,15,,1901,120,,,1,15,,1902,120,,,1,55,,1903,120,,,1,15,,1904,120,,,1,15,,1905,120,,,1,15,,1906,120,,,1,55,,1907,120,,,1,30,,1908,120,,,1,70,,1909,120,,,1,30,,1910,120,,,1,70,,1911,120,,,1,30,,1912,120,,,1,70,,1913,120,,,1,100,,1914,120,,,1
3000,'3',607,,1915,120,,,1,15,,1916,120,,,1,15,,1917,120,,,1,15,,1918,120,,,1,55,,1919,120,,,1,15,,1920,120,,,1,15,,1921,120,,,1,16,,1922,120,,,1,56,,1923,120,,,1,16,,1924,120,,,1,16,,1925,120,,,1,16,,1926,120,,,1,56,,1927,120,,,1,16,,1928,120,,,1,16,,1929,120,,,1,56,,1930,120,,,1,16,,1931,120,,,1,15,,1932,120,,,1,15,,1933,120,,,1,55,,1934,120,,,1,15,,1935,120,,,1,15,,1936,120,,,1,15,,1937,120,,,1,55,,1938,120,,,1,15,,1939,120,,,1,15,,1940,120,,,1,15,,1941,120,,,1,55,,1942,120,,,1,15,,1943,120,,,1,16,,1944,120,,,1,15,,1945,120,,,1,55,,1946,120,,,1,15,,1947,120,,,1,15,,1948,120,,,1,16,,1949,120,,,1,56,,1950,120,,,1,16,,1951,120,,,1,16,,1952,120,,,1,16,,1953,120,,,1,56,,1954,120,,,1,16,,1955,120,,,1,16,,1956,120,,,1,16,,1957,120,,,1,56,,1958,120,,,1,15,,1959,120,,,1,15,,1960,120,,,1,15,,1961,120,,,1,55,,1962,120,,,1,15,,1963,120,,,1,15,,1964,120,,,1,15,,1965,120,,,1,55,,1966,120,,,1,30,,1967,120,,,1,70,,1968,120,,,1,30,,1969,120,,,1,70,,1970,120,,,1,30,,1971,120,,,1,70,,1972,120,,,1,100,,1973,120,,,1
3000,'4',607,,1974,120,,,1,15,,1975,120,,,1,15,,1976,120,,,1,15,,1977,120,,,1,55,,1978,120,,,1,15,,1979,120,,,1,15,,1980,120,,,1,16,,1981,120,,,1,56,,1982,120,,,1,16,,1983,120,,,1,16,,1984,120,,,1,16,,1985,120,,,1,56,,1986,120,,,1,16,,1987,120,,,1,16,,1988,120,,,1,56,,1989,120,,,1,16,,1990,120,,,1,15,,1991,120,,,1,15,,1992,120,,,1,55,,1993,120,,,1,15,,1994,120,,,1,15,,1995,120,,,1,15,,1996,120,,,1,55,,1997,120,,,1,15,,1998,120,,,1,15,,1999,120,,,1,15,,2000,120,,,1,55,,2001,120,,,1,15,,2002,120,,,1,16,,2003,120,,,1,15,,2004,120,,,1,55,,2005,120,,,1,15,,2006,120,,,1,15,,2007,120,,,1,16,,2008,120,,,1,56,,2009,120,,,1,16,,2010,120,,,1,16,,2011,120,,,1,16,,2012,120,,,1,56,,2013,120,,,1,16,,2014,120,,,1,16,,2015,120,,,1,16,,2016,120,,,1,56,,2017,120,,,1,15,,2018,120,,,1,15,,2019,120,,,1,15,,2020,120,,,1,55,,2021,120,,,1,15,,2022,120,,,1,15,,2023,120,,,1,15,,2024,120,,,1,55,,2025,120,,,1,30,,2026,120,,,1,70,,2027,120,,,1,30,,2028,120,,,1,70,,2029,120,,,1,30,,2030,120,,,1,70,,2031,120,,,1,100,,2032,120,,,1
3000,'5',607,,2033,120,,,1,15,,2034,120,,,1,15,,2035,120,,,1,15,,2036,120,,,1,55,,2037,120,,,1,15,,2038,120,,,1,15,,2039,120,,,1,16,,2040,120,,,1,56,,2041,120,,,1,16,,2042,120,,,1,16,,2043,120,,,1,16,,2044,120,,,1,56,,2045,120,,,1,16,,2046,120,,,1,16,,2047,120,,,1,56,,2048,120,,,1,16,,2049,120,,,1,15,,2050,120,,,1,15,,2051,120,,,1,55,,2052,120,,,1,15,,2053,120,,,1,15,,2054,120,,,1,15,,2055,120,,,1,55,,2056,120,,,1,15,,2057,120,,,1,15,,2058,120,,,1,15,,2059,120,,,1,55,,2060,120,,,1,15,,2061,120,,,1,16,,2062,120,,,1,15,,2063,120,,,1,55,,2064,120,,,1,15,,2065,120,,,1,15,,2066,120,,,1,16,,2067,120,,,1,56,,2068,120,,,1,16,,2069,120,,,1,16,,2070,120,,,1,16,,2071,120,,,1,56,,2072,120,,,1,16,,2073,120,,,1,16,,2074,120,,,1,16,,2075,120,,,1,56,,2076,120,,,1,15,,2077,120,,,1,15,,2078,120,,,1,15,,2079,120,,,1,55,,2080,120,,,1,15,,2081,120,,,1,15,,2082,120,,,1,15,,2083,120,,,1,55,,2084,120,,,1,30,,2085,120,,,1,70,,2086,120,,,1,30,,2087,120,,,1,70,,2088,120,,,1,30,,2089,120,,,1,70,,2090,120,,,1,100,,2091,120,,,1
3000,'6',607,,2092,120,,,1,15,,2093,120,,,1,15,,2094,120,,,1,15,,2095,120,,,1,55,,2096,120,,,1,15,,2097,120,,,1,15,,2098,120,,,1,16,,2099,120,,,1,56,,2100,120,,,1,16,,2101,120,,,1,16,,2102,120,,,1,16,,2103,120,,,1,56,,2104,120,,,1,16,,2105,120,,,1,16,,2106,120,,,1,56,,2107,120,,,1,16,,2108,120,,,1,15,,2109,120,,,1,15,,2110,120,,,1,55,,2111,120,,,1,15,,2112,120,,,1,15,,2113,120,,,1,15,,2114,120,,,1,55,,2115,120,,,1,15,,2116,120,,,1,15,,2117,120,,,1,15,,2118,120,,,1,55,,2119,120,,,1,15,,2120,120,,,1,16,,2121,120,,,1,15,,2122,120,,,1,55,,2123,120,,,1,15,,2124,120,,,1,15,,2125,120,,,1,16,,2126,120,,,1,56,,2127,120,,,1,16,,2128,120,,,1,16,,2129,120,,,1,16,,2130,120,,,1,56,,2131,120,,,1,16,,2132,120,,,1,16,,2133,120,,,1,16,,2134,120,,,1,56,,2135,120,,,1,15,,2136,120,,,1,15,,2137,120,,,1,15,,2138,120,,,1,55,,2139,120,,,1,15,,2140,120,,,1,15,,2141,120,,,1,15,,2142,120,,,1,55,,2143,120,,,1,30,,2144,120,,,1,70,,2145,120,,,1,30,,2146,120,,,1,70,,2147,120,,,1,30,,2148,120,,,1,70,,2149,120,,,1,100,,2150,120,,,1
3000,'9',754,,2151,120,,,1,70,,2152,120,,,1,30,,2153,120,,,1,70,,2154,120,,,1,30,,2155,120,,,1,70,,2156,120,,,1,30,,2157,120,,,1,70,,2158,120,,,1,30,,2159,120,,,1,70,,2160,120,,,1,30,,2161,120,,,1,70,,2162,120,,,1,30,,2163,120,,,1,70,,2164,120,,,1,30,,2165,120,,,1,70,,2166,120,,,1,30,,2167,120,,,1,70,,2168,120,,,1,30,,2169,120,,,1,70,,2170,120,,,1,30,,2171,120,,,1,70,,2172,120,,,1,30,,2173,120,,,1,70,,2174,120,,,1
4101,'2',620,,3193,180,,,1,30,,3194,180,,,1,70,,3195,180,,,1,30,,3196,180,,,1,70,,3197,180,,,1,30,,3198,180,,,1,70,,3199,180,,,1,30,,3200,180,,,1,70,,3201,180,,,1,30,,3202,180,,,1,70,,3203,180,,,1,30,,3204,180,,,1,70,,3205,180,,,1,30,,3206,180,,,1,70,,3207,180,,,1,30,,3208,180,,,1,70,,3209,180,,,1,30,,3210,180,,,1,70,,3211,180,,,1,30,,3212,180,,,1,70,,3213,180,,,1,30,,3214,180,,,1,70,,3215,180,,,1,30,,3216,180,,,1,70,,3217,180,,,1,30,,3218,180,,,1,70,,3219,180,,,1,30,,3220,180,,,1,70,,3221,180,,,1,30,,3222,180,,,1,70,,3223,180,,,1,30,,3224,180,,,1,70,,3225,180,,,1
4101,'3',620,,3226,180,,,1,30,,3227,180,,,1,70,,3228,180,,,1,30,,3229,180,,,1,70,,3230,180,,,1,30,,3231,180,,,1,70,,3232,180,,,1,30,,3233,180,,,1,70,,3234,180,,,1,30,,3235,180,,,1,70,,3236,180,,,1,30,,3237,180,,,1,70,,3238,180,,,1,30,,3239,180,,,1,70,,3240,180,,,1,30,,3241,180,,,1,70,,3242,180,,,1,30,,3243,180,,,1,70,,3244,180,,,1,30,,3245,180,,,1,70,,3246,180,,,1,30,,3247,180,,,1,70,,3248,180,,,1,30,,3249,180,,,1,70,,3250,180,,,1,30,,3251,180,,,1,70,,3252,180,,,1,30,,3253,180,,,1,70,,3254,180,,,1,30,,3255,180,,,1,70,,3256,180,,,1,30,,3257,180,,,1,70,,3258,180,,,1
4101,'4',620,,3259,180,,,1,30,,3260,180,,,1,70,,3261,180,,,1,30,,3262,180,,,1,70,,3263,180,,,1,30,,3264,180,,,1,70,,3265,180,,,1,30,,3266,180,,,1,70,,3267,180,,,1,30,,3268,180,,,1,70,,3269,180,,,1,30,,3270,180,,,1,70,,3271,180,,,1,30,,3272,180,,,1,70,,3273,180,,,1,30,,3274,180,,,1,70,,3275,180,,,1,30,,3276,180,,,1,70,,3277,180,,,1,30,,3278,180,,,1,70,,3279,180,,,1,30,,3280,180,,,1,70,,3281,180,,,1,30,,3282,180,,,1,70,,3283,180,,,1,30,,3284,180,,,1,70,,3285,180,,,1,30,,3286,180,,,1,70,,3287,180,,,1,30,,3288,180,,,1,70,,3289,180,,,1,30,,3290,180,,,1,70,,3291,180,,,1
4101,'5',620,,3292,180,,,1,30,,3293,180,,,1,70,,3294,180,,,1,30,,3295,180,,,1,70,,3296,180,,,1,30,,3297,180,,,1,70,,3298,180,,,1,30,,3299,180,,,1,70,,3300,180,,,1,30,,3301,180,,,1,70,,3302,180,,,1,30,,3303,180,,,1,70,,3304,180,,,1,30,,3305,180,,,1,70,,3306,180,,,1,30,,3307,180,,,1,70,,3308,180,,,1,30,,3309,180,,,1,70,,3310,180,,,1,30,,3311,180,,,1,70,,3312,180,,,1,30,,3313,180,,,1,70,,3314,180,,,1,30,,3315,180,,,1,70,,3316,180,,,1,30,,3317,180,,,1,70,,3318,180,,,1,30,,3319,180,,,1,70,,3320,180,,,1,30,,3321,180,,,1,70,,3322,180,,,1,30,,3323,180,,,1,70,,3324,180,,,1
4101,'6',620,,3325,180,,,1,30,,3326,180,,,1,70,,3327,180,,,1,30,,3328,180,,,1,70,,3329,180,,,1,30,,3330,180,,,1,70,,3331,180,,,1,30,,3332,180,,,1,70,,3333,180,,,1,30,,3334,180,,,1,70,,3335,180,,,1,30,,3336,180,,,1,70,,3337,180,,,1,30,,3338,180,,,1,70,,3339,180,,,1,30,,3340,180,,,1,70,,3341,180,,,1,30,,3342,180,,,1,70,,3343,180,,,1,30,,3344,180,,,1,70,,3345,180,,,1,30,,3346,180,,,1,70,,3347,180,,,1,30,,3348,180,,,1,70,,3349,180,,,1,30,,3350,180,,,1,70,,3351,180,,,1,30,,3352,180,,,1,70,,3353,180,,,1,30,,3354,180,,,1,70,,3355,180,,,1,30,,3356,180,,,1,70,,3357,180,,,1
4101,'9',745,,3358,120,,,1,100,,3359,120,,,1,100,,3360,120,,,1,100,,3361,120,,,1,101,,3362,180,,,1,100,,3363,180,,,1,100,,3364,180,,,1,100,,3365,180,,,1,100,,3366,180,,,1,100,,3367,180,,,1,100,,3368,180,,,1,100,,3369,180,,,1
9200,'2',631,,4444,240,,,1,96,,4445,240,,,1,31,,4446,240,,,1,94,,4447,240,,,1,692,,4448,300,,,1,70,,4449,300,,,1,103,,4450,300,,,1,96,,4451,300,,,1,36,,4452,300,,,1
9200,'3',631,,4453,240,,,1,96,,4454,240,,,1,31,,4455,240,,,1,94,,4456,240,,,1,692,,4457,300,,,1,70,,4458,300,,,1,103,,4459,300,,,1,96,,4460,300,,,1,36,,4461,300,,,1
9200,'4',631,,4462,240,,,1,96,,4463,240,,,1,31,,4464,240,,,1,94,,4465,240,,,1,692,,4466,300,,,1,70,,4467,300,,,1,103,,4468,300,,,1,96,,4469,300,,,1,36,,4470,300,,,1
9200,'5',631,,4471,240,,,1,96,,4472,240,,,1,31,,4473,240,,,1,94,,4474,240,,,1,692,,4475,300,,,1,70,,4476,300,,,1,103,,4477,300,,,1,96,,4478,300,,,1,36,,4479,300,,,1
9200,'6',631,,4480,240,,,1,96,,4481,240,,,1,31,,4482,240,,,1,94,,4483,240,,,1,692,,4484,300,,,1,70,,4485,300,,,1,103,,4486,300,,,1,96,,4487,300,,,1,36,,4488,300,,,1
