2501,'2',603,,1659,64,,,1,30,,1660,64,,,1,70,,1661,64,,,1,30,,1662,80,,,1,70,,1663,80,,,1,30,,1664,80,,,1,69,,1665,80,,,1,29,,1666,80,,,1,69,,1667,96,,,1,29,,1668,96,,,1,29,,1669,96,,,1,69,,1670,96,,,1,30,,1671,96,,,1,69,,1672,96,,,1,29,,1673,96,,,1,69,,1674,96,,,1,29,,1675,96,,,1,70,,1676,113,,,1,30,,1677,113,,,1,71,,1678,113,,,1,31,,1679,113,,,1,71,,1680,113,,,1,31,,1681,96,,,1,71,,1682,96,,,1,72,,1683,96,,,1,31,,1684,80,,,1,70,,1685,80,,,1,30,,1686,80,,,1,70,,1687,80,,,1,30,,1688,64,,,1,70,,1689,64,,,1,30,,1690,64,,,1,70,,1691,64,,,1,30,,1692,64,,,1,70,,1693,64,,,1
2501,'3',603,,1694,64,,,1,30,,1695,64,,,1,70,,1696,64,,,1,30,,1697,80,,,1,70,,1698,80,,,1,30,,1699,80,,,1,69,,1700,80,,,1,29,,1701,80,,,1,69,,1702,96,,,1,29,,1703,96,,,1,29,,1704,96,,,1,69,,1705,96,,,1,30,,1706,96,,,1,69,,1707,96,,,1,29,,1708,96,,,1,69,,1709,96,,,1,29,,1710,96,,,1,70,,1711,113,,,1,30,,1712,113,,,1,71,,1713,113,,,1,31,,1714,113,,,1,71,,1715,113,,,1,31,,1716,96,,,1,71,,1717,96,,,1,72,,1718,96,,,1,31,,1719,80,,,1,70,,1720,80,,,1,30,,1721,80,,,1,70,,1722,80,,,1,30,,1723,64,,,1,70,,1724,64,,,1,30,,1725,64,,,1,70,,1726,64,,,1,30,,1727,64,,,1,70,,1728,64,,,1
2501,'4',603,,1729,64,,,1,30,,1730,64,,,1,70,,1731,64,,,1,30,,1732,80,,,1,70,,1733,80,,,1,30,,1734,80,,,1,69,,1735,80,,,1,29,,1736,80,,,1,69,,1737,96,,,1,29,,1738,96,,,1,29,,1739,96,,,1,69,,1740,96,,,1,30,,1741,96,,,1,69,,1742,96,,,1,29,,1743,96,,,1,69,,1744,96,,,1,29,,1745,96,,,1,70,,1746,113,,,1,30,,1747,113,,,1,71,,1748,113,,,1,31,,1749,113,,,1,71,,1750,113,,,1,31,,1751,96,,,1,71,,1752,96,,,1,72,,1753,96,,,1,31,,1754,80,,,1,70,,1755,80,,,1,30,,1756,80,,,1,70,,1757,80,,,1,30,,1758,64,,,1,70,,1759,64,,,1,30,,1760,64,,,1,70,,1761,64,,,1,30,,1762,64,,,1,70,,1763,64,,,1
2501,'5',603,,1764,64,,,1,30,,1765,64,,,1,70,,1766,64,,,1,30,,1767,80,,,1,70,,1768,80,,,1,30,,1769,80,,,1,69,,1770,80,,,1,29,,1771,80,,,1,69,,1772,96,,,1,29,,1773,96,,,1,29,,1774,96,,,1,69,,1775,96,,,1,30,,1776,96,,,1,69,,1777,96,,,1,29,,1778,96,,,1,69,,1779,96,,,1,29,,1780,96,,,1,70,,1781,113,,,1,30,,1782,113,,,1,71,,1783,113,,,1,31,,1784,113,,,1,71,,1785,113,,,1,31,,1786,96,,,1,71,,1787,96,,,1,72,,1788,96,,,1,31,,1789,80,,,1,70,,1790,80,,,1,30,,1791,80,,,1,70,,1792,80,,,1,30,,1793,64,,,1,70,,1794,64,,,1,30,,1795,64,,,1,70,,1796,64,,,1,30,,1797,64,,,1,70,,1798,64,,,1
2501,'6',603,,1799,64,,,1,30,,1800,64,,,1,70,,1801,64,,,1,30,,1802,80,,,1,70,,1803,80,,,1,30,,1804,80,,,1,69,,1805,80,,,1,29,,1806,80,,,1,69,,1807,96,,,1,29,,1808,96,,,1,29,,1809,96,,,1,69,,1810,96,,,1,30,,1811,96,,,1,69,,1812,96,,,1,29,,1813,96,,,1,69,,1814,96,,,1,29,,1815,96,,,1,70,,1816,113,,,1,30,,1817,113,,,1,71,,1818,113,,,1,31,,1819,113,,,1,71,,1820,113,,,1,31,,1821,96,,,1,71,,1822,96,,,1,72,,1823,96,,,1,31,,1824,80,,,1,70,,1825,80,,,1,30,,1826,80,,,1,70,,1827,80,,,1,30,,1828,64,,,1,70,,1829,64,,,1,30,,1830,64,,,1,70,,1831,64,,,1,30,,1832,64,,,1,70,,1833,64,,,1
2501,'9',805,,1834,64,,,1,31,,1835,64,,,1,71,,1836,64,,,1,30,,1837,64,,,1,70,,1838,64,,,1,30,,1839,64,,,1,70,,1840,80,,,1,30,,1841,80,,,1,70,,1842,80,,,1,30,,1843,80,,,1,70,,1844,80,,,1,30,,1845,80,,,1,70,,1846,80,,,1,30,,1847,80,,,1,70,,1848,96,,,1,30,,1849,96,,,1,70,,1850,96,,,1,30,,1851,96,,,1,70,,1852,96,,,1,30,,1853,96,,,1,70,,1854,96,,,1,100,,1855,96,,,1
9200,'2',645,,4444,1103,,,1,96,,4445,1103,,,1,72,,4446,1163,,,1,94,,4447,1163,,,1,693,,4448,1285,,,1,30,,4449,1285,,,1,105,,4450,1403,,,1,92,,4451,1161,,,1,76,,4452,1161,,,1
9200,'3',645,,4453,1103,,,1,96,,4454,1103,,,1,72,,4455,1163,,,1,94,,4456,1163,,,1,693,,4457,1285,,,1,30,,4458,1285,,,1,105,,4459,1403,,,1,92,,4460,1161,,,1,76,,4461,1161,,,1
9200,'4',645,,4462,1103,,,1,96,,4463,1103,,,1,72,,4464,1163,,,1,94,,4465,1163,,,1,693,,4466,1285,,,1,30,,4467,1285,,,1,105,,4468,1403,,,1,92,,4469,1161,,,1,76,,4470,1161,,,1
9200,'5',645,,4471,1103,,,1,96,,4472,1103,,,1,72,,4473,1163,,,1,94,,4474,1163,,,1,693,,4475,1285,,,1,30,,4476,1285,,,1,105,,4477,1403,,,1,92,,4478,1161,,,1,76,,4479,1161,,,1
9200,'6',645,,4480,1103,,,1,96,,4481,1103,,,1,72,,4482,1163,,,1,94,,4483,1163,,,1,693,,4484,1285,,,1,30,,4485,1285,,,1,105,,4486,1403,,,1,92,,4487,1161,,,1,76,,4488,1161,,,1
9201,'2',605,,4489,1118,,,1,54,,4490,1118,,,1,70,,4491,1118,,,1,98,,4492,1178,,,1,29,,4493,1178,,,1,94,,4494,1178,,,1,693,,4495,1178,,,1,71,,4496,1178,,,1,104,,4497,1178,,,1,89,,4498,1116,,,1
9201,'3',605,,4499,1118,,,1,54,,4500,1118,,,1,70,,4501,1118,,,1,98,,4502,1178,,,1,29,,4503,1178,,,1,94,,4504,1178,,,1,693,,4505,1178,,,1,71,,4506,1178,,,1,104,,4507,1178,,,1,89,,4508,1116,,,1
9201,'4',605,,4509,1118,,,1,54,,4510,1118,,,1,70,,4511,1118,,,1,98,,4512,1178,,,1,29,,4513,1178,,,1,94,,4514,1178,,,1,693,,4515,1178,,,1,71,,4516,1178,,,1,104,,4517,1178,,,1,89,,4518,1116,,,1
9201,'5',605,,4519,1118,,,1,54,,4520,1118,,,1,70,,4521,1118,,,1,98,,4522,1178,,,1,29,,4523,1178,,,1,94,,4524,1178,,,1,693,,4525,1178,,,1,71,,4526,1178,,,1,104,,4527,1178,,,1,89,,4528,1116,,,1
9201,'6',605,,4529,1118,,,1,54,,4530,1118,,,1,70,,4531,1118,,,1,98,,4532,1178,,,1,29,,4533,1178,,,1,94,,4534,1178,,,1,693,,4535,1178,,,1,71,,4536,1178,,,1,104,,4537,1178,,,1,89,,4538,1116,,,1
