2001,'2-v13',614,,1144,,,1,15,,1145,,,1,15,,1146,,,1,15,,1147,,,1,55,,1148,,,1,15,,1149,,,1,15,,1150,,,1,57,,1151,,,1,16,,1152,,,1,16,,1153,,,1,16,,1154,,,1,56,,1155,,,1,16,,1156,,,1,15,,1157,,,1,15,,1158,,,1,55,,1159,,,1,16,,1160,,,1,15,,1161,,,1,15,,1162,,,1,55,,1163,,,1,15,,1164,,,1,15,,1165,,,1,15,,1166,,,1,55,,1167,,,1,15,,1168,,,1,15,,1169,,,1,15,,1170,,,1,55,,1171,,,1,15,,1172,,,1,15,,1173,,,1,15,,1174,,,1,55,,1175,,,1,15,,1176,,,1,18,,1177,,,1,16,,1178,,,1,56,,1179,,,1,16,,1180,,,1,16,,1181,,,1,56,,1182,,,1,16,,1183,,,1,16,,1184,,,1,16,,1185,,,1,55,,1186,,,1,16,,1187,,,1,15,,1188,,,1,15,,1189,,,1,55,,1190,,,1,12,,1191,,,1,16,,1192,,,1,16,,1193,,,1,56,,1194,,,1,16,,1195,,,1,30,,1196,,,1,70,,1197,,,1,30,,1198,,,1,70,,1199,,,1,30,,1200,,,1,70,,1201,,,1,100,,1202,,,1
2001,'3-v13',614,,1203,,,1,15,,1204,,,1,15,,1205,,,1,15,,1206,,,1,55,,1207,,,1,15,,1208,,,1,15,,1209,,,1,57,,1210,,,1,16,,1211,,,1,16,,1212,,,1,16,,1213,,,1,56,,1214,,,1,16,,1215,,,1,15,,1216,,,1,15,,1217,,,1,55,,1218,,,1,16,,1219,,,1,15,,1220,,,1,15,,1221,,,1,55,,1222,,,1,15,,1223,,,1,15,,1224,,,1,15,,1225,,,1,55,,1226,,,1,15,,1227,,,1,15,,1228,,,1,15,,1229,,,1,55,,1230,,,1,15,,1231,,,1,15,,1232,,,1,15,,1233,,,1,55,,1234,,,1,15,,1235,,,1,18,,1236,,,1,16,,1237,,,1,56,,1238,,,1,16,,1239,,,1,16,,1240,,,1,56,,1241,,,1,16,,1242,,,1,16,,1243,,,1,16,,1244,,,1,55,,1245,,,1,16,,1246,,,1,15,,1247,,,1,15,,1248,,,1,55,,1249,,,1,12,,1250,,,1,16,,1251,,,1,16,,1252,,,1,56,,1253,,,1,16,,1254,,,1,30,,1255,,,1,70,,1256,,,1,30,,1257,,,1,70,,1258,,,1,30,,1259,,,1,70,,1260,,,1,100,,1261,,,1
2001,'4-v13',614,,1262,,,1,15,,1263,,,1,15,,1264,,,1,15,,1265,,,1,55,,1266,,,1,15,,1267,,,1,15,,1268,,,1,57,,1269,,,1,16,,1270,,,1,16,,1271,,,1,16,,1272,,,1,56,,1273,,,1,16,,1274,,,1,15,,1275,,,1,15,,1276,,,1,55,,1277,,,1,16,,1278,,,1,15,,1279,,,1,15,,1280,,,1,55,,1281,,,1,15,,1282,,,1,15,,1283,,,1,15,,1284,,,1,55,,1285,,,1,15,,1286,,,1,15,,1287,,,1,15,,1288,,,1,55,,1289,,,1,15,,1290,,,1,15,,1291,,,1,15,,1292,,,1,55,,1293,,,1,15,,1294,,,1,18,,1295,,,1,16,,1296,,,1,56,,1297,,,1,16,,1298,,,1,16,,1299,,,1,56,,1300,,,1,16,,1301,,,1,16,,1302,,,1,16,,1303,,,1,55,,1304,,,1,16,,1305,,,1,15,,1306,,,1,15,,1307,,,1,55,,1308,,,1,12,,1309,,,1,16,,1310,,,1,16,,1311,,,1,56,,1312,,,1,16,,1313,,,1,30,,1314,,,1,70,,1315,,,1,30,,1316,,,1,70,,1317,,,1,30,,1318,,,1,70,,1319,,,1,100,,1320,,,1
2001,'5-v13',614,,1321,,,1,15,,1322,,,1,15,,1323,,,1,15,,1324,,,1,55,,1325,,,1,15,,1326,,,1,15,,1327,,,1,57,,1328,,,1,16,,1329,,,1,16,,1330,,,1,16,,1331,,,1,56,,1332,,,1,16,,1333,,,1,15,,1334,,,1,15,,1335,,,1,55,,1336,,,1,16,,1337,,,1,15,,1338,,,1,15,,1339,,,1,55,,1340,,,1,15,,1341,,,1,15,,1342,,,1,15,,1343,,,1,55,,1344,,,1,15,,1345,,,1,15,,1346,,,1,15,,1347,,,1,55,,1348,,,1,15,,1349,,,1,15,,1350,,,1,15,,1351,,,1,55,,1352,,,1,15,,1353,,,1,18,,1354,,,1,16,,1355,,,1,56,,1356,,,1,16,,1357,,,1,16,,1358,,,1,56,,1359,,,1,16,,1360,,,1,16,,1361,,,1,16,,1362,,,1,55,,1363,,,1,16,,1364,,,1,15,,1365,,,1,15,,1366,,,1,55,,1367,,,1,12,,1368,,,1,16,,1369,,,1,16,,1370,,,1,56,,1371,,,1,16,,1372,,,1,30,,1373,,,1,70,,1374,,,1,30,,1375,,,1,70,,1376,,,1,30,,1377,,,1,70,,1378,,,1,100,,1379,,,1
2001,'6-v13',614,,1380,,,1,15,,1381,,,1,15,,1382,,,1,15,,1383,,,1,55,,1384,,,1,15,,1385,,,1,15,,1386,,,1,57,,1387,,,1,16,,1388,,,1,16,,1389,,,1,16,,1390,,,1,56,,1391,,,1,16,,1392,,,1,15,,1393,,,1,15,,1394,,,1,55,,1395,,,1,16,,1396,,,1,15,,1397,,,1,15,,1398,,,1,55,,1399,,,1,15,,1400,,,1,15,,1401,,,1,15,,1402,,,1,55,,1403,,,1,15,,1404,,,1,15,,1405,,,1,15,,1406,,,1,55,,1407,,,1,15,,1408,,,1,15,,1409,,,1,15,,1410,,,1,55,,1411,,,1,15,,1412,,,1,18,,1413,,,1,16,,1414,,,1,56,,1415,,,1,16,,1416,,,1,16,,1417,,,1,56,,1418,,,1,16,,1419,,,1,16,,1420,,,1,16,,1421,,,1,55,,1422,,,1,16,,1423,,,1,15,,1424,,,1,15,,1425,,,1,55,,1426,,,1,12,,1427,,,1,16,,1428,,,1,16,,1429,,,1,56,,1430,,,1,16,,1431,,,1,30,,1432,,,1,70,,1433,,,1,30,,1434,,,1,70,,1435,,,1,30,,1436,,,1,70,,1437,,,1,100,,1438,,,1
2001,'9-v13',821,,1439,,,1,30,,1440,,,1,70,,1441,,,1,30,,1442,,,1,70,,1443,,,1,30,,1444,,,1,71,,1445,,,1,30,,1446,,,1,70,,1447,,,1,30,,1448,,,1,70,,1449,,,1,30,,1450,,,1,70,,1451,,,1,30,,1452,,,1,71,,1453,,,1,30,,1454,,,1,70,,1455,,,1,30,,1456,,,1,70,,1457,,,1,30,,1458,,,1,70,,1459,,,1,30,,1460,,,1,71,,1461,,,1
3101,'2-v13',701,,2493,,,1,31,,2494,,,1,70,,2495,,,1,31,,2496,,,1,72,,2497,,,1,32,,2498,,,1,72,,2499,,,1,32,,2500,,,1,73,,2501,,,1,32,,2502,,,1,72,,2503,,,1,34,,2504,,,1,72,,2505,,,1,33,,2506,,,1,73,,2507,,,1,74,,2508,,,1,33,,2509,,,1,73,,2510,,,1,33,,2511,,,1,73,,2512,,,1,33,,2513,,,1,73,,2514,,,1,30,,2515,,,1,72,,2516,,,1,32,,2517,,,1,71,,2518,,,1,32,,2519,,,1,72,,2520,,,1,72,,2521,,,1,32,,2522,,,1
3101,'3-v13',701,,2523,,,1,31,,2524,,,1,70,,2525,,,1,31,,2526,,,1,72,,2527,,,1,32,,2528,,,1,72,,2529,,,1,32,,2530,,,1,73,,2531,,,1,32,,2532,,,1,72,,2533,,,1,34,,2534,,,1,72,,2535,,,1,33,,2536,,,1,73,,2537,,,1,74,,2538,,,1,33,,2539,,,1,73,,2540,,,1,33,,2541,,,1,73,,2542,,,1,33,,2543,,,1,73,,2544,,,1,30,,2545,,,1,72,,2546,,,1,32,,2547,,,1,71,,2548,,,1,32,,2549,,,1,72,,2550,,,1,72,,2551,,,1,32,,2552,,,1
3101,'4-v13',701,,2553,,,1,31,,2554,,,1,70,,2555,,,1,31,,2556,,,1,72,,2557,,,1,32,,2558,,,1,72,,2559,,,1,32,,2560,,,1,73,,2561,,,1,32,,2562,,,1,72,,2563,,,1,34,,2564,,,1,72,,2565,,,1,33,,2566,,,1,73,,2567,,,1,74,,2568,,,1,33,,2569,,,1,73,,2570,,,1,33,,2571,,,1,73,,2572,,,1,33,,2573,,,1,73,,2574,,,1,30,,2575,,,1,72,,2576,,,1,32,,2577,,,1,71,,2578,,,1,32,,2579,,,1,72,,2580,,,1,72,,2581,,,1,32,,2582,,,1
3101,'5-v13',701,,2583,,,1,31,,2584,,,1,70,,2585,,,1,31,,2586,,,1,72,,2587,,,1,32,,2588,,,1,72,,2589,,,1,32,,2590,,,1,73,,2591,,,1,32,,2592,,,1,72,,2593,,,1,34,,2594,,,1,72,,2595,,,1,33,,2596,,,1,73,,2597,,,1,74,,2598,,,1,33,,2599,,,1,73,,2600,,,1,33,,2601,,,1,73,,2602,,,1,33,,2603,,,1,73,,2604,,,1,30,,2605,,,1,72,,2606,,,1,32,,2607,,,1,71,,2608,,,1,32,,2609,,,1,72,,2610,,,1,72,,2611,,,1,32,,2612,,,1
3101,'6-v13',701,,2613,,,1,31,,2614,,,1,70,,2615,,,1,31,,2616,,,1,72,,2617,,,1,32,,2618,,,1,72,,2619,,,1,32,,2620,,,1,73,,2621,,,1,32,,2622,,,1,72,,2623,,,1,34,,2624,,,1,72,,2625,,,1,33,,2626,,,1,73,,2627,,,1,74,,2628,,,1,33,,2629,,,1,73,,2630,,,1,33,,2631,,,1,73,,2632,,,1,33,,2633,,,1,73,,2634,,,1,30,,2635,,,1,72,,2636,,,1,32,,2637,,,1,71,,2638,,,1,32,,2639,,,1,72,,2640,,,1,72,,2641,,,1,32,,2642,,,1
3101,'9-v13',836,,2643,,,1,100,,2644,,,1,100,,2645,,,1,104,,2646,,,1,100,,2647,,,1,100,,2648,,,1,100,,2649,,,1,100,,2650,,,1,100,,2651,,,1,100,,2652,,,1,100,,2653,,,1,100,,2654,,,1
