2501,'2',609,,1659,,,1,30,,1660,,,1,70,,1661,,,1,33,,1662,,,1,70,,1663,,,1,30,,1664,,,1,69,,1665,,,1,29,,1666,,,1,70,,1667,,,1,29,,1668,,,1,69,,1669,,,1,29,,1670,,,1,70,,1671,,,1,29,,1672,,,1,69,,1673,,,1,29,,1674,,,1,69,,1675,,,1,31,,1676,,,1,70,,1677,,,1,31,,1678,,,1,71,,1679,,,1,31,,1680,,,1,70,,1681,,,1,31,,1682,,,1,72,,1683,,,1,29,,1684,,,1,70,,1685,,,1,30,,1686,,,1,70,,1687,,,1,29,,1688,,,1,70,,1689,,,1,30,,1690,,,1,70,,1691,,,1,30,,1692,,,1,70,,1693,,,1
2501,'3',609,,1694,,,1,30,,1695,,,1,70,,1696,,,1,33,,1697,,,1,70,,1698,,,1,30,,1699,,,1,69,,1700,,,1,29,,1701,,,1,70,,1702,,,1,29,,1703,,,1,69,,1704,,,1,29,,1705,,,1,70,,1706,,,1,29,,1707,,,1,69,,1708,,,1,29,,1709,,,1,69,,1710,,,1,31,,1711,,,1,70,,1712,,,1,31,,1713,,,1,71,,1714,,,1,31,,1715,,,1,70,,1716,,,1,31,,1717,,,1,72,,1718,,,1,29,,1719,,,1,70,,1720,,,1,30,,1721,,,1,70,,1722,,,1,29,,1723,,,1,70,,1724,,,1,30,,1725,,,1,70,,1726,,,1,30,,1727,,,1,70,,1728,,,1
2501,'4',609,,1729,,,1,30,,1730,,,1,70,,1731,,,1,33,,1732,,,1,70,,1733,,,1,30,,1734,,,1,69,,1735,,,1,29,,1736,,,1,70,,1737,,,1,29,,1738,,,1,69,,1739,,,1,29,,1740,,,1,70,,1741,,,1,29,,1742,,,1,69,,1743,,,1,29,,1744,,,1,69,,1745,,,1,31,,1746,,,1,70,,1747,,,1,31,,1748,,,1,71,,1749,,,1,31,,1750,,,1,70,,1751,,,1,31,,1752,,,1,72,,1753,,,1,29,,1754,,,1,70,,1755,,,1,30,,1756,,,1,70,,1757,,,1,29,,1758,,,1,70,,1759,,,1,30,,1760,,,1,70,,1761,,,1,30,,1762,,,1,70,,1763,,,1
2501,'5',609,,1764,,,1,30,,1765,,,1,70,,1766,,,1,33,,1767,,,1,70,,1768,,,1,30,,1769,,,1,69,,1770,,,1,29,,1771,,,1,70,,1772,,,1,29,,1773,,,1,69,,1774,,,1,29,,1775,,,1,70,,1776,,,1,29,,1777,,,1,69,,1778,,,1,29,,1779,,,1,69,,1780,,,1,31,,1781,,,1,70,,1782,,,1,31,,1783,,,1,71,,1784,,,1,31,,1785,,,1,70,,1786,,,1,31,,1787,,,1,72,,1788,,,1,29,,1789,,,1,70,,1790,,,1,30,,1791,,,1,70,,1792,,,1,29,,1793,,,1,70,,1794,,,1,30,,1795,,,1,70,,1796,,,1,30,,1797,,,1,70,,1798,,,1
2501,'6',609,,1799,,,1,30,,1800,,,1,70,,1801,,,1,33,,1802,,,1,70,,1803,,,1,30,,1804,,,1,69,,1805,,,1,29,,1806,,,1,70,,1807,,,1,29,,1808,,,1,69,,1809,,,1,29,,1810,,,1,70,,1811,,,1,29,,1812,,,1,69,,1813,,,1,29,,1814,,,1,69,,1815,,,1,31,,1816,,,1,70,,1817,,,1,31,,1818,,,1,71,,1819,,,1,31,,1820,,,1,70,,1821,,,1,31,,1822,,,1,72,,1823,,,1,29,,1824,,,1,70,,1825,,,1,30,,1826,,,1,70,,1827,,,1,29,,1828,,,1,70,,1829,,,1,30,,1830,,,1,70,,1831,,,1,30,,1832,,,1,70,,1833,,,1
2501,'9',812,,1834,,,1,31,,1835,,,1,71,,1836,,,1,30,,1837,,,1,70,,1838,,,1,30,,1839,,,1,71,,1840,,,1,30,,1841,,,1,70,,1842,,,1,30,,1843,,,1,70,,1844,,,1,30,,1845,,,1,70,,1846,,,1,30,,1847,,,1,71,,1848,,,1,30,,1849,,,1,70,,1850,,,1,30,,1851,,,1,70,,1852,,,1,30,,1853,,,1,70,,1854,,,1,100,,1855,,,1
3101,'2',633,,2493,,,1,71,,2494,,,1,28,,2493,4,,1,3,,2495,,,1,68,,2494,4,,1,3,,2496,,,1,30,,2495,4,,1,2,,2497,,,1,69,,2496,4,,1,3,,2498,,,1,29,,2497,4,,1,3,,2499,,,1,69,,2498,4,,1,3,,2500,,,1,29,,2499,4,,1,4,,2501,,,1,68,,2500,4,,1,4,,2502,,,1,29,,2501,4,,1,3,,2503,,,1,69,,2502,4,,1,4,,2504,,,1,28,,2503,4,,1,4,,2505,,,1,70,,2504,4,,1,3,,2506,,,1,29,,2505,4,,1,44,,2507,,,1,29,,2506,4,,1,3,,2508,,,1,70,,2507,4,,1,3,,2509,,,1,31,,2508,4,,1,2,,2510,,,1,71,,2509,4,,1,2,,2511,,,1,31,,2510,4,,1,2,,2512,,,1,71,,2511,4,,1,2,,2513,,,1,31,,2512,4,,1,2,,2514,,,1,71,,2513,4,,1,2,,2515,,,1,31,,2514,4,,1,1,,2516,,,1,67,,2515,4,,1,5,,2517,,,1,27,,2516,4,,1,45,,2518,,,1,27,,2517,4,,1,5,,2519,,,1,25,,2518,4,,1,47,,2520,,,1,25,,2519,4,,1,7,,2521,,,1,65,,2520,4,,1,7,,2522,,,1,25,,2521,4,,1,70,,2522,4,,1
3101,'3',633,,2523,,,1,71,,2524,,,1,28,,2523,4,,1,3,,2525,,,1,68,,2524,4,,1,3,,2526,,,1,30,,2525,4,,1,2,,2527,,,1,69,,2526,4,,1,3,,2528,,,1,29,,2527,4,,1,3,,2529,,,1,69,,2528,4,,1,3,,2530,,,1,29,,2529,4,,1,4,,2531,,,1,68,,2530,4,,1,4,,2532,,,1,29,,2531,4,,1,3,,2533,,,1,69,,2532,4,,1,4,,2534,,,1,28,,2533,4,,1,4,,2535,,,1,70,,2534,4,,1,3,,2536,,,1,29,,2535,4,,1,44,,2537,,,1,29,,2536,4,,1,3,,2538,,,1,70,,2537,4,,1,3,,2539,,,1,31,,2538,4,,1,2,,2540,,,1,71,,2539,4,,1,2,,2541,,,1,31,,2540,4,,1,2,,2542,,,1,71,,2541,4,,1,2,,2543,,,1,31,,2542,4,,1,2,,2544,,,1,71,,2543,4,,1,2,,2545,,,1,31,,2544,4,,1,1,,2546,,,1,67,,2545,4,,1,5,,2547,,,1,27,,2546,4,,1,45,,2548,,,1,27,,2547,4,,1,5,,2549,,,1,25,,2548,4,,1,47,,2550,,,1,25,,2549,4,,1,7,,2551,,,1,65,,2550,4,,1,7,,2552,,,1,25,,2551,4,,1,70,,2552,4,,1
3101,'4',633,,2553,,,1,71,,2554,,,1,28,,2553,4,,1,3,,2555,,,1,68,,2554,4,,1,3,,2556,,,1,30,,2555,4,,1,2,,2557,,,1,69,,2556,4,,1,3,,2558,,,1,29,,2557,4,,1,3,,2559,,,1,69,,2558,4,,1,3,,2560,,,1,29,,2559,4,,1,4,,2561,,,1,68,,2560,4,,1,4,,2562,,,1,29,,2561,4,,1,3,,2563,,,1,69,,2562,4,,1,4,,2564,,,1,28,,2563,4,,1,4,,2565,,,1,70,,2564,4,,1,3,,2566,,,1,29,,2565,4,,1,44,,2567,,,1,29,,2566,4,,1,3,,2568,,,1,70,,2567,4,,1,3,,2569,,,1,31,,2568,4,,1,2,,2570,,,1,71,,2569,4,,1,2,,2571,,,1,31,,2570,4,,1,2,,2572,,,1,71,,2571,4,,1,2,,2573,,,1,31,,2572,4,,1,2,,2574,,,1,71,,2573,4,,1,2,,2575,,,1,31,,2574,4,,1,1,,2576,,,1,67,,2575,4,,1,5,,2577,,,1,27,,2576,4,,1,45,,2578,,,1,27,,2577,4,,1,5,,2579,,,1,25,,2578,4,,1,47,,2580,,,1,25,,2579,4,,1,7,,2581,,,1,65,,2580,4,,1,7,,2582,,,1,25,,2581,4,,1,70,,2582,4,,1
3101,'5',633,,2583,,,1,71,,2584,,,1,28,,2583,4,,1,3,,2585,,,1,68,,2584,4,,1,3,,2586,,,1,30,,2585,4,,1,2,,2587,,,1,69,,2586,4,,1,3,,2588,,,1,29,,2587,4,,1,3,,2589,,,1,69,,2588,4,,1,3,,2590,,,1,29,,2589,4,,1,4,,2591,,,1,68,,2590,4,,1,4,,2592,,,1,29,,2591,4,,1,3,,2593,,,1,69,,2592,4,,1,4,,2594,,,1,28,,2593,4,,1,4,,2595,,,1,70,,2594,4,,1,3,,2596,,,1,29,,2595,4,,1,44,,2597,,,1,29,,2596,4,,1,3,,2598,,,1,70,,2597,4,,1,3,,2599,,,1,31,,2598,4,,1,2,,2600,,,1,71,,2599,4,,1,2,,2601,,,1,31,,2600,4,,1,2,,2602,,,1,71,,2601,4,,1,2,,2603,,,1,31,,2602,4,,1,2,,2604,,,1,71,,2603,4,,1,2,,2605,,,1,31,,2604,4,,1,1,,2606,,,1,67,,2605,4,,1,5,,2607,,,1,27,,2606,4,,1,45,,2608,,,1,27,,2607,4,,1,5,,2609,,,1,25,,2608,4,,1,47,,2610,,,1,25,,2609,4,,1,7,,2611,,,1,65,,2610,4,,1,7,,2612,,,1,25,,2611,4,,1,70,,2612,4,,1
3101,'6',633,,2613,,,1,71,,2614,,,1,28,,2613,4,,1,3,,2615,,,1,68,,2614,4,,1,3,,2616,,,1,30,,2615,4,,1,2,,2617,,,1,69,,2616,4,,1,3,,2618,,,1,29,,2617,4,,1,3,,2619,,,1,69,,2618,4,,1,3,,2620,,,1,29,,2619,4,,1,4,,2621,,,1,68,,2620,4,,1,4,,2622,,,1,29,,2621,4,,1,3,,2623,,,1,69,,2622,4,,1,4,,2624,,,1,28,,2623,4,,1,4,,2625,,,1,70,,2624,4,,1,3,,2626,,,1,29,,2625,4,,1,44,,2627,,,1,29,,2626,4,,1,3,,2628,,,1,70,,2627,4,,1,3,,2629,,,1,31,,2628,4,,1,2,,2630,,,1,71,,2629,4,,1,2,,2631,,,1,31,,2630,4,,1,2,,2632,,,1,71,,2631,4,,1,2,,2633,,,1,31,,2632,4,,1,2,,2634,,,1,71,,2633,4,,1,2,,2635,,,1,31,,2634,4,,1,1,,2636,,,1,67,,2635,4,,1,5,,2637,,,1,27,,2636,4,,1,45,,2638,,,1,27,,2637,4,,1,5,,2639,,,1,25,,2638,4,,1,47,,2640,,,1,25,,2639,4,,1,7,,2641,,,1,65,,2640,4,,1,7,,2642,,,1,25,,2641,4,,1,70,,2642,4,,1
3101,'9',810,,2643,,,1,97,,2643,4,,1,3,,2644,,,1,97,,2644,4,,1,3,,2645,,,1,97,,2645,4,,1,3,,2646,,,1,100,,2647,,,1,3,,2646,4,,1,97,,2648,,,1,3,,2647,4,,1,97,,2649,,,1,3,,2648,4,,1,97,,2650,,,1,3,,2649,4,,1,97,,2651,,,1,2,,2650,4,,1,98,,2652,,,1,2,,2651,4,,1,98,,2653,,,1,2,,2652,4,,1,98,,2654,,,1,2,,2653,4,,1,100,,2654,4,,1
5101,'2',608,,3370,,,1,19,,3370,4,,1,11,,3371,,,1,19,,3371,4,,1,51,,3372,,,1,19,,3372,4,,1,11,,3373,,,1,63,,3373,4,,1,9,,3374,,,1,23,,3374,4,,1,9,,3375,,,1,63,,3375,4,,1,9,,3376,,,1,23,,3376,4,,1,9,,3377,,,1,63,,3377,4,,1,9,,3378,,,1,24,,3378,4,,1,8,,3379,,,1,64,,3379,4,,1,8,,3380,,,1,24,,3380,4,,1,8,,3381,,,1,64,,3381,4,,1,9,,3382,,,1,24,,3382,4,,1,49,,3383,,,1,24,,3383,4,,1,9,,3384,,,1,24,,3384,4,,1,48,,3385,,,1,24,,3385,4,,1,9,,3386,,,1,65,,3386,4,,1,8,,3387,,,1,25,,3387,4,,1,8,,3388,,,1,65,,3388,4,,1,8,,3389,,,1,25,,3389,4,,1,8,,3390,,,1,65,,3390,4,,1,8,,3391,,,1,25,,3391,4,,1,8,,3392,,,1,65,,3392,4,,1,8,,3393,,,1,23,,3393,4,,1,50,,3394,,,1,23,,3394,4,,1,9,,3395,,,1,23,,3395,4,,1,49,,3396,,,1,21,,3396,4,,1,11,,3397,,,1,21,,3397,4,,1,51,,3398,,,1,21,,3398,4,,1,11,,3399,,,1,61,,3399,4,,1,11,,3400,,,1,20,,3400,4,,1
5101,'3',608,,3401,,,1,19,,3401,4,,1,11,,3402,,,1,19,,3402,4,,1,51,,3403,,,1,19,,3403,4,,1,11,,3404,,,1,63,,3404,4,,1,9,,3405,,,1,23,,3405,4,,1,9,,3406,,,1,63,,3406,4,,1,9,,3407,,,1,23,,3407,4,,1,9,,3408,,,1,63,,3408,4,,1,9,,3409,,,1,24,,3409,4,,1,8,,3410,,,1,64,,3410,4,,1,8,,3411,,,1,24,,3411,4,,1,8,,3412,,,1,64,,3412,4,,1,9,,3413,,,1,24,,3413,4,,1,49,,3414,,,1,24,,3414,4,,1,9,,3415,,,1,24,,3415,4,,1,48,,3416,,,1,24,,3416,4,,1,9,,3417,,,1,65,,3417,4,,1,8,,3418,,,1,25,,3418,4,,1,8,,3419,,,1,65,,3419,4,,1,8,,3420,,,1,25,,3420,4,,1,8,,3421,,,1,65,,3421,4,,1,8,,3422,,,1,25,,3422,4,,1,8,,3423,,,1,65,,3423,4,,1,8,,3424,,,1,23,,3424,4,,1,50,,3425,,,1,23,,3425,4,,1,9,,3426,,,1,23,,3426,4,,1,49,,3427,,,1,21,,3427,4,,1,11,,3428,,,1,21,,3428,4,,1,51,,3429,,,1,21,,3429,4,,1,11,,3430,,,1,61,,3430,4,,1,11,,3431,,,1,20,,3431,4,,1
5101,'4',608,,3432,,,1,19,,3432,4,,1,11,,3433,,,1,19,,3433,4,,1,51,,3434,,,1,19,,3434,4,,1,11,,3435,,,1,63,,3435,4,,1,9,,3436,,,1,23,,3436,4,,1,9,,3437,,,1,63,,3437,4,,1,9,,3438,,,1,23,,3438,4,,1,9,,3439,,,1,63,,3439,4,,1,9,,3440,,,1,24,,3440,4,,1,8,,3441,,,1,64,,3441,4,,1,8,,3442,,,1,24,,3442,4,,1,8,,3443,,,1,64,,3443,4,,1,9,,3444,,,1,24,,3444,4,,1,49,,3445,,,1,24,,3445,4,,1,9,,3446,,,1,24,,3446,4,,1,48,,3447,,,1,24,,3447,4,,1,9,,3448,,,1,65,,3448,4,,1,8,,3449,,,1,25,,3449,4,,1,8,,3450,,,1,65,,3450,4,,1,8,,3451,,,1,25,,3451,4,,1,8,,3452,,,1,65,,3452,4,,1,8,,3453,,,1,25,,3453,4,,1,8,,3454,,,1,65,,3454,4,,1,8,,3455,,,1,23,,3455,4,,1,50,,3456,,,1,23,,3456,4,,1,9,,3457,,,1,23,,3457,4,,1,49,,3458,,,1,21,,3458,4,,1,11,,3459,,,1,21,,3459,4,,1,51,,3460,,,1,21,,3460,4,,1,11,,3461,,,1,61,,3461,4,,1,11,,3462,,,1,20,,3462,4,,1
5101,'5',608,,3463,,,1,19,,3463,4,,1,11,,3464,,,1,19,,3464,4,,1,51,,3465,,,1,19,,3465,4,,1,11,,3466,,,1,63,,3466,4,,1,9,,3467,,,1,23,,3467,4,,1,9,,3468,,,1,63,,3468,4,,1,9,,3469,,,1,23,,3469,4,,1,9,,3470,,,1,63,,3470,4,,1,9,,3471,,,1,24,,3471,4,,1,8,,3472,,,1,64,,3472,4,,1,8,,3473,,,1,24,,3473,4,,1,8,,3474,,,1,64,,3474,4,,1,9,,3475,,,1,24,,3475,4,,1,49,,3476,,,1,24,,3476,4,,1,9,,3477,,,1,24,,3477,4,,1,48,,3478,,,1,24,,3478,4,,1,9,,3479,,,1,65,,3479,4,,1,8,,3480,,,1,25,,3480,4,,1,8,,3481,,,1,65,,3481,4,,1,8,,3482,,,1,25,,3482,4,,1,8,,3483,,,1,65,,3483,4,,1,8,,3484,,,1,25,,3484,4,,1,8,,3485,,,1,65,,3485,4,,1,8,,3486,,,1,23,,3486,4,,1,50,,3487,,,1,23,,3487,4,,1,9,,3488,,,1,23,,3488,4,,1,49,,3489,,,1,21,,3489,4,,1,11,,3490,,,1,21,,3490,4,,1,51,,3491,,,1,21,,3491,4,,1,11,,3492,,,1,61,,3492,4,,1,11,,3493,,,1,20,,3493,4,,1
5101,'6',608,,3494,,,1,19,,3494,4,,1,11,,3495,,,1,19,,3495,4,,1,51,,3496,,,1,19,,3496,4,,1,11,,3497,,,1,63,,3497,4,,1,9,,3498,,,1,23,,3498,4,,1,9,,3499,,,1,63,,3499,4,,1,9,,3500,,,1,23,,3500,4,,1,9,,3501,,,1,63,,3501,4,,1,9,,3502,,,1,24,,3502,4,,1,8,,3503,,,1,64,,3503,4,,1,8,,3504,,,1,24,,3504,4,,1,8,,3505,,,1,64,,3505,4,,1,9,,3506,,,1,24,,3506,4,,1,49,,3507,,,1,24,,3507,4,,1,9,,3508,,,1,24,,3508,4,,1,48,,3509,,,1,24,,3509,4,,1,9,,3510,,,1,65,,3510,4,,1,8,,3511,,,1,25,,3511,4,,1,8,,3512,,,1,65,,3512,4,,1,8,,3513,,,1,25,,3513,4,,1,8,,3514,,,1,65,,3514,4,,1,8,,3515,,,1,25,,3515,4,,1,8,,3516,,,1,65,,3516,4,,1,8,,3517,,,1,23,,3517,4,,1,50,,3518,,,1,23,,3518,4,,1,9,,3519,,,1,23,,3519,4,,1,49,,3520,,,1,21,,3520,4,,1,11,,3521,,,1,21,,3521,4,,1,51,,3522,,,1,21,,3522,4,,1,11,,3523,,,1,61,,3523,4,,1,11,,3524,,,1,20,,3524,4,,1
5101,'9',820,,3525,,,1,21,,3525,4,,1,79,,3526,,,1,21,,3526,4,,1,79,,3527,,,1,21,,3527,4,,1,79,,3528,,,1,24,,3528,4,,1,76,,3529,,,1,24,,3529,4,,1,76,,3530,,,1,24,,3530,4,,1,76,,3531,,,1,24,,3531,4,,1,76,,3532,,,1,21,,3532,4,,1,79,,3533,,,1,21,,3533,4,,1,79,,3534,,,1,21,,3534,4,,1,79,,3535,,,1,21,,3535,4,,1,79,,3536,,,1,21,,3536,4,,1
