4001,'2',642,,3040,2280,,,1,70,,3041,2280,,,1,30,,3042,2280,,,1,71,,3043,2340,,,1,30,,3044,2340,,,1,70,,3045,2340,,,1,30,,3046,2340,,,1,70,,3047,2340,,,1,31,,3048,2400,,,1,70,,3049,2400,,,1,30,,3050,2400,,,1,70,,3051,2400,,,1,32,,3052,2520,,,1,70,,3053,2520,,,1,30,,3054,2520,,,1,70,,3055,2520,,,1,30,,3056,2520,,,1,75,,3057,2820,,,1,30,,3058,2820,,,1,70,,3059,2820,,,1,30,,3060,2820,,,1,66,,3061,2580,,,1,30,,3062,2580,,,1,70,,3063,2580,,,1,27,,3064,2400,,,1,70,,3065,2400,,,1,409,,3066,2160,,,1,30,,3067,2160,,,1
4001,'3',642,,3068,2280,,,1,70,,3069,2280,,,1,30,,3070,2280,,,1,71,,3071,2340,,,1,30,,3072,2340,,,1,70,,3073,2340,,,1,30,,3074,2340,,,1,70,,3075,2340,,,1,31,,3076,2400,,,1,70,,3077,2400,,,1,30,,3078,2400,,,1,70,,3079,2400,,,1,32,,3080,2520,,,1,70,,3081,2520,,,1,30,,3082,2520,,,1,70,,3083,2520,,,1,30,,3084,2520,,,1,75,,3085,2820,,,1,30,,3086,2820,,,1,70,,3087,2820,,,1,30,,3088,2820,,,1,66,,3089,2580,,,1,30,,3090,2580,,,1,70,,3091,2580,,,1,27,,3092,2400,,,1,70,,3093,2400,,,1,409,,3094,2160,,,1,30,,3095,2160,,,1
4001,'4',642,,3096,2280,,,1,70,,3097,2280,,,1,30,,3098,2280,,,1,71,,3099,2340,,,1,30,,3100,2340,,,1,70,,3101,2340,,,1,30,,3102,2340,,,1,70,,3103,2340,,,1,31,,3104,2400,,,1,70,,3105,2400,,,1,30,,3106,2400,,,1,70,,3107,2400,,,1,32,,3108,2520,,,1,70,,3109,2520,,,1,30,,3110,2520,,,1,70,,3111,2520,,,1,30,,3112,2520,,,1,75,,3113,2820,,,1,30,,3114,2820,,,1,70,,3115,2820,,,1,30,,3116,2820,,,1,66,,3117,2580,,,1,30,,3118,2580,,,1,70,,3119,2580,,,1,27,,3120,2400,,,1,70,,3121,2400,,,1,409,,3122,2160,,,1,30,,3123,2160,,,1
4001,'5',642,,3124,2280,,,1,70,,3125,2280,,,1,30,,3126,2280,,,1,71,,3127,2340,,,1,30,,3128,2340,,,1,70,,3129,2340,,,1,30,,3130,2340,,,1,70,,3131,2340,,,1,31,,3132,2400,,,1,70,,3133,2400,,,1,30,,3134,2400,,,1,70,,3135,2400,,,1,32,,3136,2520,,,1,70,,3137,2520,,,1,30,,3138,2520,,,1,70,,3139,2520,,,1,30,,3140,2520,,,1,75,,3141,2820,,,1,30,,3142,2820,,,1,70,,3143,2820,,,1,30,,3144,2820,,,1,66,,3145,2580,,,1,30,,3146,2580,,,1,70,,3147,2580,,,1,27,,3148,2400,,,1,70,,3149,2400,,,1,409,,3150,2160,,,1,30,,3151,2160,,,1
4001,'6',642,,3152,2280,,,1,70,,3153,2280,,,1,30,,3154,2280,,,1,71,,3155,2340,,,1,30,,3156,2340,,,1,70,,3157,2340,,,1,30,,3158,2340,,,1,70,,3159,2340,,,1,31,,3160,2400,,,1,70,,3161,2400,,,1,30,,3162,2400,,,1,70,,3163,2400,,,1,32,,3164,2520,,,1,70,,3165,2520,,,1,30,,3166,2520,,,1,70,,3167,2520,,,1,30,,3168,2520,,,1,75,,3169,2820,,,1,30,,3170,2820,,,1,70,,3171,2820,,,1,30,,3172,2820,,,1,66,,3173,2580,,,1,30,,3174,2580,,,1,70,,3175,2580,,,1,27,,3176,2400,,,1,70,,3177,2400,,,1,409,,3178,2160,,,1,30,,3179,2160,,,1
4001,'9',806,,3180,2400,,,1,100,,3181,2400,,,1,100,,3182,2400,,,1,100,,3183,2400,,,1,102,,3184,2520,,,1,100,,3185,2520,,,1,100,,3186,2520,,,1,100,,3187,2520,,,1,100,,3188,2520,,,1,100,,3189,2520,,,1,100,,3190,2520,,,1,100,,3191,2520,,,1,100,,3192,2520,,,1
6501,'2',700,,4063,2280,,,1,30,,4064,2280,,,1,70,,4065,2280,,,1,31,,4066,2340,,,1,70,,4067,2340,,,1,30,,4068,2340,,,1,70,,4069,2340,,,1,30,,4070,2340,,,1,71,,4071,2400,,,1,30,,4072,2400,,,1,70,,4073,2400,,,1,30,,4074,2400,,,1,69,,4075,2340,,,1,30,,4076,2340,,,1,70,,4077,2340,,,1,30,,4078,2340,,,1,73,,4079,2520,,,1,30,,4080,2520,,,1,70,,4081,2520,,,1,30,,4082,2520,,,1,70,,4083,2520,,,1,28,,4084,2400,,,1,70,,4085,2400,,,1,30,,4086,2400,,,1,68,,4087,2280,,,1,30,,4088,2280,,,1,70,,4089,2280,,,1,30,,4090,2280,,,1,29,,4091,2220,,,1,70,,4092,2220,,,1,30,,4093,2220,,,1,70,,4094,2220,,,1,29,,4095,2160,,,1
6501,'3',700,,4096,2280,,,1,30,,4097,2280,,,1,70,,4098,2280,,,1,31,,4099,2340,,,1,70,,4100,2340,,,1,30,,4101,2340,,,1,70,,4102,2340,,,1,30,,4103,2340,,,1,71,,4104,2400,,,1,30,,4105,2400,,,1,70,,4106,2400,,,1,30,,4107,2400,,,1,69,,4108,2340,,,1,30,,4109,2340,,,1,70,,4110,2340,,,1,30,,4111,2340,,,1,73,,4112,2520,,,1,30,,4113,2520,,,1,70,,4114,2520,,,1,30,,4115,2520,,,1,70,,4116,2520,,,1,28,,4117,2400,,,1,70,,4118,2400,,,1,30,,4119,2400,,,1,68,,4120,2280,,,1,30,,4121,2280,,,1,70,,4122,2280,,,1,30,,4123,2280,,,1,29,,4124,2220,,,1,70,,4125,2220,,,1,30,,4126,2220,,,1,70,,4127,2220,,,1,29,,4128,2160,,,1
6501,'4',700,,4129,2280,,,1,30,,4130,2280,,,1,70,,4131,2280,,,1,31,,4132,2340,,,1,70,,4133,2340,,,1,30,,4134,2340,,,1,70,,4135,2340,,,1,30,,4136,2340,,,1,71,,4137,2400,,,1,30,,4138,2400,,,1,70,,4139,2400,,,1,30,,4140,2400,,,1,69,,4141,2340,,,1,30,,4142,2340,,,1,70,,4143,2340,,,1,30,,4144,2340,,,1,73,,4145,2520,,,1,30,,4146,2520,,,1,70,,4147,2520,,,1,30,,4148,2520,,,1,70,,4149,2520,,,1,28,,4150,2400,,,1,70,,4151,2400,,,1,30,,4152,2400,,,1,68,,4153,2280,,,1,30,,4154,2280,,,1,70,,4155,2280,,,1,30,,4156,2280,,,1,29,,4157,2220,,,1,70,,4158,2220,,,1,30,,4159,2220,,,1,70,,4160,2220,,,1,29,,4161,2160,,,1
6501,'5',700,,4162,2280,,,1,30,,4163,2280,,,1,70,,4164,2280,,,1,31,,4165,2340,,,1,70,,4166,2340,,,1,30,,4167,2340,,,1,70,,4168,2340,,,1,30,,4169,2340,,,1,71,,4170,2400,,,1,30,,4171,2400,,,1,70,,4172,2400,,,1,30,,4173,2400,,,1,69,,4174,2340,,,1,30,,4175,2340,,,1,70,,4176,2340,,,1,30,,4177,2340,,,1,73,,4178,2520,,,1,30,,4179,2520,,,1,70,,4180,2520,,,1,30,,4181,2520,,,1,70,,4182,2520,,,1,28,,4183,2400,,,1,70,,4184,2400,,,1,30,,4185,2400,,,1,68,,4186,2280,,,1,30,,4187,2280,,,1,70,,4188,2280,,,1,30,,4189,2280,,,1,29,,4190,2220,,,1,70,,4191,2220,,,1,30,,4192,2220,,,1,70,,4193,2220,,,1,29,,4194,2160,,,1
6501,'6',700,,4195,2280,,,1,30,,4196,2280,,,1,70,,4197,2280,,,1,31,,4198,2340,,,1,70,,4199,2340,,,1,30,,4200,2340,,,1,70,,4201,2340,,,1,30,,4202,2340,,,1,71,,4203,2400,,,1,30,,4204,2400,,,1,70,,4205,2400,,,1,30,,4206,2400,,,1,69,,4207,2340,,,1,30,,4208,2340,,,1,70,,4209,2340,,,1,30,,4210,2340,,,1,73,,4211,2520,,,1,30,,4212,2520,,,1,70,,4213,2520,,,1,30,,4214,2520,,,1,70,,4215,2520,,,1,28,,4216,2400,,,1,70,,4217,2400,,,1,30,,4218,2400,,,1,68,,4219,2280,,,1,30,,4220,2280,,,1,70,,4221,2280,,,1,30,,4222,2280,,,1,29,,4223,2220,,,1,70,,4224,2220,,,1,30,,4225,2220,,,1,70,,4226,2220,,,1,29,,4227,2160,,,1
6501,'9',836,,4228,2100,,,1,100,,4229,2100,,,1,100,,4230,2100,,,1,103,,4231,2280,,,1,100,,4232,2280,,,1,100,,4233,2280,,,1,100,,4234,2280,,,1,100,,4235,2280,,,1,100,,4236,2280,,,1,100,,4237,2280,,,1,100,,4238,2280,,,1,100,,4239,2280,,,1
