4001,'2',613,,3040,584,,,1,30,,3041,584,,,1,70,,3042,584,,,1,30,,3043,584,,,1,70,,3044,584,,,1,30,,3045,584,,,1,70,,3046,584,,,1,30,,3047,584,,,1,70,,3048,584,,,1,30,,3049,584,,,1,70,,3050,584,,,1,30,,3051,584,,,1,71,,3052,644,,,1,30,,3053,644,,,1,70,,3054,644,,,1,30,,3055,644,,,1,70,,3056,644,,,1,32,,3057,747,,,1,70,,3058,747,,,1,30,,3059,747,,,1,70,,3060,747,,,1,29,,3061,696,,,1,70,,3062,696,,,1,30,,3063,696,,,1,69,,3064,644,,,1,30,,3065,644,,,1,413,,3066,644,,,1,70,,3067,644,,,1
4001,'3',613,,3068,584,,,1,30,,3069,584,,,1,70,,3070,584,,,1,30,,3071,584,,,1,70,,3072,584,,,1,30,,3073,584,,,1,70,,3074,584,,,1,30,,3075,584,,,1,70,,3076,584,,,1,30,,3077,584,,,1,70,,3078,584,,,1,30,,3079,584,,,1,71,,3080,644,,,1,30,,3081,644,,,1,70,,3082,644,,,1,30,,3083,644,,,1,70,,3084,644,,,1,32,,3085,747,,,1,70,,3086,747,,,1,30,,3087,747,,,1,70,,3088,747,,,1,29,,3089,696,,,1,70,,3090,696,,,1,30,,3091,696,,,1,69,,3092,644,,,1,30,,3093,644,,,1,413,,3094,644,,,1,70,,3095,644,,,1
4001,'4',613,,3096,584,,,1,30,,3097,584,,,1,70,,3098,584,,,1,30,,3099,584,,,1,70,,3100,584,,,1,30,,3101,584,,,1,70,,3102,584,,,1,30,,3103,584,,,1,70,,3104,584,,,1,30,,3105,584,,,1,70,,3106,584,,,1,30,,3107,584,,,1,71,,3108,644,,,1,30,,3109,644,,,1,70,,3110,644,,,1,30,,3111,644,,,1,70,,3112,644,,,1,32,,3113,747,,,1,70,,3114,747,,,1,30,,3115,747,,,1,70,,3116,747,,,1,29,,3117,696,,,1,70,,3118,696,,,1,30,,3119,696,,,1,69,,3120,644,,,1,30,,3121,644,,,1,413,,3122,644,,,1,70,,3123,644,,,1
4001,'5',613,,3124,584,,,1,30,,3125,584,,,1,70,,3126,584,,,1,30,,3127,584,,,1,70,,3128,584,,,1,30,,3129,584,,,1,70,,3130,584,,,1,30,,3131,584,,,1,70,,3132,584,,,1,30,,3133,584,,,1,70,,3134,584,,,1,30,,3135,584,,,1,71,,3136,644,,,1,30,,3137,644,,,1,70,,3138,644,,,1,30,,3139,644,,,1,70,,3140,644,,,1,32,,3141,747,,,1,70,,3142,747,,,1,30,,3143,747,,,1,70,,3144,747,,,1,29,,3145,696,,,1,70,,3146,696,,,1,30,,3147,696,,,1,69,,3148,644,,,1,30,,3149,644,,,1,413,,3150,644,,,1,70,,3151,644,,,1
4001,'6',613,,3152,584,,,1,30,,3153,584,,,1,70,,3154,584,,,1,30,,3155,584,,,1,70,,3156,584,,,1,30,,3157,584,,,1,70,,3158,584,,,1,30,,3159,584,,,1,70,,3160,584,,,1,30,,3161,584,,,1,70,,3162,584,,,1,30,,3163,584,,,1,71,,3164,644,,,1,30,,3165,644,,,1,70,,3166,644,,,1,30,,3167,644,,,1,70,,3168,644,,,1,32,,3169,747,,,1,70,,3170,747,,,1,30,,3171,747,,,1,70,,3172,747,,,1,29,,3173,696,,,1,70,,3174,696,,,1,30,,3175,696,,,1,69,,3176,644,,,1,30,,3177,644,,,1,413,,3178,644,,,1,70,,3179,644,,,1
4001,'9',736,,3180,644,,,1,100,,3181,644,,,1,100,,3182,644,,,1,100,,3183,644,,,1,100,,3184,644,,,1,100,,3185,644,,,1,100,,3186,644,,,1,100,,3187,644,,,1,100,,3188,644,,,1,100,,3189,644,,,1,100,,3190,644,,,1,100,,3191,644,,,1,100,,3192,644,,,1
6500,'2',629,,3886,644,,,1,30,,3887,644,,,1,70,,3888,644,,,1,30,,3889,636,,,1,70,,3890,636,,,1,30,,3891,636,,,1,70,,3892,636,,,1,30,,3893,636,,,1,69,,3894,584,,,1,30,,3895,584,,,1,70,,3896,584,,,1,30,,3897,584,,,1,71,,3898,644,,,1,30,,3899,644,,,1,70,,3900,644,,,1,30,,3901,644,,,1,70,,3902,644,,,1,71,,3903,696,,,1,30,,3904,696,,,1,70,,3905,696,,,1,30,,3906,696,,,1,70,,3907,696,,,1,30,,3908,696,,,1,70,,3909,696,,,1,29,,3910,644,,,1,30,,3911,644,,,1,70,,3912,644,,,1,30,,3913,644,,,1,69,,3914,584,,,1,30,,3915,584,,,1,70,,3916,584,,,1,30,,3917,584,,,1,70,,3918,584,,,1
6500,'3',629,,3919,644,,,1,30,,3920,644,,,1,70,,3921,644,,,1,30,,3922,636,,,1,70,,3923,636,,,1,30,,3924,636,,,1,70,,3925,636,,,1,30,,3926,636,,,1,69,,3927,584,,,1,30,,3928,584,,,1,70,,3929,584,,,1,30,,3930,584,,,1,71,,3931,644,,,1,30,,3932,644,,,1,70,,3933,644,,,1,30,,3934,644,,,1,70,,3935,644,,,1,71,,3936,696,,,1,30,,3937,696,,,1,70,,3938,696,,,1,30,,3939,696,,,1,70,,3940,696,,,1,30,,3941,696,,,1,70,,3942,696,,,1,29,,3943,644,,,1,30,,3944,644,,,1,70,,3945,644,,,1,30,,3946,644,,,1,69,,3947,584,,,1,30,,3948,584,,,1,70,,3949,584,,,1,30,,3950,584,,,1,70,,3951,584,,,1
6500,'4',629,,3952,644,,,1,30,,3953,644,,,1,70,,3954,644,,,1,30,,3955,636,,,1,70,,3956,636,,,1,30,,3957,636,,,1,70,,3958,636,,,1,30,,3959,636,,,1,69,,3960,584,,,1,30,,3961,584,,,1,70,,3962,584,,,1,30,,3963,584,,,1,71,,3964,644,,,1,30,,3965,644,,,1,70,,3966,644,,,1,30,,3967,644,,,1,70,,3968,644,,,1,71,,3969,696,,,1,30,,3970,696,,,1,70,,3971,696,,,1,30,,3972,696,,,1,70,,3973,696,,,1,30,,3974,696,,,1,70,,3975,696,,,1,29,,3976,644,,,1,30,,3977,644,,,1,70,,3978,644,,,1,30,,3979,644,,,1,69,,3980,584,,,1,30,,3981,584,,,1,70,,3982,584,,,1,30,,3983,584,,,1,70,,3984,584,,,1
6500,'5',629,,3985,644,,,1,30,,3986,644,,,1,70,,3987,644,,,1,30,,3988,636,,,1,70,,3989,636,,,1,30,,3990,636,,,1,70,,3991,636,,,1,30,,3992,636,,,1,69,,3993,584,,,1,30,,3994,584,,,1,70,,3995,584,,,1,30,,3996,584,,,1,71,,3997,644,,,1,30,,3998,644,,,1,70,,3999,644,,,1,30,,4000,644,,,1,70,,4001,644,,,1,71,,4002,696,,,1,30,,4003,696,,,1,70,,4004,696,,,1,30,,4005,696,,,1,70,,4006,696,,,1,30,,4007,696,,,1,70,,4008,696,,,1,29,,4009,644,,,1,30,,4010,644,,,1,70,,4011,644,,,1,30,,4012,644,,,1,69,,4013,584,,,1,30,,4014,584,,,1,70,,4015,584,,,1,30,,4016,584,,,1,70,,4017,584,,,1
6500,'6',629,,4018,644,,,1,30,,4019,644,,,1,70,,4020,644,,,1,30,,4021,636,,,1,70,,4022,636,,,1,30,,4023,636,,,1,70,,4024,636,,,1,30,,4025,636,,,1,69,,4026,584,,,1,30,,4027,584,,,1,70,,4028,584,,,1,30,,4029,584,,,1,71,,4030,644,,,1,30,,4031,644,,,1,70,,4032,644,,,1,30,,4033,644,,,1,70,,4034,644,,,1,71,,4035,696,,,1,30,,4036,696,,,1,70,,4037,696,,,1,30,,4038,696,,,1,70,,4039,696,,,1,30,,4040,696,,,1,70,,4041,696,,,1,29,,4042,644,,,1,30,,4043,644,,,1,70,,4044,644,,,1,30,,4045,644,,,1,69,,4046,584,,,1,30,,4047,584,,,1,70,,4048,584,,,1,30,,4049,584,,,1,70,,4050,584,,,1
6500,'9',807,,4051,584,,,1,100,,4052,584,,,1,100,,4053,584,,,1,100,,4054,584,,,1,101,,4055,644,,,1,100,,4056,644,,,1,100,,4057,644,,,1,100,,4058,644,,,1,101,,4059,696,,,1,100,,4060,696,,,1,100,,4061,696,,,1,100,,4062,696,,,1
