3101,'2',635,,2493,158,,,1,71,,2494,158,,,1,31,,2495,158,,,1,71,,2496,158,,,1,32,,2497,158,,,1,72,,2498,158,,,1,32,,2499,158,,,1,72,,2500,158,,,1,33,,2501,158,,,1,72,,2502,158,,,1,32,,2503,158,,,1,73,,2504,158,,,1,32,,2505,158,,,1,73,,2506,158,,,1,73,,2507,158,,,1,32,,2508,175,,,1,73,,2509,175,,,1,33,,2510,175,,,1,73,,2511,175,,,1,34,,2512,193,,,1,73,,2513,193,,,1,33,,2514,193,,,1,72,,2515,158,,,1,32,,2516,158,,,1,72,,2517,158,,,1,72,,2518,158,,,1,32,,2519,158,,,1,72,,2520,158,,,1,32,,2521,158,,,1,72,,2522,158,,,1
3101,'3',635,,2523,158,,,1,71,,2524,158,,,1,31,,2525,158,,,1,71,,2526,158,,,1,32,,2527,158,,,1,72,,2528,158,,,1,32,,2529,158,,,1,72,,2530,158,,,1,33,,2531,158,,,1,72,,2532,158,,,1,32,,2533,158,,,1,73,,2534,158,,,1,32,,2535,158,,,1,73,,2536,158,,,1,73,,2537,158,,,1,32,,2538,175,,,1,73,,2539,175,,,1,33,,2540,175,,,1,73,,2541,175,,,1,34,,2542,193,,,1,73,,2543,193,,,1,33,,2544,193,,,1,72,,2545,158,,,1,32,,2546,158,,,1,72,,2547,158,,,1,72,,2548,158,,,1,32,,2549,158,,,1,72,,2550,158,,,1,32,,2551,158,,,1,72,,2552,158,,,1
3101,'4',635,,2553,158,,,1,71,,2554,158,,,1,31,,2555,158,,,1,71,,2556,158,,,1,32,,2557,158,,,1,72,,2558,158,,,1,32,,2559,158,,,1,72,,2560,158,,,1,33,,2561,158,,,1,72,,2562,158,,,1,32,,2563,158,,,1,73,,2564,158,,,1,32,,2565,158,,,1,73,,2566,158,,,1,73,,2567,158,,,1,32,,2568,175,,,1,73,,2569,175,,,1,33,,2570,175,,,1,73,,2571,175,,,1,34,,2572,193,,,1,73,,2573,193,,,1,33,,2574,193,,,1,72,,2575,158,,,1,32,,2576,158,,,1,72,,2577,158,,,1,72,,2578,158,,,1,32,,2579,158,,,1,72,,2580,158,,,1,32,,2581,158,,,1,72,,2582,158,,,1
3101,'5',635,,2583,158,,,1,71,,2584,158,,,1,31,,2585,158,,,1,71,,2586,158,,,1,32,,2587,158,,,1,72,,2588,158,,,1,32,,2589,158,,,1,72,,2590,158,,,1,33,,2591,158,,,1,72,,2592,158,,,1,32,,2593,158,,,1,73,,2594,158,,,1,32,,2595,158,,,1,73,,2596,158,,,1,73,,2597,158,,,1,32,,2598,175,,,1,73,,2599,175,,,1,33,,2600,175,,,1,73,,2601,175,,,1,34,,2602,193,,,1,73,,2603,193,,,1,33,,2604,193,,,1,72,,2605,158,,,1,32,,2606,158,,,1,72,,2607,158,,,1,72,,2608,158,,,1,32,,2609,158,,,1,72,,2610,158,,,1,32,,2611,158,,,1,72,,2612,158,,,1
3101,'6',635,,2613,158,,,1,71,,2614,158,,,1,31,,2615,158,,,1,71,,2616,158,,,1,32,,2617,158,,,1,72,,2618,158,,,1,32,,2619,158,,,1,72,,2620,158,,,1,33,,2621,158,,,1,72,,2622,158,,,1,32,,2623,158,,,1,73,,2624,158,,,1,32,,2625,158,,,1,73,,2626,158,,,1,73,,2627,158,,,1,32,,2628,175,,,1,73,,2629,175,,,1,33,,2630,175,,,1,73,,2631,175,,,1,34,,2632,193,,,1,73,,2633,193,,,1,33,,2634,193,,,1,72,,2635,158,,,1,32,,2636,158,,,1,72,,2637,158,,,1,72,,2638,158,,,1,32,,2639,158,,,1,72,,2640,158,,,1,32,,2641,158,,,1,72,,2642,158,,,1
3101,'9',812,,2643,140,,,1,100,,2644,140,,,1,100,,2645,140,,,1,100,,2646,175,,,1,100,,2647,175,,,1,100,,2648,175,,,1,100,,2649,175,,,1,100,,2650,175,,,1,100,,2651,175,,,1,100,,2652,175,,,1,100,,2653,175,,,1,100,,2654,175,,,1
5101,'2',610,,3370,137,,,1,30,,3371,137,,,1,70,,3372,137,,,1,30,,3373,167,,,1,72,,3374,167,,,1,32,,3375,167,,,1,72,,3376,167,,,1,32,,3377,167,,,1,73,,3378,183,,,1,32,,3379,183,,,1,72,,3380,183,,,1,32,,3381,183,,,1,73,,3382,183,,,1,73,,3383,183,,,1,33,,3384,183,,,1,72,,3385,183,,,1,33,,3386,183,,,1,73,,3387,183,,,1,33,,3388,183,,,1,73,,3389,183,,,1,33,,3390,198,,,1,73,,3391,198,,,1,33,,3392,198,,,1,73,,3393,183,,,1,73,,3394,183,,,1,32,,3395,183,,,1,71,,3396,167,,,1,32,,3397,167,,,1,72,,3398,167,,,1,32,,3399,167,,,1,72,,3400,152,,,1
5101,'3',610,,3401,137,,,1,30,,3402,137,,,1,70,,3403,137,,,1,30,,3404,167,,,1,72,,3405,167,,,1,32,,3406,167,,,1,72,,3407,167,,,1,32,,3408,167,,,1,73,,3409,183,,,1,32,,3410,183,,,1,72,,3411,183,,,1,32,,3412,183,,,1,73,,3413,183,,,1,73,,3414,183,,,1,33,,3415,183,,,1,72,,3416,183,,,1,33,,3417,183,,,1,73,,3418,183,,,1,33,,3419,183,,,1,73,,3420,183,,,1,33,,3421,198,,,1,73,,3422,198,,,1,33,,3423,198,,,1,73,,3424,183,,,1,73,,3425,183,,,1,32,,3426,183,,,1,71,,3427,167,,,1,32,,3428,167,,,1,72,,3429,167,,,1,32,,3430,167,,,1,72,,3431,152,,,1
5101,'4',610,,3432,137,,,1,30,,3433,137,,,1,70,,3434,137,,,1,30,,3435,167,,,1,72,,3436,167,,,1,32,,3437,167,,,1,72,,3438,167,,,1,32,,3439,167,,,1,73,,3440,183,,,1,32,,3441,183,,,1,72,,3442,183,,,1,32,,3443,183,,,1,73,,3444,183,,,1,73,,3445,183,,,1,33,,3446,183,,,1,72,,3447,183,,,1,33,,3448,183,,,1,73,,3449,183,,,1,33,,3450,183,,,1,73,,3451,183,,,1,33,,3452,198,,,1,73,,3453,198,,,1,33,,3454,198,,,1,73,,3455,183,,,1,73,,3456,183,,,1,32,,3457,183,,,1,71,,3458,167,,,1,32,,3459,167,,,1,72,,3460,167,,,1,32,,3461,167,,,1,72,,3462,152,,,1
5101,'5',610,,3463,137,,,1,30,,3464,137,,,1,70,,3465,137,,,1,30,,3466,167,,,1,72,,3467,167,,,1,32,,3468,167,,,1,72,,3469,167,,,1,32,,3470,167,,,1,73,,3471,183,,,1,32,,3472,183,,,1,72,,3473,183,,,1,32,,3474,183,,,1,73,,3475,183,,,1,73,,3476,183,,,1,33,,3477,183,,,1,72,,3478,183,,,1,33,,3479,183,,,1,73,,3480,183,,,1,33,,3481,183,,,1,73,,3482,183,,,1,33,,3483,198,,,1,73,,3484,198,,,1,33,,3485,198,,,1,73,,3486,183,,,1,73,,3487,183,,,1,32,,3488,183,,,1,71,,3489,167,,,1,32,,3490,167,,,1,72,,3491,167,,,1,32,,3492,167,,,1,72,,3493,152,,,1
5101,'6',610,,3494,137,,,1,30,,3495,137,,,1,70,,3496,137,,,1,30,,3497,167,,,1,72,,3498,167,,,1,32,,3499,167,,,1,72,,3500,167,,,1,32,,3501,167,,,1,73,,3502,183,,,1,32,,3503,183,,,1,72,,3504,183,,,1,32,,3505,183,,,1,73,,3506,183,,,1,73,,3507,183,,,1,33,,3508,183,,,1,72,,3509,183,,,1,33,,3510,183,,,1,73,,3511,183,,,1,33,,3512,183,,,1,73,,3513,183,,,1,33,,3514,198,,,1,73,,3515,198,,,1,33,,3516,198,,,1,73,,3517,183,,,1,73,,3518,183,,,1,32,,3519,183,,,1,71,,3520,167,,,1,32,,3521,167,,,1,72,,3522,167,,,1,32,,3523,167,,,1,72,,3524,152,,,1
5101,'9',822,,3525,152,,,1,100,,3526,152,,,1,100,,3527,152,,,1,100,,3528,167,,,1,100,,3529,167,,,1,100,,3530,167,,,1,100,,3531,167,,,1,100,,3532,152,,,1,100,,3533,152,,,1,100,,3534,152,,,1,100,,3535,152,,,1,100,,3536,152,,,1
