1100,'2',640,,637,790,,,1,102,,638,902,,,1,100,,639,902,,,1,100,,640,902,,,1,100,,641,902,,,1,102,,642,902,,,1,98,,643,955,,,1,100,,644,955,,,1,101,,645,1007,,,1,102,,646,1007,,,1,101,,647,955,,,1,96,,648,955,,,1,100,,649,902,,,1,102,,650,902,,,1,99,,651,850,,,1,100,,652,850,,,1
1100,'3',640,,653,790,,,1,102,,654,902,,,1,100,,655,902,,,1,100,,656,902,,,1,100,,657,902,,,1,102,,658,902,,,1,98,,659,955,,,1,100,,660,955,,,1,101,,661,1007,,,1,102,,662,1007,,,1,101,,663,955,,,1,96,,664,955,,,1,100,,665,902,,,1,102,,666,902,,,1,99,,667,850,,,1,100,,668,850,,,1
1100,'4',640,,669,790,,,1,102,,670,902,,,1,100,,671,902,,,1,100,,672,902,,,1,100,,673,902,,,1,102,,674,902,,,1,98,,675,955,,,1,100,,676,955,,,1,101,,677,1007,,,1,102,,678,1007,,,1,101,,679,955,,,1,96,,680,955,,,1,100,,681,902,,,1,102,,682,902,,,1,99,,683,850,,,1,100,,684,850,,,1
1100,'5',640,,685,790,,,1,102,,686,902,,,1,100,,687,902,,,1,100,,688,902,,,1,100,,689,902,,,1,102,,690,902,,,1,98,,691,955,,,1,100,,692,955,,,1,101,,693,1007,,,1,102,,694,1007,,,1,101,,695,955,,,1,96,,696,955,,,1,100,,697,902,,,1,102,,698,902,,,1,99,,699,850,,,1,100,,700,850,,,1
1100,'6',640,,701,790,,,1,102,,702,902,,,1,100,,703,902,,,1,100,,704,902,,,1,100,,705,902,,,1,102,,706,902,,,1,98,,707,955,,,1,100,,708,955,,,1,101,,709,1007,,,1,102,,710,1007,,,1,101,,711,955,,,1,96,,712,955,,,1,100,,713,902,,,1,102,,714,902,,,1,99,,715,850,,,1,100,,716,850,,,1
1100,'9',821,,717,790,,,1,100,,718,790,,,1,100,,719,790,,,1,101,,720,850,,,1,100,,721,850,,,1,100,,722,850,,,1,100,,723,850,,,1,100,,724,850,,,1,100,,725,850,,,1,100,,726,850,,,1,100,,727,850,,,1,100,,728,850,,,1
1101,'2',715,,729,611,,,1,101,,730,713,,,1,100,,731,713,,,1,100,,732,713,,,1,100,,733,713,,,1,101,,734,713,,,1,99,,735,713,,,1,100,,736,713,,,1,101,,737,713,,,1,101,,738,713,,,1,101,,739,713,,,1,97,,740,713,,,1,100,,741,713,,,1,102,,742,713,,,1,100,,743,713,,,1,99,,744,611,,,1
1101,'3',715,,745,611,,,1,101,,746,713,,,1,100,,747,713,,,1,100,,748,713,,,1,100,,749,713,,,1,101,,750,713,,,1,99,,751,713,,,1,100,,752,713,,,1,101,,753,713,,,1,101,,754,713,,,1,101,,755,713,,,1,97,,756,713,,,1,100,,757,713,,,1,102,,758,713,,,1,100,,759,713,,,1,99,,760,611,,,1
1101,'4',715,,761,611,,,1,101,,762,713,,,1,100,,763,713,,,1,100,,764,713,,,1,100,,765,713,,,1,101,,766,713,,,1,99,,767,713,,,1,100,,768,713,,,1,101,,769,713,,,1,101,,770,713,,,1,101,,771,713,,,1,97,,772,713,,,1,100,,773,713,,,1,102,,774,713,,,1,100,,775,713,,,1,99,,776,611,,,1
1101,'5',715,,777,611,,,1,101,,778,713,,,1,100,,779,713,,,1,100,,780,713,,,1,100,,781,713,,,1,101,,782,713,,,1,99,,783,713,,,1,100,,784,713,,,1,101,,785,713,,,1,101,,786,713,,,1,101,,787,713,,,1,97,,788,713,,,1,100,,789,713,,,1,102,,790,713,,,1,100,,791,713,,,1,99,,792,611,,,1
1101,'6',715,,793,611,,,1,101,,794,713,,,1,100,,795,713,,,1,100,,796,713,,,1,100,,797,713,,,1,101,,798,713,,,1,99,,799,713,,,1,100,,800,713,,,1,101,,801,713,,,1,101,,802,713,,,1,101,,803,713,,,1,97,,804,713,,,1,100,,805,713,,,1,102,,806,713,,,1,100,,807,713,,,1,99,,808,611,,,1
1101,'9',853,,809,611,,,1,100,,810,611,,,1,100,,811,611,,,1,101,,812,713,,,1,100,,813,713,,,1,100,,814,713,,,1,100,,815,713,,,1,100,,816,713,,,1,100,,817,713,,,1,100,,818,713,,,1,100,,819,713,,,1,100,,820,713,,,1
