4001,'2',642,,3040,2331,,,1,70,,3041,2331,,,1,30,,3042,2331,,,1,71,,3043,2391,,,1,30,,3044,2391,,,1,70,,3045,2391,,,1,30,,3046,2391,,,1,70,,3047,2391,,,1,31,,3048,2451,,,1,70,,3049,2451,,,1,30,,3050,2451,,,1,70,,3051,2451,,,1,32,,3052,2579,,,1,70,,3053,2579,,,1,30,,3054,2579,,,1,70,,3055,2579,,,1,30,,3056,2579,,,1,75,,3057,2879,,,1,30,,3058,2879,,,1,70,,3059,2879,,,1,30,,3060,2879,,,1,67,,3061,2648,,,1,30,,3062,2648,,,1,70,,3063,2648,,,1,26,,3064,2451,,,1,70,,3065,2451,,,1,409,,3066,2219,,,1,30,,3067,2219,,,1
4001,'3',642,,3068,2331,,,1,70,,3069,2331,,,1,30,,3070,2331,,,1,71,,3071,2391,,,1,30,,3072,2391,,,1,70,,3073,2391,,,1,30,,3074,2391,,,1,70,,3075,2391,,,1,31,,3076,2451,,,1,70,,3077,2451,,,1,30,,3078,2451,,,1,70,,3079,2451,,,1,32,,3080,2579,,,1,70,,3081,2579,,,1,30,,3082,2579,,,1,70,,3083,2579,,,1,30,,3084,2579,,,1,75,,3085,2879,,,1,30,,3086,2879,,,1,70,,3087,2879,,,1,30,,3088,2879,,,1,67,,3089,2648,,,1,30,,3090,2648,,,1,70,,3091,2648,,,1,26,,3092,2451,,,1,70,,3093,2451,,,1,409,,3094,2219,,,1,30,,3095,2219,,,1
4001,'4',642,,3096,2331,,,1,70,,3097,2331,,,1,30,,3098,2331,,,1,71,,3099,2391,,,1,30,,3100,2391,,,1,70,,3101,2391,,,1,30,,3102,2391,,,1,70,,3103,2391,,,1,31,,3104,2451,,,1,70,,3105,2451,,,1,30,,3106,2451,,,1,70,,3107,2451,,,1,32,,3108,2579,,,1,70,,3109,2579,,,1,30,,3110,2579,,,1,70,,3111,2579,,,1,30,,3112,2579,,,1,75,,3113,2879,,,1,30,,3114,2879,,,1,70,,3115,2879,,,1,30,,3116,2879,,,1,67,,3117,2648,,,1,30,,3118,2648,,,1,70,,3119,2648,,,1,26,,3120,2451,,,1,70,,3121,2451,,,1,409,,3122,2219,,,1,30,,3123,2219,,,1
4001,'5',642,,3124,2331,,,1,70,,3125,2331,,,1,30,,3126,2331,,,1,71,,3127,2391,,,1,30,,3128,2391,,,1,70,,3129,2391,,,1,30,,3130,2391,,,1,70,,3131,2391,,,1,31,,3132,2451,,,1,70,,3133,2451,,,1,30,,3134,2451,,,1,70,,3135,2451,,,1,32,,3136,2579,,,1,70,,3137,2579,,,1,30,,3138,2579,,,1,70,,3139,2579,,,1,30,,3140,2579,,,1,75,,3141,2879,,,1,30,,3142,2879,,,1,70,,3143,2879,,,1,30,,3144,2879,,,1,67,,3145,2648,,,1,30,,3146,2648,,,1,70,,3147,2648,,,1,26,,3148,2451,,,1,70,,3149,2451,,,1,409,,3150,2219,,,1,30,,3151,2219,,,1
4001,'6',642,,3152,2331,,,1,70,,3153,2331,,,1,30,,3154,2331,,,1,71,,3155,2391,,,1,30,,3156,2391,,,1,70,,3157,2391,,,1,30,,3158,2391,,,1,70,,3159,2391,,,1,31,,3160,2451,,,1,70,,3161,2451,,,1,30,,3162,2451,,,1,70,,3163,2451,,,1,32,,3164,2579,,,1,70,,3165,2579,,,1,30,,3166,2579,,,1,70,,3167,2579,,,1,30,,3168,2579,,,1,75,,3169,2879,,,1,30,,3170,2879,,,1,70,,3171,2879,,,1,30,,3172,2879,,,1,67,,3173,2648,,,1,30,,3174,2648,,,1,70,,3175,2648,,,1,26,,3176,2451,,,1,70,,3177,2451,,,1,409,,3178,2219,,,1,30,,3179,2219,,,1
4001,'9',806,,3180,2459,,,1,100,,3181,2459,,,1,100,,3182,2459,,,1,100,,3183,2459,,,1,102,,3184,2579,,,1,100,,3185,2579,,,1,100,,3186,2579,,,1,100,,3187,2579,,,1,100,,3188,2579,,,1,100,,3189,2579,,,1,100,,3190,2579,,,1,100,,3191,2579,,,1,100,,3192,2579,,,1
6501,'2',700,,4063,2339,,,1,30,,4064,2339,,,1,70,,4065,2339,,,1,32,,4066,2408,,,1,70,,4067,2408,,,1,30,,4068,2408,,,1,70,,4069,2408,,,1,30,,4070,2408,,,1,70,,4071,2459,,,1,30,,4072,2459,,,1,70,,4073,2459,,,1,30,,4074,2459,,,1,69,,4075,2399,,,1,30,,4076,2399,,,1,70,,4077,2399,,,1,30,,4078,2399,,,1,74,,4079,2588,,,1,30,,4080,2588,,,1,70,,4081,2588,,,1,30,,4082,2588,,,1,70,,4083,2588,,,1,28,,4084,2476,,,1,70,,4085,2476,,,1,30,,4086,2476,,,1,67,,4087,2339,,,1,30,,4088,2339,,,1,70,,4089,2339,,,1,30,,4090,2339,,,1,29,,4091,2279,,,1,70,,4092,2279,,,1,30,,4093,2279,,,1,70,,4094,2279,,,1,29,,4095,2219,,,1
6501,'3',700,,4096,2339,,,1,30,,4097,2339,,,1,70,,4098,2339,,,1,32,,4099,2408,,,1,70,,4100,2408,,,1,30,,4101,2408,,,1,70,,4102,2408,,,1,30,,4103,2408,,,1,70,,4104,2459,,,1,30,,4105,2459,,,1,70,,4106,2459,,,1,30,,4107,2459,,,1,69,,4108,2399,,,1,30,,4109,2399,,,1,70,,4110,2399,,,1,30,,4111,2399,,,1,74,,4112,2588,,,1,30,,4113,2588,,,1,70,,4114,2588,,,1,30,,4115,2588,,,1,70,,4116,2588,,,1,28,,4117,2476,,,1,70,,4118,2476,,,1,30,,4119,2476,,,1,67,,4120,2339,,,1,30,,4121,2339,,,1,70,,4122,2339,,,1,30,,4123,2339,,,1,29,,4124,2279,,,1,70,,4125,2279,,,1,30,,4126,2279,,,1,70,,4127,2279,,,1,29,,4128,2219,,,1
6501,'4',700,,4129,2339,,,1,30,,4130,2339,,,1,70,,4131,2339,,,1,32,,4132,2408,,,1,70,,4133,2408,,,1,30,,4134,2408,,,1,70,,4135,2408,,,1,30,,4136,2408,,,1,70,,4137,2459,,,1,30,,4138,2459,,,1,70,,4139,2459,,,1,30,,4140,2459,,,1,69,,4141,2399,,,1,30,,4142,2399,,,1,70,,4143,2399,,,1,30,,4144,2399,,,1,74,,4145,2588,,,1,30,,4146,2588,,,1,70,,4147,2588,,,1,30,,4148,2588,,,1,70,,4149,2588,,,1,28,,4150,2476,,,1,70,,4151,2476,,,1,30,,4152,2476,,,1,67,,4153,2339,,,1,30,,4154,2339,,,1,70,,4155,2339,,,1,30,,4156,2339,,,1,29,,4157,2279,,,1,70,,4158,2279,,,1,30,,4159,2279,,,1,70,,4160,2279,,,1,29,,4161,2219,,,1
6501,'5',700,,4162,2339,,,1,30,,4163,2339,,,1,70,,4164,2339,,,1,32,,4165,2408,,,1,70,,4166,2408,,,1,30,,4167,2408,,,1,70,,4168,2408,,,1,30,,4169,2408,,,1,70,,4170,2459,,,1,30,,4171,2459,,,1,70,,4172,2459,,,1,30,,4173,2459,,,1,69,,4174,2399,,,1,30,,4175,2399,,,1,70,,4176,2399,,,1,30,,4177,2399,,,1,74,,4178,2588,,,1,30,,4179,2588,,,1,70,,4180,2588,,,1,30,,4181,2588,,,1,70,,4182,2588,,,1,28,,4183,2476,,,1,70,,4184,2476,,,1,30,,4185,2476,,,1,67,,4186,2339,,,1,30,,4187,2339,,,1,70,,4188,2339,,,1,30,,4189,2339,,,1,29,,4190,2279,,,1,70,,4191,2279,,,1,30,,4192,2279,,,1,70,,4193,2279,,,1,29,,4194,2219,,,1
6501,'6',700,,4195,2339,,,1,30,,4196,2339,,,1,70,,4197,2339,,,1,32,,4198,2408,,,1,70,,4199,2408,,,1,30,,4200,2408,,,1,70,,4201,2408,,,1,30,,4202,2408,,,1,70,,4203,2459,,,1,30,,4204,2459,,,1,70,,4205,2459,,,1,30,,4206,2459,,,1,69,,4207,2399,,,1,30,,4208,2399,,,1,70,,4209,2399,,,1,30,,4210,2399,,,1,74,,4211,2588,,,1,30,,4212,2588,,,1,70,,4213,2588,,,1,30,,4214,2588,,,1,70,,4215,2588,,,1,28,,4216,2476,,,1,70,,4217,2476,,,1,30,,4218,2476,,,1,67,,4219,2339,,,1,30,,4220,2339,,,1,70,,4221,2339,,,1,30,,4222,2339,,,1,29,,4223,2279,,,1,70,,4224,2279,,,1,30,,4225,2279,,,1,70,,4226,2279,,,1,29,,4227,2219,,,1
6501,'9',836,,4228,2151,,,1,100,,4229,2151,,,1,100,,4230,2151,,,1,103,,4231,2339,,,1,100,,4232,2339,,,1,100,,4233,2339,,,1,100,,4234,2339,,,1,100,,4235,2339,,,1,100,,4236,2339,,,1,100,,4237,2339,,,1,100,,4238,2339,,,1,100,,4239,2339,,,1
