4001,'2',644,,3040,2412,,,1,70,,3041,2412,,,1,30,,3042,2412,,,1,71,,3043,2472,,,1,30,,3044,2472,,,1,70,,3045,2472,,,1,30,,3046,2472,,,1,70,,3047,2472,,,1,31,,3048,2532,,,1,70,,3049,2532,,,1,30,,3050,2532,,,1,70,,3051,2532,,,1,32,,3052,2674,,,1,70,,3053,2674,,,1,30,,3054,2674,,,1,70,,3055,2674,,,1,30,,3056,2674,,,1,75,,3057,2974,,,1,30,,3058,2974,,,1,70,,3059,2974,,,1,30,,3060,2974,,,1,66,,3061,2756,,,1,30,,3062,2756,,,1,70,,3063,2756,,,1,27,,3064,2532,,,1,70,,3065,2532,,,1,409,,3066,2314,,,1,30,,3067,2314,,,1
4001,'3',644,,3068,2412,,,1,70,,3069,2412,,,1,30,,3070,2412,,,1,71,,3071,2472,,,1,30,,3072,2472,,,1,70,,3073,2472,,,1,30,,3074,2472,,,1,70,,3075,2472,,,1,31,,3076,2532,,,1,70,,3077,2532,,,1,30,,3078,2532,,,1,70,,3079,2532,,,1,32,,3080,2674,,,1,70,,3081,2674,,,1,30,,3082,2674,,,1,70,,3083,2674,,,1,30,,3084,2674,,,1,75,,3085,2974,,,1,30,,3086,2974,,,1,70,,3087,2974,,,1,30,,3088,2974,,,1,66,,3089,2756,,,1,30,,3090,2756,,,1,70,,3091,2756,,,1,27,,3092,2532,,,1,70,,3093,2532,,,1,409,,3094,2314,,,1,30,,3095,2314,,,1
4001,'4',644,,3096,2412,,,1,70,,3097,2412,,,1,30,,3098,2412,,,1,71,,3099,2472,,,1,30,,3100,2472,,,1,70,,3101,2472,,,1,30,,3102,2472,,,1,70,,3103,2472,,,1,31,,3104,2532,,,1,70,,3105,2532,,,1,30,,3106,2532,,,1,70,,3107,2532,,,1,32,,3108,2674,,,1,70,,3109,2674,,,1,30,,3110,2674,,,1,70,,3111,2674,,,1,30,,3112,2674,,,1,75,,3113,2974,,,1,30,,3114,2974,,,1,70,,3115,2974,,,1,30,,3116,2974,,,1,66,,3117,2756,,,1,30,,3118,2756,,,1,70,,3119,2756,,,1,27,,3120,2532,,,1,70,,3121,2532,,,1,409,,3122,2314,,,1,30,,3123,2314,,,1
4001,'5',644,,3124,2412,,,1,70,,3125,2412,,,1,30,,3126,2412,,,1,71,,3127,2472,,,1,30,,3128,2472,,,1,70,,3129,2472,,,1,30,,3130,2472,,,1,70,,3131,2472,,,1,31,,3132,2532,,,1,70,,3133,2532,,,1,30,,3134,2532,,,1,70,,3135,2532,,,1,32,,3136,2674,,,1,70,,3137,2674,,,1,30,,3138,2674,,,1,70,,3139,2674,,,1,30,,3140,2674,,,1,75,,3141,2974,,,1,30,,3142,2974,,,1,70,,3143,2974,,,1,30,,3144,2974,,,1,66,,3145,2756,,,1,30,,3146,2756,,,1,70,,3147,2756,,,1,27,,3148,2532,,,1,70,,3149,2532,,,1,409,,3150,2314,,,1,30,,3151,2314,,,1
4001,'6',644,,3152,2412,,,1,70,,3153,2412,,,1,30,,3154,2412,,,1,71,,3155,2472,,,1,30,,3156,2472,,,1,70,,3157,2472,,,1,30,,3158,2472,,,1,70,,3159,2472,,,1,31,,3160,2532,,,1,70,,3161,2532,,,1,30,,3162,2532,,,1,70,,3163,2532,,,1,32,,3164,2674,,,1,70,,3165,2674,,,1,30,,3166,2674,,,1,70,,3167,2674,,,1,30,,3168,2674,,,1,75,,3169,2974,,,1,30,,3170,2974,,,1,70,,3171,2974,,,1,30,,3172,2974,,,1,66,,3173,2756,,,1,30,,3174,2756,,,1,70,,3175,2756,,,1,27,,3176,2532,,,1,70,,3177,2532,,,1,409,,3178,2314,,,1,30,,3179,2314,,,1
4001,'9',808,,3180,2554,,,1,100,,3181,2554,,,1,100,,3182,2554,,,1,100,,3183,2554,,,1,102,,3184,2674,,,1,100,,3185,2674,,,1,100,,3186,2674,,,1,100,,3187,2674,,,1,100,,3188,2674,,,1,100,,3189,2674,,,1,100,,3190,2674,,,1,100,,3191,2674,,,1,100,,3192,2674,,,1
6501,'2',702,,4063,2434,,,1,30,,4064,2434,,,1,70,,4065,2434,,,1,31,,4066,2516,,,1,70,,4067,2516,,,1,30,,4068,2516,,,1,70,,4069,2516,,,1,30,,4070,2516,,,1,71,,4071,2554,,,1,30,,4072,2554,,,1,70,,4073,2554,,,1,30,,4074,2554,,,1,69,,4075,2494,,,1,30,,4076,2494,,,1,70,,4077,2494,,,1,30,,4078,2494,,,1,73,,4079,2696,,,1,30,,4080,2696,,,1,70,,4081,2696,,,1,30,,4082,2696,,,1,70,,4083,2696,,,1,29,,4084,2598,,,1,70,,4085,2598,,,1,30,,4086,2598,,,1,67,,4087,2434,,,1,30,,4088,2434,,,1,70,,4089,2434,,,1,30,,4090,2434,,,1,69,,4091,2374,,,1,30,,4092,2374,,,1,70,,4093,2374,,,1,30,,4094,2374,,,1,69,,4095,2314,,,1
6501,'3',702,,4096,2434,,,1,30,,4097,2434,,,1,70,,4098,2434,,,1,31,,4099,2516,,,1,70,,4100,2516,,,1,30,,4101,2516,,,1,70,,4102,2516,,,1,30,,4103,2516,,,1,71,,4104,2554,,,1,30,,4105,2554,,,1,70,,4106,2554,,,1,30,,4107,2554,,,1,69,,4108,2494,,,1,30,,4109,2494,,,1,70,,4110,2494,,,1,30,,4111,2494,,,1,73,,4112,2696,,,1,30,,4113,2696,,,1,70,,4114,2696,,,1,30,,4115,2696,,,1,70,,4116,2696,,,1,29,,4117,2598,,,1,70,,4118,2598,,,1,30,,4119,2598,,,1,67,,4120,2434,,,1,30,,4121,2434,,,1,70,,4122,2434,,,1,30,,4123,2434,,,1,69,,4124,2374,,,1,30,,4125,2374,,,1,70,,4126,2374,,,1,30,,4127,2374,,,1,69,,4128,2314,,,1
6501,'4',702,,4129,2434,,,1,30,,4130,2434,,,1,70,,4131,2434,,,1,31,,4132,2516,,,1,70,,4133,2516,,,1,30,,4134,2516,,,1,70,,4135,2516,,,1,30,,4136,2516,,,1,71,,4137,2554,,,1,30,,4138,2554,,,1,70,,4139,2554,,,1,30,,4140,2554,,,1,69,,4141,2494,,,1,30,,4142,2494,,,1,70,,4143,2494,,,1,30,,4144,2494,,,1,73,,4145,2696,,,1,30,,4146,2696,,,1,70,,4147,2696,,,1,30,,4148,2696,,,1,70,,4149,2696,,,1,29,,4150,2598,,,1,70,,4151,2598,,,1,30,,4152,2598,,,1,67,,4153,2434,,,1,30,,4154,2434,,,1,70,,4155,2434,,,1,30,,4156,2434,,,1,69,,4157,2374,,,1,30,,4158,2374,,,1,70,,4159,2374,,,1,30,,4160,2374,,,1,69,,4161,2314,,,1
6501,'5',702,,4162,2434,,,1,30,,4163,2434,,,1,70,,4164,2434,,,1,31,,4165,2516,,,1,70,,4166,2516,,,1,30,,4167,2516,,,1,70,,4168,2516,,,1,30,,4169,2516,,,1,71,,4170,2554,,,1,30,,4171,2554,,,1,70,,4172,2554,,,1,30,,4173,2554,,,1,69,,4174,2494,,,1,30,,4175,2494,,,1,70,,4176,2494,,,1,30,,4177,2494,,,1,73,,4178,2696,,,1,30,,4179,2696,,,1,70,,4180,2696,,,1,30,,4181,2696,,,1,70,,4182,2696,,,1,29,,4183,2598,,,1,70,,4184,2598,,,1,30,,4185,2598,,,1,67,,4186,2434,,,1,30,,4187,2434,,,1,70,,4188,2434,,,1,30,,4189,2434,,,1,69,,4190,2374,,,1,30,,4191,2374,,,1,70,,4192,2374,,,1,30,,4193,2374,,,1,69,,4194,2314,,,1
6501,'6',702,,4195,2434,,,1,30,,4196,2434,,,1,70,,4197,2434,,,1,31,,4198,2516,,,1,70,,4199,2516,,,1,30,,4200,2516,,,1,70,,4201,2516,,,1,30,,4202,2516,,,1,71,,4203,2554,,,1,30,,4204,2554,,,1,70,,4205,2554,,,1,30,,4206,2554,,,1,69,,4207,2494,,,1,30,,4208,2494,,,1,70,,4209,2494,,,1,30,,4210,2494,,,1,73,,4211,2696,,,1,30,,4212,2696,,,1,70,,4213,2696,,,1,30,,4214,2696,,,1,70,,4215,2696,,,1,29,,4216,2598,,,1,70,,4217,2598,,,1,30,,4218,2598,,,1,67,,4219,2434,,,1,30,,4220,2434,,,1,70,,4221,2434,,,1,30,,4222,2434,,,1,69,,4223,2374,,,1,30,,4224,2374,,,1,70,,4225,2374,,,1,30,,4226,2374,,,1,69,,4227,2314,,,1
6501,'9',838,,4228,2232,,,1,100,,4229,2232,,,1,100,,4230,2232,,,1,103,,4231,2434,,,1,100,,4232,2434,,,1,100,,4233,2434,,,1,100,,4234,2434,,,1,100,,4235,2434,,,1,100,,4236,2434,,,1,100,,4237,2434,,,1,100,,4238,2434,,,1,100,,4239,2434,,,1
