4001,'2',639,,3040,2135,,,1,70,,3041,2135,,,1,30,,3042,2135,,,1,71,,3043,2177,,,1,30,,3044,2177,,,1,70,,3045,2177,,,1,30,,3046,2177,,,1,70,,3047,2177,,,1,30,,3048,2218,,,1,70,,3049,2218,,,1,30,,3050,2218,,,1,70,,3051,2218,,,1,32,,3052,2338,,,1,70,,3053,2338,,,1,30,,3054,2338,,,1,70,,3055,2338,,,1,30,,3056,2338,,,1,75,,3057,2620,,,1,30,,3058,2620,,,1,70,,3059,2620,,,1,30,,3060,2620,,,1,67,,3061,2417,,,1,30,,3062,2417,,,1,70,,3063,2417,,,1,27,,3064,2255,,,1,70,,3065,2255,,,1,410,,3066,2051,,,1,30,,3067,2051,,,1
4001,'3',639,,3068,2135,,,1,70,,3069,2135,,,1,30,,3070,2135,,,1,71,,3071,2177,,,1,30,,3072,2177,,,1,70,,3073,2177,,,1,30,,3074,2177,,,1,70,,3075,2177,,,1,30,,3076,2218,,,1,70,,3077,2218,,,1,30,,3078,2218,,,1,70,,3079,2218,,,1,32,,3080,2338,,,1,70,,3081,2338,,,1,30,,3082,2338,,,1,70,,3083,2338,,,1,30,,3084,2338,,,1,75,,3085,2620,,,1,30,,3086,2620,,,1,70,,3087,2620,,,1,30,,3088,2620,,,1,67,,3089,2417,,,1,30,,3090,2417,,,1,70,,3091,2417,,,1,27,,3092,2255,,,1,70,,3093,2255,,,1,410,,3094,2051,,,1,30,,3095,2051,,,1
4001,'4',639,,3096,2135,,,1,70,,3097,2135,,,1,30,,3098,2135,,,1,71,,3099,2177,,,1,30,,3100,2177,,,1,70,,3101,2177,,,1,30,,3102,2177,,,1,70,,3103,2177,,,1,30,,3104,2218,,,1,70,,3105,2218,,,1,30,,3106,2218,,,1,70,,3107,2218,,,1,32,,3108,2338,,,1,70,,3109,2338,,,1,30,,3110,2338,,,1,70,,3111,2338,,,1,30,,3112,2338,,,1,75,,3113,2620,,,1,30,,3114,2620,,,1,70,,3115,2620,,,1,30,,3116,2620,,,1,67,,3117,2417,,,1,30,,3118,2417,,,1,70,,3119,2417,,,1,27,,3120,2255,,,1,70,,3121,2255,,,1,410,,3122,2051,,,1,30,,3123,2051,,,1
4001,'5',639,,3124,2135,,,1,70,,3125,2135,,,1,30,,3126,2135,,,1,71,,3127,2177,,,1,30,,3128,2177,,,1,70,,3129,2177,,,1,30,,3130,2177,,,1,70,,3131,2177,,,1,30,,3132,2218,,,1,70,,3133,2218,,,1,30,,3134,2218,,,1,70,,3135,2218,,,1,32,,3136,2338,,,1,70,,3137,2338,,,1,30,,3138,2338,,,1,70,,3139,2338,,,1,30,,3140,2338,,,1,75,,3141,2620,,,1,30,,3142,2620,,,1,70,,3143,2620,,,1,30,,3144,2620,,,1,67,,3145,2417,,,1,30,,3146,2417,,,1,70,,3147,2417,,,1,27,,3148,2255,,,1,70,,3149,2255,,,1,410,,3150,2051,,,1,30,,3151,2051,,,1
4001,'6',639,,3152,2135,,,1,70,,3153,2135,,,1,30,,3154,2135,,,1,71,,3155,2177,,,1,30,,3156,2177,,,1,70,,3157,2177,,,1,30,,3158,2177,,,1,70,,3159,2177,,,1,30,,3160,2218,,,1,70,,3161,2218,,,1,30,,3162,2218,,,1,70,,3163,2218,,,1,32,,3164,2338,,,1,70,,3165,2338,,,1,30,,3166,2338,,,1,70,,3167,2338,,,1,30,,3168,2338,,,1,75,,3169,2620,,,1,30,,3170,2620,,,1,70,,3171,2620,,,1,30,,3172,2620,,,1,67,,3173,2417,,,1,30,,3174,2417,,,1,70,,3175,2417,,,1,27,,3176,2255,,,1,70,,3177,2255,,,1,410,,3178,2051,,,1,30,,3179,2051,,,1
4001,'9',803,,3180,2255,,,1,100,,3181,2255,,,1,100,,3182,2255,,,1,100,,3183,2255,,,1,102,,3184,2357,,,1,100,,3185,2357,,,1,100,,3186,2357,,,1,100,,3187,2357,,,1,100,,3188,2357,,,1,100,,3189,2357,,,1,100,,3190,2357,,,1,100,,3191,2357,,,1,100,,3192,2357,,,1
6501,'2',657,,4063,2117,,,1,70,,4064,2117,,,1,30,,4065,2117,,,1,71,,4066,2177,,,1,30,,4067,2177,,,1,70,,4068,2177,,,1,30,,4069,2177,,,1,70,,4070,2177,,,1,30,,4071,2218,,,1,70,,4072,2218,,,1,30,,4073,2218,,,1,70,,4074,2218,,,1,30,,4075,2177,,,1,70,,4076,2177,,,1,30,,4077,2177,,,1,70,,4078,2177,,,1,72,,4079,2338,,,1,30,,4080,2338,,,1,70,,4081,2338,,,1,30,,4082,2338,,,1,70,,4083,2338,,,1,29,,4084,2237,,,1,30,,4085,2237,,,1,70,,4086,2237,,,1,28,,4087,2135,,,1,70,,4088,2135,,,1,30,,4089,2135,,,1,70,,4090,2135,,,1,29,,4091,2075,,,1,70,,4092,2075,,,1,30,,4093,2075,,,1,70,,4094,2075,,,1,29,,4095,2015,,,1
6501,'3',657,,4096,2117,,,1,70,,4097,2117,,,1,30,,4098,2117,,,1,71,,4099,2177,,,1,30,,4100,2177,,,1,70,,4101,2177,,,1,30,,4102,2177,,,1,70,,4103,2177,,,1,30,,4104,2218,,,1,70,,4105,2218,,,1,30,,4106,2218,,,1,70,,4107,2218,,,1,30,,4108,2177,,,1,70,,4109,2177,,,1,30,,4110,2177,,,1,70,,4111,2177,,,1,72,,4112,2338,,,1,30,,4113,2338,,,1,70,,4114,2338,,,1,30,,4115,2338,,,1,70,,4116,2338,,,1,29,,4117,2237,,,1,30,,4118,2237,,,1,70,,4119,2237,,,1,28,,4120,2135,,,1,70,,4121,2135,,,1,30,,4122,2135,,,1,70,,4123,2135,,,1,29,,4124,2075,,,1,70,,4125,2075,,,1,30,,4126,2075,,,1,70,,4127,2075,,,1,29,,4128,2015,,,1
6501,'4',657,,4129,2117,,,1,70,,4130,2117,,,1,30,,4131,2117,,,1,71,,4132,2177,,,1,30,,4133,2177,,,1,70,,4134,2177,,,1,30,,4135,2177,,,1,70,,4136,2177,,,1,30,,4137,2218,,,1,70,,4138,2218,,,1,30,,4139,2218,,,1,70,,4140,2218,,,1,30,,4141,2177,,,1,70,,4142,2177,,,1,30,,4143,2177,,,1,70,,4144,2177,,,1,72,,4145,2338,,,1,30,,4146,2338,,,1,70,,4147,2338,,,1,30,,4148,2338,,,1,70,,4149,2338,,,1,29,,4150,2237,,,1,30,,4151,2237,,,1,70,,4152,2237,,,1,28,,4153,2135,,,1,70,,4154,2135,,,1,30,,4155,2135,,,1,70,,4156,2135,,,1,29,,4157,2075,,,1,70,,4158,2075,,,1,30,,4159,2075,,,1,70,,4160,2075,,,1,29,,4161,2015,,,1
6501,'5',657,,4162,2117,,,1,70,,4163,2117,,,1,30,,4164,2117,,,1,71,,4165,2177,,,1,30,,4166,2177,,,1,70,,4167,2177,,,1,30,,4168,2177,,,1,70,,4169,2177,,,1,30,,4170,2218,,,1,70,,4171,2218,,,1,30,,4172,2218,,,1,70,,4173,2218,,,1,30,,4174,2177,,,1,70,,4175,2177,,,1,30,,4176,2177,,,1,70,,4177,2177,,,1,72,,4178,2338,,,1,30,,4179,2338,,,1,70,,4180,2338,,,1,30,,4181,2338,,,1,70,,4182,2338,,,1,29,,4183,2237,,,1,30,,4184,2237,,,1,70,,4185,2237,,,1,28,,4186,2135,,,1,70,,4187,2135,,,1,30,,4188,2135,,,1,70,,4189,2135,,,1,29,,4190,2075,,,1,70,,4191,2075,,,1,30,,4192,2075,,,1,70,,4193,2075,,,1,29,,4194,2015,,,1
6501,'6',657,,4195,2117,,,1,70,,4196,2117,,,1,30,,4197,2117,,,1,71,,4198,2177,,,1,30,,4199,2177,,,1,70,,4200,2177,,,1,30,,4201,2177,,,1,70,,4202,2177,,,1,30,,4203,2218,,,1,70,,4204,2218,,,1,30,,4205,2218,,,1,70,,4206,2218,,,1,30,,4207,2177,,,1,70,,4208,2177,,,1,30,,4209,2177,,,1,70,,4210,2177,,,1,72,,4211,2338,,,1,30,,4212,2338,,,1,70,,4213,2338,,,1,30,,4214,2338,,,1,70,,4215,2338,,,1,29,,4216,2237,,,1,30,,4217,2237,,,1,70,,4218,2237,,,1,28,,4219,2135,,,1,70,,4220,2135,,,1,30,,4221,2135,,,1,70,,4222,2135,,,1,29,,4223,2075,,,1,70,,4224,2075,,,1,30,,4225,2075,,,1,70,,4226,2075,,,1,29,,4227,2015,,,1
6501,'9',833,,4228,1973,,,1,100,,4229,1973,,,1,100,,4230,1973,,,1,103,,4231,2117,,,1,100,,4232,2117,,,1,100,,4233,2117,,,1,100,,4234,2117,,,1,100,,4235,2117,,,1,100,,4236,2117,,,1,100,,4237,2117,,,1,100,,4238,2117,,,1,100,,4239,2117,,,1
