4001,'2',633,,3040,1770,,,1,70,,3041,1770,,,1,30,,3042,1770,,,1,70,,3043,1770,,,1,30,,3044,1770,,,1,70,,3045,1770,,,1,30,,3046,1770,,,1,70,,3047,1770,,,1,30,,3048,1770,,,1,70,,3049,1770,,,1,30,,3050,1770,,,1,70,,3051,1770,,,1,32,,3052,1890,,,1,70,,3053,1890,,,1,30,,3054,1890,,,1,70,,3055,1890,,,1,30,,3056,1890,,,1,74,,3057,2125,,,1,30,,3058,2125,,,1,70,,3059,2125,,,1,30,,3060,2125,,,1,68,,3061,2010,,,1,30,,3062,2010,,,1,70,,3063,2010,,,1,28,,3064,1890,,,1,70,,3065,1890,,,1,411,,3066,1775,,,1,30,,3067,1775,,,1
4001,'3',633,,3068,1770,,,1,70,,3069,1770,,,1,30,,3070,1770,,,1,70,,3071,1770,,,1,30,,3072,1770,,,1,70,,3073,1770,,,1,30,,3074,1770,,,1,70,,3075,1770,,,1,30,,3076,1770,,,1,70,,3077,1770,,,1,30,,3078,1770,,,1,70,,3079,1770,,,1,32,,3080,1890,,,1,70,,3081,1890,,,1,30,,3082,1890,,,1,70,,3083,1890,,,1,30,,3084,1890,,,1,74,,3085,2125,,,1,30,,3086,2125,,,1,70,,3087,2125,,,1,30,,3088,2125,,,1,68,,3089,2010,,,1,30,,3090,2010,,,1,70,,3091,2010,,,1,28,,3092,1890,,,1,70,,3093,1890,,,1,411,,3094,1775,,,1,30,,3095,1775,,,1
4001,'4',633,,3096,1770,,,1,70,,3097,1770,,,1,30,,3098,1770,,,1,70,,3099,1770,,,1,30,,3100,1770,,,1,70,,3101,1770,,,1,30,,3102,1770,,,1,70,,3103,1770,,,1,30,,3104,1770,,,1,70,,3105,1770,,,1,30,,3106,1770,,,1,70,,3107,1770,,,1,32,,3108,1890,,,1,70,,3109,1890,,,1,30,,3110,1890,,,1,70,,3111,1890,,,1,30,,3112,1890,,,1,74,,3113,2125,,,1,30,,3114,2125,,,1,70,,3115,2125,,,1,30,,3116,2125,,,1,68,,3117,2010,,,1,30,,3118,2010,,,1,70,,3119,2010,,,1,28,,3120,1890,,,1,70,,3121,1890,,,1,411,,3122,1775,,,1,30,,3123,1775,,,1
4001,'5',633,,3124,1770,,,1,70,,3125,1770,,,1,30,,3126,1770,,,1,70,,3127,1770,,,1,30,,3128,1770,,,1,70,,3129,1770,,,1,30,,3130,1770,,,1,70,,3131,1770,,,1,30,,3132,1770,,,1,70,,3133,1770,,,1,30,,3134,1770,,,1,70,,3135,1770,,,1,32,,3136,1890,,,1,70,,3137,1890,,,1,30,,3138,1890,,,1,70,,3139,1890,,,1,30,,3140,1890,,,1,74,,3141,2125,,,1,30,,3142,2125,,,1,70,,3143,2125,,,1,30,,3144,2125,,,1,68,,3145,2010,,,1,30,,3146,2010,,,1,70,,3147,2010,,,1,28,,3148,1890,,,1,70,,3149,1890,,,1,411,,3150,1775,,,1,30,,3151,1775,,,1
4001,'6',633,,3152,1770,,,1,70,,3153,1770,,,1,30,,3154,1770,,,1,70,,3155,1770,,,1,30,,3156,1770,,,1,70,,3157,1770,,,1,30,,3158,1770,,,1,70,,3159,1770,,,1,30,,3160,1770,,,1,70,,3161,1770,,,1,30,,3162,1770,,,1,70,,3163,1770,,,1,32,,3164,1890,,,1,70,,3165,1890,,,1,30,,3166,1890,,,1,70,,3167,1890,,,1,30,,3168,1890,,,1,74,,3169,2125,,,1,30,,3170,2125,,,1,70,,3171,2125,,,1,30,,3172,2125,,,1,68,,3173,2010,,,1,30,,3174,2010,,,1,70,,3175,2010,,,1,28,,3176,1890,,,1,70,,3177,1890,,,1,411,,3178,1775,,,1,30,,3179,1775,,,1
4001,'9',757,,3180,1890,,,1,100,,3181,1890,,,1,100,,3182,1890,,,1,100,,3183,1890,,,1,101,,3184,1950,,,1,100,,3185,1950,,,1,100,,3186,1950,,,1,100,,3187,1950,,,1,100,,3188,1950,,,1,100,,3189,1950,,,1,100,,3190,1950,,,1,100,,3191,1950,,,1,100,,3192,1950,,,1
6501,'2',650,,4063,1710,,,1,70,,4064,1710,,,1,30,,4065,1710,,,1,71,,4066,1770,,,1,30,,4067,1770,,,1,70,,4068,1770,,,1,30,,4069,1770,,,1,70,,4070,1770,,,1,30,,4071,1770,,,1,70,,4072,1770,,,1,30,,4073,1770,,,1,70,,4074,1770,,,1,30,,4075,1770,,,1,70,,4076,1770,,,1,30,,4077,1770,,,1,70,,4078,1770,,,1,32,,4079,1885,,,1,70,,4080,1885,,,1,30,,4081,1885,,,1,70,,4082,1885,,,1,30,,4083,1885,,,1,69,,4084,1830,,,1,30,,4085,1830,,,1,70,,4086,1830,,,1,29,,4087,1770,,,1,70,,4088,1770,,,1,30,,4089,1770,,,1,70,,4090,1770,,,1,29,,4091,1710,,,1,70,,4092,1710,,,1,30,,4093,1710,,,1,70,,4094,1710,,,1,29,,4095,1650,,,1
6501,'3',650,,4096,1710,,,1,70,,4097,1710,,,1,30,,4098,1710,,,1,71,,4099,1770,,,1,30,,4100,1770,,,1,70,,4101,1770,,,1,30,,4102,1770,,,1,70,,4103,1770,,,1,30,,4104,1770,,,1,70,,4105,1770,,,1,30,,4106,1770,,,1,70,,4107,1770,,,1,30,,4108,1770,,,1,70,,4109,1770,,,1,30,,4110,1770,,,1,70,,4111,1770,,,1,32,,4112,1885,,,1,70,,4113,1885,,,1,30,,4114,1885,,,1,70,,4115,1885,,,1,30,,4116,1885,,,1,69,,4117,1830,,,1,30,,4118,1830,,,1,70,,4119,1830,,,1,29,,4120,1770,,,1,70,,4121,1770,,,1,30,,4122,1770,,,1,70,,4123,1770,,,1,29,,4124,1710,,,1,70,,4125,1710,,,1,30,,4126,1710,,,1,70,,4127,1710,,,1,29,,4128,1650,,,1
6501,'4',650,,4129,1710,,,1,70,,4130,1710,,,1,30,,4131,1710,,,1,71,,4132,1770,,,1,30,,4133,1770,,,1,70,,4134,1770,,,1,30,,4135,1770,,,1,70,,4136,1770,,,1,30,,4137,1770,,,1,70,,4138,1770,,,1,30,,4139,1770,,,1,70,,4140,1770,,,1,30,,4141,1770,,,1,70,,4142,1770,,,1,30,,4143,1770,,,1,70,,4144,1770,,,1,32,,4145,1885,,,1,70,,4146,1885,,,1,30,,4147,1885,,,1,70,,4148,1885,,,1,30,,4149,1885,,,1,69,,4150,1830,,,1,30,,4151,1830,,,1,70,,4152,1830,,,1,29,,4153,1770,,,1,70,,4154,1770,,,1,30,,4155,1770,,,1,70,,4156,1770,,,1,29,,4157,1710,,,1,70,,4158,1710,,,1,30,,4159,1710,,,1,70,,4160,1710,,,1,29,,4161,1650,,,1
6501,'5',650,,4162,1710,,,1,70,,4163,1710,,,1,30,,4164,1710,,,1,71,,4165,1770,,,1,30,,4166,1770,,,1,70,,4167,1770,,,1,30,,4168,1770,,,1,70,,4169,1770,,,1,30,,4170,1770,,,1,70,,4171,1770,,,1,30,,4172,1770,,,1,70,,4173,1770,,,1,30,,4174,1770,,,1,70,,4175,1770,,,1,30,,4176,1770,,,1,70,,4177,1770,,,1,32,,4178,1885,,,1,70,,4179,1885,,,1,30,,4180,1885,,,1,70,,4181,1885,,,1,30,,4182,1885,,,1,69,,4183,1830,,,1,30,,4184,1830,,,1,70,,4185,1830,,,1,29,,4186,1770,,,1,70,,4187,1770,,,1,30,,4188,1770,,,1,70,,4189,1770,,,1,29,,4190,1710,,,1,70,,4191,1710,,,1,30,,4192,1710,,,1,70,,4193,1710,,,1,29,,4194,1650,,,1
6501,'6',650,,4195,1710,,,1,70,,4196,1710,,,1,30,,4197,1710,,,1,71,,4198,1770,,,1,30,,4199,1770,,,1,70,,4200,1770,,,1,30,,4201,1770,,,1,70,,4202,1770,,,1,30,,4203,1770,,,1,70,,4204,1770,,,1,30,,4205,1770,,,1,70,,4206,1770,,,1,30,,4207,1770,,,1,70,,4208,1770,,,1,30,,4209,1770,,,1,70,,4210,1770,,,1,32,,4211,1885,,,1,70,,4212,1885,,,1,30,,4213,1885,,,1,70,,4214,1885,,,1,30,,4215,1885,,,1,69,,4216,1830,,,1,30,,4217,1830,,,1,70,,4218,1830,,,1,29,,4219,1770,,,1,70,,4220,1770,,,1,30,,4221,1770,,,1,70,,4222,1770,,,1,29,,4223,1710,,,1,70,,4224,1710,,,1,30,,4225,1710,,,1,70,,4226,1710,,,1,29,,4227,1650,,,1
6501,'9',828,,4228,1650,,,1,100,,4229,1650,,,1,100,,4230,1650,,,1,101,,4231,1710,,,1,100,,4232,1710,,,1,100,,4233,1710,,,1,100,,4234,1710,,,1,100,,4235,1710,,,1,100,,4236,1710,,,1,100,,4237,1710,,,1,100,,4238,1710,,,1,100,,4239,1710,,,1
