4001,'2',621,,3040,1020,,,1,30,,3041,1020,,,1,70,,3042,1020,,,1,30,,3043,1020,,,1,70,,3044,1020,,,1,30,,3045,1020,,,1,70,,3046,1020,,,1,30,,3047,1020,,,1,70,,3048,1020,,,1,30,,3049,1020,,,1,70,,3050,1020,,,1,30,,3051,1020,,,1,71,,3052,1080,,,1,30,,3053,1080,,,1,70,,3054,1080,,,1,30,,3055,1080,,,1,70,,3056,1080,,,1,33,,3057,1260,,,1,70,,3058,1260,,,1,30,,3059,1260,,,1,70,,3060,1260,,,1,29,,3061,1200,,,1,70,,3062,1200,,,1,30,,3063,1200,,,1,68,,3064,1080,,,1,30,,3065,1080,,,1,453,,3066,1080,,,1,30,,3067,1080,,,1
4001,'3',621,,3068,1020,,,1,30,,3069,1020,,,1,70,,3070,1020,,,1,30,,3071,1020,,,1,70,,3072,1020,,,1,30,,3073,1020,,,1,70,,3074,1020,,,1,30,,3075,1020,,,1,70,,3076,1020,,,1,30,,3077,1020,,,1,70,,3078,1020,,,1,30,,3079,1020,,,1,71,,3080,1080,,,1,30,,3081,1080,,,1,70,,3082,1080,,,1,30,,3083,1080,,,1,70,,3084,1080,,,1,33,,3085,1260,,,1,70,,3086,1260,,,1,30,,3087,1260,,,1,70,,3088,1260,,,1,29,,3089,1200,,,1,70,,3090,1200,,,1,30,,3091,1200,,,1,68,,3092,1080,,,1,30,,3093,1080,,,1,453,,3094,1080,,,1,30,,3095,1080,,,1
4001,'4',621,,3096,1020,,,1,30,,3097,1020,,,1,70,,3098,1020,,,1,30,,3099,1020,,,1,70,,3100,1020,,,1,30,,3101,1020,,,1,70,,3102,1020,,,1,30,,3103,1020,,,1,70,,3104,1020,,,1,30,,3105,1020,,,1,70,,3106,1020,,,1,30,,3107,1020,,,1,71,,3108,1080,,,1,30,,3109,1080,,,1,70,,3110,1080,,,1,30,,3111,1080,,,1,70,,3112,1080,,,1,33,,3113,1260,,,1,70,,3114,1260,,,1,30,,3115,1260,,,1,70,,3116,1260,,,1,29,,3117,1200,,,1,70,,3118,1200,,,1,30,,3119,1200,,,1,68,,3120,1080,,,1,30,,3121,1080,,,1,453,,3122,1080,,,1,30,,3123,1080,,,1
4001,'5',621,,3124,1020,,,1,30,,3125,1020,,,1,70,,3126,1020,,,1,30,,3127,1020,,,1,70,,3128,1020,,,1,30,,3129,1020,,,1,70,,3130,1020,,,1,30,,3131,1020,,,1,70,,3132,1020,,,1,30,,3133,1020,,,1,70,,3134,1020,,,1,30,,3135,1020,,,1,71,,3136,1080,,,1,30,,3137,1080,,,1,70,,3138,1080,,,1,30,,3139,1080,,,1,70,,3140,1080,,,1,33,,3141,1260,,,1,70,,3142,1260,,,1,30,,3143,1260,,,1,70,,3144,1260,,,1,29,,3145,1200,,,1,70,,3146,1200,,,1,30,,3147,1200,,,1,68,,3148,1080,,,1,30,,3149,1080,,,1,453,,3150,1080,,,1,30,,3151,1080,,,1
4001,'6',621,,3152,1020,,,1,30,,3153,1020,,,1,70,,3154,1020,,,1,30,,3155,1020,,,1,70,,3156,1020,,,1,30,,3157,1020,,,1,70,,3158,1020,,,1,30,,3159,1020,,,1,70,,3160,1020,,,1,30,,3161,1020,,,1,70,,3162,1020,,,1,30,,3163,1020,,,1,71,,3164,1080,,,1,30,,3165,1080,,,1,70,,3166,1080,,,1,30,,3167,1080,,,1,70,,3168,1080,,,1,33,,3169,1260,,,1,70,,3170,1260,,,1,30,,3171,1260,,,1,70,,3172,1260,,,1,29,,3173,1200,,,1,70,,3174,1200,,,1,30,,3175,1200,,,1,68,,3176,1080,,,1,30,,3177,1080,,,1,453,,3178,1080,,,1,30,,3179,1080,,,1
4001,'9',744,,3180,1080,,,1,100,,3181,1080,,,1,100,,3182,1080,,,1,100,,3183,1080,,,1,101,,3184,1140,,,1,100,,3185,1140,,,1,100,,3186,1140,,,1,100,,3187,1140,,,1,100,,3188,1140,,,1,100,,3189,1140,,,1,100,,3190,1140,,,1,100,,3191,1140,,,1,100,,3192,1140,,,1
6500,'2',637,,3886,1080,,,1,70,,3887,1080,,,1,30,,3888,1080,,,1,70,,3889,1080,,,1,30,,3890,1080,,,1,70,,3891,1080,,,1,30,,3892,1080,,,1,70,,3893,1080,,,1,29,,3894,1020,,,1,70,,3895,1020,,,1,30,,3896,1020,,,1,70,,3897,1020,,,1,31,,3898,1080,,,1,70,,3899,1080,,,1,30,,3900,1080,,,1,70,,3901,1080,,,1,30,,3902,1080,,,1,72,,3903,1200,,,1,30,,3904,1200,,,1,70,,3905,1200,,,1,30,,3906,1200,,,1,70,,3907,1200,,,1,30,,3908,1200,,,1,70,,3909,1200,,,1,29,,3910,1140,,,1,70,,3911,1140,,,1,30,,3912,1140,,,1,70,,3913,1140,,,1,28,,3914,1020,,,1,70,,3915,1020,,,1,30,,3916,1020,,,1,70,,3917,1020,,,1,30,,3918,1020,,,1
6500,'3',637,,3919,1080,,,1,70,,3920,1080,,,1,30,,3921,1080,,,1,70,,3922,1080,,,1,30,,3923,1080,,,1,70,,3924,1080,,,1,30,,3925,1080,,,1,70,,3926,1080,,,1,29,,3927,1020,,,1,70,,3928,1020,,,1,30,,3929,1020,,,1,70,,3930,1020,,,1,31,,3931,1080,,,1,70,,3932,1080,,,1,30,,3933,1080,,,1,70,,3934,1080,,,1,30,,3935,1080,,,1,72,,3936,1200,,,1,30,,3937,1200,,,1,70,,3938,1200,,,1,30,,3939,1200,,,1,70,,3940,1200,,,1,30,,3941,1200,,,1,70,,3942,1200,,,1,29,,3943,1140,,,1,70,,3944,1140,,,1,30,,3945,1140,,,1,70,,3946,1140,,,1,28,,3947,1020,,,1,70,,3948,1020,,,1,30,,3949,1020,,,1,70,,3950,1020,,,1,30,,3951,1020,,,1
6500,'4',637,,3952,1080,,,1,70,,3953,1080,,,1,30,,3954,1080,,,1,70,,3955,1080,,,1,30,,3956,1080,,,1,70,,3957,1080,,,1,30,,3958,1080,,,1,70,,3959,1080,,,1,29,,3960,1020,,,1,70,,3961,1020,,,1,30,,3962,1020,,,1,70,,3963,1020,,,1,31,,3964,1080,,,1,70,,3965,1080,,,1,30,,3966,1080,,,1,70,,3967,1080,,,1,30,,3968,1080,,,1,72,,3969,1200,,,1,30,,3970,1200,,,1,70,,3971,1200,,,1,30,,3972,1200,,,1,70,,3973,1200,,,1,30,,3974,1200,,,1,70,,3975,1200,,,1,29,,3976,1140,,,1,70,,3977,1140,,,1,30,,3978,1140,,,1,70,,3979,1140,,,1,28,,3980,1020,,,1,70,,3981,1020,,,1,30,,3982,1020,,,1,70,,3983,1020,,,1,30,,3984,1020,,,1
6500,'5',637,,3985,1080,,,1,70,,3986,1080,,,1,30,,3987,1080,,,1,70,,3988,1080,,,1,30,,3989,1080,,,1,70,,3990,1080,,,1,30,,3991,1080,,,1,70,,3992,1080,,,1,29,,3993,1020,,,1,70,,3994,1020,,,1,30,,3995,1020,,,1,70,,3996,1020,,,1,31,,3997,1080,,,1,70,,3998,1080,,,1,30,,3999,1080,,,1,70,,4000,1080,,,1,30,,4001,1080,,,1,72,,4002,1200,,,1,30,,4003,1200,,,1,70,,4004,1200,,,1,30,,4005,1200,,,1,70,,4006,1200,,,1,30,,4007,1200,,,1,70,,4008,1200,,,1,29,,4009,1140,,,1,70,,4010,1140,,,1,30,,4011,1140,,,1,70,,4012,1140,,,1,28,,4013,1020,,,1,70,,4014,1020,,,1,30,,4015,1020,,,1,70,,4016,1020,,,1,30,,4017,1020,,,1
6500,'6',637,,4018,1080,,,1,70,,4019,1080,,,1,30,,4020,1080,,,1,70,,4021,1080,,,1,30,,4022,1080,,,1,70,,4023,1080,,,1,30,,4024,1080,,,1,70,,4025,1080,,,1,29,,4026,1020,,,1,70,,4027,1020,,,1,30,,4028,1020,,,1,70,,4029,1020,,,1,31,,4030,1080,,,1,70,,4031,1080,,,1,30,,4032,1080,,,1,70,,4033,1080,,,1,30,,4034,1080,,,1,72,,4035,1200,,,1,30,,4036,1200,,,1,70,,4037,1200,,,1,30,,4038,1200,,,1,70,,4039,1200,,,1,30,,4040,1200,,,1,70,,4041,1200,,,1,29,,4042,1140,,,1,70,,4043,1140,,,1,30,,4044,1140,,,1,70,,4045,1140,,,1,28,,4046,1020,,,1,70,,4047,1020,,,1,30,,4048,1020,,,1,70,,4049,1020,,,1,30,,4050,1020,,,1
6500,'9',815,,4051,1020,,,1,100,,4052,1020,,,1,100,,4053,1020,,,1,100,,4054,1020,,,1,101,,4055,1080,,,1,100,,4056,1080,,,1,100,,4057,1080,,,1,100,,4058,1080,,,1,102,,4059,1200,,,1,100,,4060,1200,,,1,100,,4061,1200,,,1,100,,4062,1200,,,1
8501,'2',633,,4342,1740,,,1,100,,4343,1740,,,1,106,,4344,2100,,,1,100,,4345,2100,,,1,101,,4346,2160,,,1,100,,4347,2160,,,1,101,,4348,2220,,,1,100,,4349,2220,,,1,100,,4350,2220,,,1,102,,4351,2340,,,1,100,,4352,2340,,,1,102,,4353,2460,,,1,95,,4354,2160,,,1,100,,4355,2160,,,1,97,,4356,1980,,,1,100,,4357,1980,,,1,97,,4358,1800,,,1,100,,4359,1800,,,1
8501,'3',633,,4360,1740,,,1,100,,4361,1740,,,1,106,,4362,2100,,,1,100,,4363,2100,,,1,101,,4364,2160,,,1,100,,4365,2160,,,1,101,,4366,2220,,,1,100,,4367,2220,,,1,100,,4368,2220,,,1,102,,4369,2340,,,1,100,,4370,2340,,,1,102,,4371,2460,,,1,95,,4372,2160,,,1,100,,4373,2160,,,1,97,,4374,1980,,,1,100,,4375,1980,,,1,97,,4376,1800,,,1,100,,4377,1800,,,1
8501,'4',633,,4378,1740,,,1,100,,4379,1740,,,1,106,,4380,2100,,,1,100,,4381,2100,,,1,101,,4382,2160,,,1,100,,4383,2160,,,1,101,,4384,2220,,,1,100,,4385,2220,,,1,100,,4386,2220,,,1,102,,4387,2340,,,1,100,,4388,2340,,,1,102,,4389,2460,,,1,95,,4390,2160,,,1,100,,4391,2160,,,1,97,,4392,1980,,,1,100,,4393,1980,,,1,97,,4394,1800,,,1,100,,4395,1800,,,1
8501,'5',633,,4396,1740,,,1,100,,4397,1740,,,1,106,,4398,2100,,,1,100,,4399,2100,,,1,101,,4400,2160,,,1,100,,4401,2160,,,1,101,,4402,2220,,,1,100,,4403,2220,,,1,100,,4404,2220,,,1,102,,4405,2340,,,1,100,,4406,2340,,,1,102,,4407,2460,,,1,95,,4408,2160,,,1,100,,4409,2160,,,1,97,,4410,1980,,,1,100,,4411,1980,,,1,97,,4412,1800,,,1,100,,4413,1800,,,1
8501,'6',633,,4414,1740,,,1,100,,4415,1740,,,1,106,,4416,2100,,,1,100,,4417,2100,,,1,101,,4418,2160,,,1,100,,4419,2160,,,1,101,,4420,2220,,,1,100,,4421,2220,,,1,100,,4422,2220,,,1,102,,4423,2340,,,1,100,,4424,2340,,,1,102,,4425,2460,,,1,95,,4426,2160,,,1,100,,4427,2160,,,1,97,,4428,1980,,,1,100,,4429,1980,,,1,97,,4430,1800,,,1,100,,4431,1800,,,1
8501,'9',842,,4432,1980,,,1,100,,4433,1980,,,1,100,,4434,1980,,,1,103,,4435,2160,,,1,100,,4436,2160,,,1,100,,4437,2160,,,1,100,,4438,2160,,,1,103,,4439,2340,,,1,100,,4440,2340,,,1,100,,4441,2340,,,1,100,,4442,2340,,,1,100,,4443,2340,,,1
