1100,'2',642,,637,900,,,1,102,,638,1020,,,1,100,,639,1020,,,1,100,,640,1020,,,1,100,,641,1020,,,1,102,,642,1020,,,1,99,,643,1080,,,1,100,,644,1080,,,1,101,,645,1140,,,1,102,,646,1140,,,1,101,,647,1080,,,1,96,,648,1080,,,1,99,,649,1020,,,1,102,,650,1020,,,1,99,,651,960,,,1,100,,652,960,,,1
1100,'3',642,,653,900,,,1,102,,654,1020,,,1,100,,655,1020,,,1,100,,656,1020,,,1,100,,657,1020,,,1,102,,658,1020,,,1,99,,659,1080,,,1,100,,660,1080,,,1,101,,661,1140,,,1,102,,662,1140,,,1,101,,663,1080,,,1,96,,664,1080,,,1,99,,665,1020,,,1,102,,666,1020,,,1,99,,667,960,,,1,100,,668,960,,,1
1100,'4',642,,669,900,,,1,102,,670,1020,,,1,100,,671,1020,,,1,100,,672,1020,,,1,100,,673,1020,,,1,102,,674,1020,,,1,99,,675,1080,,,1,100,,676,1080,,,1,101,,677,1140,,,1,102,,678,1140,,,1,101,,679,1080,,,1,96,,680,1080,,,1,99,,681,1020,,,1,102,,682,1020,,,1,99,,683,960,,,1,100,,684,960,,,1
1100,'5',642,,685,900,,,1,102,,686,1020,,,1,100,,687,1020,,,1,100,,688,1020,,,1,100,,689,1020,,,1,102,,690,1020,,,1,99,,691,1080,,,1,100,,692,1080,,,1,101,,693,1140,,,1,102,,694,1140,,,1,101,,695,1080,,,1,96,,696,1080,,,1,99,,697,1020,,,1,102,,698,1020,,,1,99,,699,960,,,1,100,,700,960,,,1
1100,'6',642,,701,900,,,1,102,,702,1020,,,1,100,,703,1020,,,1,100,,704,1020,,,1,100,,705,1020,,,1,102,,706,1020,,,1,99,,707,1080,,,1,100,,708,1080,,,1,101,,709,1140,,,1,102,,710,1140,,,1,101,,711,1080,,,1,96,,712,1080,,,1,99,,713,1020,,,1,102,,714,1020,,,1,99,,715,960,,,1,100,,716,960,,,1
1100,'9',823,,717,900,,,1,100,,718,900,,,1,100,,719,900,,,1,101,,720,960,,,1,100,,721,960,,,1,100,,722,960,,,1,100,,723,960,,,1,100,,724,960,,,1,100,,725,960,,,1,100,,726,960,,,1,100,,727,960,,,1,100,,728,960,,,1
1101,'2',717,,729,720,,,1,102,,730,840,,,1,100,,731,840,,,1,100,,732,840,,,1,100,,733,840,,,1,101,,734,840,,,1,99,,735,840,,,1,100,,736,840,,,1,101,,737,840,,,1,101,,738,840,,,1,101,,739,840,,,1,97,,740,840,,,1,100,,741,840,,,1,102,,742,840,,,1,100,,743,840,,,1,98,,744,720,,,1
1101,'3',717,,745,720,,,1,102,,746,840,,,1,100,,747,840,,,1,100,,748,840,,,1,100,,749,840,,,1,101,,750,840,,,1,99,,751,840,,,1,100,,752,840,,,1,101,,753,840,,,1,101,,754,840,,,1,101,,755,840,,,1,97,,756,840,,,1,100,,757,840,,,1,102,,758,840,,,1,100,,759,840,,,1,98,,760,720,,,1
1101,'4',717,,761,720,,,1,102,,762,840,,,1,100,,763,840,,,1,100,,764,840,,,1,100,,765,840,,,1,101,,766,840,,,1,99,,767,840,,,1,100,,768,840,,,1,101,,769,840,,,1,101,,770,840,,,1,101,,771,840,,,1,97,,772,840,,,1,100,,773,840,,,1,102,,774,840,,,1,100,,775,840,,,1,98,,776,720,,,1
1101,'5',717,,777,720,,,1,102,,778,840,,,1,100,,779,840,,,1,100,,780,840,,,1,100,,781,840,,,1,101,,782,840,,,1,99,,783,840,,,1,100,,784,840,,,1,101,,785,840,,,1,101,,786,840,,,1,101,,787,840,,,1,97,,788,840,,,1,100,,789,840,,,1,102,,790,840,,,1,100,,791,840,,,1,98,,792,720,,,1
1101,'6',717,,793,720,,,1,102,,794,840,,,1,100,,795,840,,,1,100,,796,840,,,1,100,,797,840,,,1,101,,798,840,,,1,99,,799,840,,,1,100,,800,840,,,1,101,,801,840,,,1,101,,802,840,,,1,101,,803,840,,,1,97,,804,840,,,1,100,,805,840,,,1,102,,806,840,,,1,100,,807,840,,,1,98,,808,720,,,1
1101,'9',855,,809,720,,,1,100,,810,720,,,1,100,,811,720,,,1,102,,812,840,,,1,100,,813,840,,,1,100,,814,840,,,1,100,,815,840,,,1,100,,816,840,,,1,100,,817,840,,,1,100,,818,840,,,1,100,,819,840,,,1,100,,820,840,,,1
