4001,'2',618,,3040,845,,,1,30,,3041,845,,,1,70,,3042,845,,,1,30,,3043,845,,,1,70,,3044,845,,,1,30,,3045,845,,,1,70,,3046,845,,,1,30,,3047,845,,,1,70,,3048,845,,,1,30,,3049,845,,,1,70,,3050,845,,,1,30,,3051,845,,,1,71,,3052,905,,,1,30,,3053,905,,,1,70,,3054,905,,,1,30,,3055,905,,,1,70,,3056,905,,,1,32,,3057,1056,,,1,70,,3058,1056,,,1,30,,3059,1056,,,1,70,,3060,1056,,,1,29,,3061,996,,,1,70,,3062,996,,,1,30,,3063,996,,,1,69,,3064,905,,,1,30,,3065,905,,,1,453,,3066,905,,,1,30,,3067,905,,,1
4001,'3',618,,3068,845,,,1,30,,3069,845,,,1,70,,3070,845,,,1,30,,3071,845,,,1,70,,3072,845,,,1,30,,3073,845,,,1,70,,3074,845,,,1,30,,3075,845,,,1,70,,3076,845,,,1,30,,3077,845,,,1,70,,3078,845,,,1,30,,3079,845,,,1,71,,3080,905,,,1,30,,3081,905,,,1,70,,3082,905,,,1,30,,3083,905,,,1,70,,3084,905,,,1,32,,3085,1056,,,1,70,,3086,1056,,,1,30,,3087,1056,,,1,70,,3088,1056,,,1,29,,3089,996,,,1,70,,3090,996,,,1,30,,3091,996,,,1,69,,3092,905,,,1,30,,3093,905,,,1,453,,3094,905,,,1,30,,3095,905,,,1
4001,'4',618,,3096,845,,,1,30,,3097,845,,,1,70,,3098,845,,,1,30,,3099,845,,,1,70,,3100,845,,,1,30,,3101,845,,,1,70,,3102,845,,,1,30,,3103,845,,,1,70,,3104,845,,,1,30,,3105,845,,,1,70,,3106,845,,,1,30,,3107,845,,,1,71,,3108,905,,,1,30,,3109,905,,,1,70,,3110,905,,,1,30,,3111,905,,,1,70,,3112,905,,,1,32,,3113,1056,,,1,70,,3114,1056,,,1,30,,3115,1056,,,1,70,,3116,1056,,,1,29,,3117,996,,,1,70,,3118,996,,,1,30,,3119,996,,,1,69,,3120,905,,,1,30,,3121,905,,,1,453,,3122,905,,,1,30,,3123,905,,,1
4001,'5',618,,3124,845,,,1,30,,3125,845,,,1,70,,3126,845,,,1,30,,3127,845,,,1,70,,3128,845,,,1,30,,3129,845,,,1,70,,3130,845,,,1,30,,3131,845,,,1,70,,3132,845,,,1,30,,3133,845,,,1,70,,3134,845,,,1,30,,3135,845,,,1,71,,3136,905,,,1,30,,3137,905,,,1,70,,3138,905,,,1,30,,3139,905,,,1,70,,3140,905,,,1,32,,3141,1056,,,1,70,,3142,1056,,,1,30,,3143,1056,,,1,70,,3144,1056,,,1,29,,3145,996,,,1,70,,3146,996,,,1,30,,3147,996,,,1,69,,3148,905,,,1,30,,3149,905,,,1,453,,3150,905,,,1,30,,3151,905,,,1
4001,'6',618,,3152,845,,,1,30,,3153,845,,,1,70,,3154,845,,,1,30,,3155,845,,,1,70,,3156,845,,,1,30,,3157,845,,,1,70,,3158,845,,,1,30,,3159,845,,,1,70,,3160,845,,,1,30,,3161,845,,,1,70,,3162,845,,,1,30,,3163,845,,,1,71,,3164,905,,,1,30,,3165,905,,,1,70,,3166,905,,,1,30,,3167,905,,,1,70,,3168,905,,,1,32,,3169,1056,,,1,70,,3170,1056,,,1,30,,3171,1056,,,1,70,,3172,1056,,,1,29,,3173,996,,,1,70,,3174,996,,,1,30,,3175,996,,,1,69,,3176,905,,,1,30,,3177,905,,,1,453,,3178,905,,,1,30,,3179,905,,,1
4001,'9',741,,3180,905,,,1,100,,3181,905,,,1,100,,3182,905,,,1,100,,3183,905,,,1,100,,3184,936,,,1,100,,3185,936,,,1,100,,3186,936,,,1,100,,3187,936,,,1,100,,3188,936,,,1,100,,3189,936,,,1,100,,3190,936,,,1,100,,3191,936,,,1,100,,3192,936,,,1
6500,'2',634,,3886,905,,,1,70,,3887,905,,,1,30,,3888,905,,,1,70,,3889,905,,,1,30,,3890,905,,,1,70,,3891,905,,,1,30,,3892,905,,,1,70,,3893,905,,,1,29,,3894,845,,,1,70,,3895,845,,,1,30,,3896,845,,,1,70,,3897,845,,,1,31,,3898,905,,,1,70,,3899,905,,,1,30,,3900,905,,,1,70,,3901,905,,,1,30,,3902,905,,,1,71,,3903,996,,,1,30,,3904,996,,,1,70,,3905,996,,,1,30,,3906,996,,,1,70,,3907,996,,,1,30,,3908,996,,,1,70,,3909,996,,,1,29,,3910,936,,,1,70,,3911,936,,,1,30,,3912,936,,,1,70,,3913,936,,,1,29,,3914,845,,,1,70,,3915,845,,,1,30,,3916,845,,,1,70,,3917,845,,,1,30,,3918,845,,,1
6500,'3',634,,3919,905,,,1,70,,3920,905,,,1,30,,3921,905,,,1,70,,3922,905,,,1,30,,3923,905,,,1,70,,3924,905,,,1,30,,3925,905,,,1,70,,3926,905,,,1,29,,3927,845,,,1,70,,3928,845,,,1,30,,3929,845,,,1,70,,3930,845,,,1,31,,3931,905,,,1,70,,3932,905,,,1,30,,3933,905,,,1,70,,3934,905,,,1,30,,3935,905,,,1,71,,3936,996,,,1,30,,3937,996,,,1,70,,3938,996,,,1,30,,3939,996,,,1,70,,3940,996,,,1,30,,3941,996,,,1,70,,3942,996,,,1,29,,3943,936,,,1,70,,3944,936,,,1,30,,3945,936,,,1,70,,3946,936,,,1,29,,3947,845,,,1,70,,3948,845,,,1,30,,3949,845,,,1,70,,3950,845,,,1,30,,3951,845,,,1
6500,'4',634,,3952,905,,,1,70,,3953,905,,,1,30,,3954,905,,,1,70,,3955,905,,,1,30,,3956,905,,,1,70,,3957,905,,,1,30,,3958,905,,,1,70,,3959,905,,,1,29,,3960,845,,,1,70,,3961,845,,,1,30,,3962,845,,,1,70,,3963,845,,,1,31,,3964,905,,,1,70,,3965,905,,,1,30,,3966,905,,,1,70,,3967,905,,,1,30,,3968,905,,,1,71,,3969,996,,,1,30,,3970,996,,,1,70,,3971,996,,,1,30,,3972,996,,,1,70,,3973,996,,,1,30,,3974,996,,,1,70,,3975,996,,,1,29,,3976,936,,,1,70,,3977,936,,,1,30,,3978,936,,,1,70,,3979,936,,,1,29,,3980,845,,,1,70,,3981,845,,,1,30,,3982,845,,,1,70,,3983,845,,,1,30,,3984,845,,,1
6500,'5',634,,3985,905,,,1,70,,3986,905,,,1,30,,3987,905,,,1,70,,3988,905,,,1,30,,3989,905,,,1,70,,3990,905,,,1,30,,3991,905,,,1,70,,3992,905,,,1,29,,3993,845,,,1,70,,3994,845,,,1,30,,3995,845,,,1,70,,3996,845,,,1,31,,3997,905,,,1,70,,3998,905,,,1,30,,3999,905,,,1,70,,4000,905,,,1,30,,4001,905,,,1,71,,4002,996,,,1,30,,4003,996,,,1,70,,4004,996,,,1,30,,4005,996,,,1,70,,4006,996,,,1,30,,4007,996,,,1,70,,4008,996,,,1,29,,4009,936,,,1,70,,4010,936,,,1,30,,4011,936,,,1,70,,4012,936,,,1,29,,4013,845,,,1,70,,4014,845,,,1,30,,4015,845,,,1,70,,4016,845,,,1,30,,4017,845,,,1
6500,'6',634,,4018,905,,,1,70,,4019,905,,,1,30,,4020,905,,,1,70,,4021,905,,,1,30,,4022,905,,,1,70,,4023,905,,,1,30,,4024,905,,,1,70,,4025,905,,,1,29,,4026,845,,,1,70,,4027,845,,,1,30,,4028,845,,,1,70,,4029,845,,,1,31,,4030,905,,,1,70,,4031,905,,,1,30,,4032,905,,,1,70,,4033,905,,,1,30,,4034,905,,,1,71,,4035,996,,,1,30,,4036,996,,,1,70,,4037,996,,,1,30,,4038,996,,,1,70,,4039,996,,,1,30,,4040,996,,,1,70,,4041,996,,,1,29,,4042,936,,,1,70,,4043,936,,,1,30,,4044,936,,,1,70,,4045,936,,,1,29,,4046,845,,,1,70,,4047,845,,,1,30,,4048,845,,,1,70,,4049,845,,,1,30,,4050,845,,,1
6500,'9',812,,4051,845,,,1,100,,4052,845,,,1,100,,4053,845,,,1,100,,4054,845,,,1,101,,4055,905,,,1,100,,4056,905,,,1,100,,4057,905,,,1,100,,4058,905,,,1,101,,4059,996,,,1,100,,4060,996,,,1,100,,4061,996,,,1,100,,4062,996,,,1
8501,'2',630,,4342,1612,,,1,100,,4343,1612,,,1,106,,4344,1940,,,1,100,,4345,1940,,,1,100,,4346,1968,,,1,100,,4347,1968,,,1,101,,4348,2028,,,1,100,,4349,2028,,,1,100,,4350,2028,,,1,102,,4351,2148,,,1,100,,4352,2148,,,1,102,,4353,2236,,,1,96,,4354,2000,,,1,100,,4355,2000,,,1,97,,4356,1820,,,1,100,,4357,1820,,,1,97,,4358,1640,,,1,100,,4359,1640,,,1
8501,'3',630,,4360,1612,,,1,100,,4361,1612,,,1,106,,4362,1940,,,1,100,,4363,1940,,,1,100,,4364,1968,,,1,100,,4365,1968,,,1,101,,4366,2028,,,1,100,,4367,2028,,,1,100,,4368,2028,,,1,102,,4369,2148,,,1,100,,4370,2148,,,1,102,,4371,2236,,,1,96,,4372,2000,,,1,100,,4373,2000,,,1,97,,4374,1820,,,1,100,,4375,1820,,,1,97,,4376,1640,,,1,100,,4377,1640,,,1
8501,'4',630,,4378,1612,,,1,100,,4379,1612,,,1,106,,4380,1940,,,1,100,,4381,1940,,,1,100,,4382,1968,,,1,100,,4383,1968,,,1,101,,4384,2028,,,1,100,,4385,2028,,,1,100,,4386,2028,,,1,102,,4387,2148,,,1,100,,4388,2148,,,1,102,,4389,2236,,,1,96,,4390,2000,,,1,100,,4391,2000,,,1,97,,4392,1820,,,1,100,,4393,1820,,,1,97,,4394,1640,,,1,100,,4395,1640,,,1
8501,'5',630,,4396,1612,,,1,100,,4397,1612,,,1,106,,4398,1940,,,1,100,,4399,1940,,,1,100,,4400,1968,,,1,100,,4401,1968,,,1,101,,4402,2028,,,1,100,,4403,2028,,,1,100,,4404,2028,,,1,102,,4405,2148,,,1,100,,4406,2148,,,1,102,,4407,2236,,,1,96,,4408,2000,,,1,100,,4409,2000,,,1,97,,4410,1820,,,1,100,,4411,1820,,,1,97,,4412,1640,,,1,100,,4413,1640,,,1
8501,'6',630,,4414,1612,,,1,100,,4415,1612,,,1,106,,4416,1940,,,1,100,,4417,1940,,,1,100,,4418,1968,,,1,100,,4419,1968,,,1,101,,4420,2028,,,1,100,,4421,2028,,,1,100,,4422,2028,,,1,102,,4423,2148,,,1,100,,4424,2148,,,1,102,,4425,2236,,,1,96,,4426,2000,,,1,100,,4427,2000,,,1,97,,4428,1820,,,1,100,,4429,1820,,,1,97,,4430,1640,,,1,100,,4431,1640,,,1
8501,'9',839,,4432,1820,,,1,100,,4433,1820,,,1,100,,4434,1820,,,1,102,,4435,1968,,,1,100,,4436,1968,,,1,100,,4437,1968,,,1,100,,4438,1968,,,1,103,,4439,2148,,,1,100,,4440,2148,,,1,100,,4441,2148,,,1,100,,4442,2148,,,1,100,,4443,2148,,,1
