3500,'10',830,,5251,1620,4,,1,70,,5252,1620,4,,1,30,,5253,1620,4,,1,70,,5254,1620,4,,1,30,,5255,1620,4,,1,70,,5256,1620,4,,1,30,,5257,1620,4,,1,70,,5258,1620,4,,1,30,,5259,1620,4,,1,70,,5260,1620,4,,1,30,,5261,1620,4,,1,70,,5262,1620,4,,1,30,,5263,1620,4,,1,70,,5264,1620,4,,1,32,,5265,1740,4,,1,70,,5266,1740,4,,1,30,,5267,1740,4,,1,70,,5268,1740,4,,1,30,,5269,1740,4,,1,70,,5270,1740,4,,1,30,,5271,1740,4,,1,70,,5272,1740,4,,1,30,,5273,1740,4,,1
3500,'2',640,,5274,1680,4,,1,70,,5275,1680,4,,1,30,,5276,1680,4,,1,70,,5277,1680,4,,1,30,,5278,1680,4,,1,70,,5279,1680,4,,1,30,,5280,1680,4,,1,70,,5281,1680,4,,1,30,,5282,1680,4,,1,70,,5283,1680,4,,1,30,,5284,1680,4,,1,70,,5285,1680,4,,1,31,,5286,1740,4,,1,70,,5287,1740,4,,1,30,,5288,1740,4,,1,70,,5289,1740,4,,1,30,,5290,1740,4,,1,72,,5291,1860,4,,1,30,,5292,1860,4,,1,70,,5293,1860,4,,1,30,,5294,1860,4,,1,69,,5295,1800,4,,1,30,,5296,1800,4,,1,70,,5297,1800,4,,1,26,,5298,1560,4,,1,70,,5299,1560,4,,1,30,,5300,1560,4,,1,70,,5301,1560,4,,1,29,,5302,1500,4,,1,70,,5303,1500,4,,1,30,,5304,1500,4,,1,70,,5305,1500,4,,1,29,,5306,1440,4,,1,70,,5307,1440,4,,1,30,,5308,1440,4,,1
3501,'10',810,,5309,0,,,1,30,,5310,0,,,1,70,,5311,0,,,1,30,,5312,0,,,1,70,,5313,0,,,1,30,,5314,0,,,1,70,,5315,0,,,1,30,,5316,0,,,1,70,,5317,0,,,1,30,,5318,0,,,1,70,,5319,0,,,1,30,,5320,0,,,1,70,,5321,0,,,1,30,,5322,0,,,1,70,,5323,0,,,1,30,,5324,0,,,1,70,,5325,0,,,1,30,,5326,0,,,1,70,,5327,0,,,1,30,,5328,0,,,1,70,,5329,0,,,1,30,,5330,0,,,1,70,,5331,0,,,1
3501,'2',554,,5332,0,,,1,70,,5333,0,,,1,30,,5334,0,,,1,70,,5335,0,,,1,30,,5336,0,,,1,70,,5337,0,,,1,30,,5338,0,,,1,70,,5339,0,,,1,30,,5340,0,,,1,70,,5341,0,,,1,30,,5342,0,,,1,70,,5343,0,,,1,30,,5344,0,,,1,70,,5345,0,,,1,30,,1673,0,,,1,70,,5346,0,,,1,30,,5347,0,,,1,70,,5348,0,,,1,30,,5349,0,,,1,70,,5350,0,,,1,30,,5351,0,,,1,70,,5352,0,,,1,30,,5353,0,,,1,70,,5354,0,,,1,30,,5355,0,,,1,70,,5356,0,,,1,30,,5357,0,,,1,70,,5358,0,,,1,30,,5359,0,,,1,70,,5360,0,,,1,30,,5361,0,,,1,70,,5362,0,,,1,30,,5363,0,,,1,70,,5364,0,,,1,30,,5365,0,,,1
5500,'10',752,,5505,0,,,1,100,,5506,0,,,1,100,,5507,0,,,1,100,,5508,0,,,1,100,,5509,0,,,1,100,,5510,0,,,1,100,,5511,0,,,1,100,,5512,0,,,1,100,,5513,0,,,1,100,,5514,0,,,1,100,,5515,0,,,1,100,,5516,0,,,1
5500,'2',547,,5517,0,,,1,70,,5518,0,,,1,30,,5519,0,,,1,70,,5520,0,,,1,30,,5521,0,,,1,70,,5522,0,,,1,30,,5523,0,,,1,70,,5524,0,,,1,30,,5525,0,,,1,70,,5526,0,,,1,30,,5527,0,,,1,70,,5528,0,,,1,30,,5529,0,,,1,70,,5530,0,,,1,30,,5531,0,,,1,70,,5532,0,,,1,30,,5533,0,,,1,70,,5534,0,,,1,30,,5535,0,,,1,70,,5536,0,,,1,30,,5537,0,,,1,70,,5538,0,,,1,30,,5539,0,,,1,70,,5540,0,,,1,30,,5541,0,,,1,70,,5542,0,,,1,30,,5543,0,,,1,70,,5544,0,,,1,30,,5545,0,,,1,70,,5546,0,,,1,30,,5547,0,,,1,70,,5548,0,,,1,30,,5549,0,,,1
5501,'10',852,,5550,1560,4,,1,100,,5551,1560,4,,1,100,,5552,1560,4,,1,100,,5553,1560,4,,1,100,,5554,1560,4,,1,100,,5555,1560,4,,1,100,,5556,1560,4,,1,100,,5557,1560,4,,1,100,,5558,1560,4,,1,100,,5559,1560,4,,1,100,,5560,1560,4,,1,100,,5561,1560,4,,1
5501,'2',616,,5562,1560,4,,1,30,,5563,1560,4,,1,70,,5564,1560,4,,1,30,,5565,1560,4,,1,70,,5566,1560,4,,1,30,,5567,1560,4,,1,70,,5568,1560,4,,1,30,,5569,1560,4,,1,70,,5570,1560,4,,1,32,,5571,1680,4,,1,70,,5572,1680,4,,1,30,,5573,1680,4,,1,70,,5574,1680,4,,1,28,,5575,1560,4,,1,70,,5576,1560,4,,1,30,,5577,1560,4,,1,70,,5578,1560,4,,1,30,,5579,1560,4,,1,70,,5580,1560,4,,1,31,,5581,1560,4,,1,70,,5582,1560,4,,1,30,,5583,1560,4,,1,73,,5584,1740,4,,1,30,,5585,1740,4,,1,70,,5586,1740,4,,1,28,,5587,1620,4,,1,70,,5588,1620,4,,1,30,,5589,1620,4,,1,70,,5590,1620,4,,1,30,,5591,1620,4,,1,70,,5592,1620,4,,1,30,,5593,1620,4,,1,70,,5594,1620,4,,1
6500,'10',843,,5595,2700,4,,1,100,,5596,2700,4,,1,100,,5597,2700,4,,1,100,,5598,2700,4,,1,103,,5599,2880,4,,1,100,,5600,2880,4,,1,100,,5601,2880,4,,1,100,,5602,2880,4,,1,101,,5603,2940,4,,1,100,,5604,2940,4,,1,100,,5605,2940,4,,1,100,,5606,2940,4,,1
6500,'2',701,,5607,2760,4,,1,30,,5608,2760,4,,1,70,,5609,2760,4,,1,32,,5610,2880,4,,1,70,,5611,2880,4,,1,30,,5612,2880,4,,1,70,,5613,2880,4,,1,30,,5614,2880,4,,1,70,,5615,2880,4,,1,30,,5616,2880,4,,1,70,,5617,2880,4,,1,30,,5618,2880,4,,1,72,,5619,2940,4,,1,30,,5620,2940,4,,1,71,,5621,2940,4,,1,29,,5622,2940,4,,1,71,,5623,2940,4,,1,32,,5624,3180,4,,1,70,,5625,3180,4,,1,30,,5626,3180,4,,1,70,,5627,3180,4,,1,29,,5628,3120,4,,1,70,,5629,3120,4,,1,30,,5630,3120,4,,1,65,,5631,2820,4,,1,30,,5632,2820,4,,1,70,,5633,2820,4,,1,30,,5634,2820,4,,1,68,,5635,2700,4,,1,30,,5636,2700,4,,1,70,,5637,2700,4,,1,30,,5638,2700,4,,1,71,,5639,2760,4,,1,30,,5640,2760,4,,1
6501,'10',801,,5641,0,0,5 2 6 7 2 8,1,100,,5642,0,0,5 2 6 7 2 8,1,100,,5643,0,0,5 2 6 7 2 8,1,100,,5644,0,0,5 2 6 7 2 8,1,100,,5645,0,0,5 2 6 7 2 8,1,100,,5646,0,0,5 2 6 7 2 8,1,100,,5647,0,0,5 2 6 7 2 8,1,100,,5648,0,0,5 2 6 7 2 8,1,100,,5649,0,0,5 2 6 7 2 8,1,100,,5650,0,0,5 2 6 7 2 8,1,100,,5651,0,0,5 2 6 7 2 8,1,100,,5652,0,0,5 2 6 7 2 8,1
6501,'2',618,,5653,0,0,5 2 6 7 2 8,1,30,,5654,0,0,5 2 6 7 2 8,1,70,,5655,0,0,5 2 6 7 2 8,1,30,,5656,0,0,5 2 6 7 2 8,1,70,,5657,0,0,5 2 6 7 2 8,1,30,,5658,0,0,5 2 6 7 2 8,1,70,,5659,0,0,5 2 6 7 2 8,1,30,,5660,0,0,5 2 6 7 2 8,1,70,,5661,0,0,5 2 6 7 2 8,1,30,,5662,0,0,5 2 6 7 2 8,1,70,,5663,0,0,5 2 6 7 2 8,1,30,,5664,0,0,5 2 6 7 2 8,1,70,,5665,0,0,5 2 6 7 2 8,1,30,,5666,0,0,5 2 6 7 2 8,1,70,,5667,0,0,5 2 6 7 2 8,1,30,,5668,0,0,5 2 6 7 2 8,1,70,,5669,0,0,5 2 6 7 2 8,1,30,,5670,0,0,5 2 6 7 2 8,1,70,,5671,0,0,5 2 6 7 2 8,1,30,,5672,0,0,5 2 6 7 2 8,1,70,,5673,0,0,5 2 6 7 2 8,1,30,,5674,0,0,5 2 6 7 2 8,1,70,,5675,0,0,5 2 6 7 2 8,1,30,,5676,0,0,5 2 6 7 2 8,1,70,,5677,0,0,5 2 6 7 2 8,1,30,,5678,0,0,5 2 6 7 2 8,1,70,,5679,0,0,5 2 6 7 2 8,1,30,,5680,0,0,5 2 6 7 2 8,1,70,,5681,0,0,5 2 6 7 2 8,1,30,,5682,0,0,5 2 6 7 2 8,1,70,,5683,0,0,5 2 6 7 2 8,1,30,,3745,0,0,5 2 6 7 2 8,1,70,,5684,0,0,5 2 6 7 2 8,1
8500,'10',848,,5685,2400,,,1,100,,5686,2400,,,1,100,,5687,2400,,,1,104,,5688,2640,,,1,100,,5689,2640,,,1,100,,5690,2640,,,1,100,,5691,2640,,,1,101,,5692,2700,,,1,100,,5693,2700,,,1,100,,5694,2700,,,1,100,,5695,2700,,,1,100,,5696,2700,,,1
8500,'2',625,,5697,2280,,,1,100,,5698,2280,,,1,104,,3196,2520,,,1,100,,5699,2520,,,1,100,,5700,2520,,,1,101,,5701,2580,,,1,100,,5702,2580,,,1,102,,5703,2700,,,1,100,,5704,2700,,,1,106,,5705,3060,,,1,102,,5706,3060,,,1,98,,5707,2880,,,1,101,,5708,2880,,,1,94,,5709,2460,,,1,101,,5710,2460,,,1,98,,5711,2280,,,1,101,,5712,2280,,,1,101,,5713,2280,,,1
8501,'10',819,,5714,600,,,1,100,,5715,600,,,1,100,,5716,600,,,1,102,,5717,720,,,1,100,,5718,720,,,1,100,,5719,720,,,1,100,,5720,720,,,1,99,,5721,660,,,1,100,,5722,660,,,1,100,,5723,660,,,1,100,,5724,660,,,1,100,,5725,660,,,1
8501,'2',605,,5726,540,,,1,100,,5727,540,,,1,101,,5728,600,,,1,100,,5729,600,,,1,101,,5730,660,,,1,100,,5731,660,,,1,100,,5732,660,,,1,101,,5733,720,,,1,100,,5734,720,,,1,101,,5735,780,,,1,101,,5736,780,,,1,102,,5737,840,,,1,101,,5738,840,,,1,99,,1685,720,,,1,100,,5739,660,,,1,101,,5740,660,,,1,100,,5741,600,,,1,101,,5742,600,,,1
