1100,'2',629,,637,121,,,1,101,,638,185,,,1,100,,639,185,,,1,100,,640,185,,,1,100,,641,185,,,1,102,,642,185,,,1,98,,643,190,,,1,100,,644,190,,,1,100,,645,194,,,1,102,,646,194,,,1,102,,647,190,,,1,96,,648,190,,,1,100,,649,185,,,1,102,,650,185,,,1,100,,651,181,,,1,100,,652,181,,,1
1100,'3',629,,653,121,,,1,101,,654,185,,,1,100,,655,185,,,1,100,,656,185,,,1,100,,657,185,,,1,102,,658,185,,,1,98,,659,190,,,1,100,,660,190,,,1,100,,661,194,,,1,102,,662,194,,,1,102,,663,190,,,1,96,,664,190,,,1,100,,665,185,,,1,102,,666,185,,,1,100,,667,181,,,1,100,,668,181,,,1
1100,'4',629,,669,121,,,1,101,,670,185,,,1,100,,671,185,,,1,100,,672,185,,,1,100,,673,185,,,1,102,,674,185,,,1,98,,675,190,,,1,100,,676,190,,,1,100,,677,194,,,1,102,,678,194,,,1,102,,679,190,,,1,96,,680,190,,,1,100,,681,185,,,1,102,,682,185,,,1,100,,683,181,,,1,100,,684,181,,,1
1100,'5',629,,685,121,,,1,101,,686,185,,,1,100,,687,185,,,1,100,,688,185,,,1,100,,689,185,,,1,102,,690,185,,,1,98,,691,190,,,1,100,,692,190,,,1,100,,693,194,,,1,102,,694,194,,,1,102,,695,190,,,1,96,,696,190,,,1,100,,697,185,,,1,102,,698,185,,,1,100,,699,181,,,1,100,,700,181,,,1
1100,'6',629,,701,121,,,1,101,,702,185,,,1,100,,703,185,,,1,100,,704,185,,,1,100,,705,185,,,1,102,,706,185,,,1,98,,707,190,,,1,100,,708,190,,,1,100,,709,194,,,1,102,,710,194,,,1,102,,711,190,,,1,96,,712,190,,,1,100,,713,185,,,1,102,,714,185,,,1,100,,715,181,,,1,100,,716,181,,,1
1100,'9',810,,717,121,,,1,100,,718,121,,,1,100,,719,121,,,1,101,,720,181,,,1,100,,721,181,,,1,100,,722,181,,,1,100,,723,181,,,1,100,,724,181,,,1,100,,725,181,,,1,100,,726,181,,,1,100,,727,181,,,1,100,,728,181,,,1
3000,'2',607,,1856,165,,,1,15,,1857,165,,,1,15,,1858,165,,,1,15,,1859,165,,,1,55,,1860,165,,,1,15,,1861,165,,,1,15,,1862,169,,,1,16,,1863,169,,,1,56,,1864,169,,,1,16,,1865,169,,,1,16,,1866,169,,,1,16,,1867,169,,,1,56,,1868,169,,,1,16,,1869,169,,,1,16,,1870,169,,,1,56,,1871,169,,,1,16,,1872,169,,,1,15,,1873,169,,,1,15,,1874,169,,,1,55,,1875,169,,,1,15,,1876,169,,,1,15,,1877,169,,,1,15,,1878,169,,,1,55,,1879,169,,,1,15,,1880,174,,,1,15,,1881,174,,,1,15,,1882,174,,,1,55,,1883,174,,,1,15,,1884,174,,,1,16,,1885,174,,,1,15,,1886,174,,,1,55,,1887,174,,,1,15,,1888,174,,,1,15,,1889,178,,,1,16,,1890,178,,,1,56,,1891,178,,,1,16,,1892,178,,,1,16,,1893,178,,,1,16,,1894,178,,,1,56,,1895,178,,,1,16,,1896,178,,,1,16,,1897,178,,,1,16,,1898,178,,,1,56,,1899,178,,,1,15,,1900,178,,,1,15,,1901,178,,,1,15,,1902,178,,,1,55,,1903,169,,,1,15,,1904,169,,,1,15,,1905,169,,,1,15,,1906,169,,,1,55,,1907,169,,,1,30,,1908,169,,,1,70,,1909,165,,,1,30,,1910,165,,,1,70,,1911,165,,,1,30,,1912,165,,,1,70,,1913,160,,,1,100,,1914,160,,,1
3000,'3',607,,1915,165,,,1,15,,1916,165,,,1,15,,1917,165,,,1,15,,1918,165,,,1,55,,1919,165,,,1,15,,1920,165,,,1,15,,1921,169,,,1,16,,1922,169,,,1,56,,1923,169,,,1,16,,1924,169,,,1,16,,1925,169,,,1,16,,1926,169,,,1,56,,1927,169,,,1,16,,1928,169,,,1,16,,1929,169,,,1,56,,1930,169,,,1,16,,1931,169,,,1,15,,1932,169,,,1,15,,1933,169,,,1,55,,1934,169,,,1,15,,1935,169,,,1,15,,1936,169,,,1,15,,1937,169,,,1,55,,1938,169,,,1,15,,1939,174,,,1,15,,1940,174,,,1,15,,1941,174,,,1,55,,1942,174,,,1,15,,1943,174,,,1,16,,1944,174,,,1,15,,1945,174,,,1,55,,1946,174,,,1,15,,1947,174,,,1,15,,1948,178,,,1,16,,1949,178,,,1,56,,1950,178,,,1,16,,1951,178,,,1,16,,1952,178,,,1,16,,1953,178,,,1,56,,1954,178,,,1,16,,1955,178,,,1,16,,1956,178,,,1,16,,1957,178,,,1,56,,1958,178,,,1,15,,1959,178,,,1,15,,1960,178,,,1,15,,1961,178,,,1,55,,1962,169,,,1,15,,1963,169,,,1,15,,1964,169,,,1,15,,1965,169,,,1,55,,1966,169,,,1,30,,1967,169,,,1,70,,1968,165,,,1,30,,1969,165,,,1,70,,1970,165,,,1,30,,1971,165,,,1,70,,1972,160,,,1,100,,1973,160,,,1
3000,'4',607,,1974,165,,,1,15,,1975,165,,,1,15,,1976,165,,,1,15,,1977,165,,,1,55,,1978,165,,,1,15,,1979,165,,,1,15,,1980,169,,,1,16,,1981,169,,,1,56,,1982,169,,,1,16,,1983,169,,,1,16,,1984,169,,,1,16,,1985,169,,,1,56,,1986,169,,,1,16,,1987,169,,,1,16,,1988,169,,,1,56,,1989,169,,,1,16,,1990,169,,,1,15,,1991,169,,,1,15,,1992,169,,,1,55,,1993,169,,,1,15,,1994,169,,,1,15,,1995,169,,,1,15,,1996,169,,,1,55,,1997,169,,,1,15,,1998,174,,,1,15,,1999,174,,,1,15,,2000,174,,,1,55,,2001,174,,,1,15,,2002,174,,,1,16,,2003,174,,,1,15,,2004,174,,,1,55,,2005,174,,,1,15,,2006,174,,,1,15,,2007,178,,,1,16,,2008,178,,,1,56,,2009,178,,,1,16,,2010,178,,,1,16,,2011,178,,,1,16,,2012,178,,,1,56,,2013,178,,,1,16,,2014,178,,,1,16,,2015,178,,,1,16,,2016,178,,,1,56,,2017,178,,,1,15,,2018,178,,,1,15,,2019,178,,,1,15,,2020,178,,,1,55,,2021,169,,,1,15,,2022,169,,,1,15,,2023,169,,,1,15,,2024,169,,,1,55,,2025,169,,,1,30,,2026,169,,,1,70,,2027,165,,,1,30,,2028,165,,,1,70,,2029,165,,,1,30,,2030,165,,,1,70,,2031,160,,,1,100,,2032,160,,,1
3000,'5',607,,2033,165,,,1,15,,2034,165,,,1,15,,2035,165,,,1,15,,2036,165,,,1,55,,2037,165,,,1,15,,2038,165,,,1,15,,2039,169,,,1,16,,2040,169,,,1,56,,2041,169,,,1,16,,2042,169,,,1,16,,2043,169,,,1,16,,2044,169,,,1,56,,2045,169,,,1,16,,2046,169,,,1,16,,2047,169,,,1,56,,2048,169,,,1,16,,2049,169,,,1,15,,2050,169,,,1,15,,2051,169,,,1,55,,2052,169,,,1,15,,2053,169,,,1,15,,2054,169,,,1,15,,2055,169,,,1,55,,2056,169,,,1,15,,2057,174,,,1,15,,2058,174,,,1,15,,2059,174,,,1,55,,2060,174,,,1,15,,2061,174,,,1,16,,2062,174,,,1,15,,2063,174,,,1,55,,2064,174,,,1,15,,2065,174,,,1,15,,2066,178,,,1,16,,2067,178,,,1,56,,2068,178,,,1,16,,2069,178,,,1,16,,2070,178,,,1,16,,2071,178,,,1,56,,2072,178,,,1,16,,2073,178,,,1,16,,2074,178,,,1,16,,2075,178,,,1,56,,2076,178,,,1,15,,2077,178,,,1,15,,2078,178,,,1,15,,2079,178,,,1,55,,2080,169,,,1,15,,2081,169,,,1,15,,2082,169,,,1,15,,2083,169,,,1,55,,2084,169,,,1,30,,2085,169,,,1,70,,2086,165,,,1,30,,2087,165,,,1,70,,2088,165,,,1,30,,2089,165,,,1,70,,2090,160,,,1,100,,2091,160,,,1
3000,'6',607,,2092,165,,,1,15,,2093,165,,,1,15,,2094,165,,,1,15,,2095,165,,,1,55,,2096,165,,,1,15,,2097,165,,,1,15,,2098,169,,,1,16,,2099,169,,,1,56,,2100,169,,,1,16,,2101,169,,,1,16,,2102,169,,,1,16,,2103,169,,,1,56,,2104,169,,,1,16,,2105,169,,,1,16,,2106,169,,,1,56,,2107,169,,,1,16,,2108,169,,,1,15,,2109,169,,,1,15,,2110,169,,,1,55,,2111,169,,,1,15,,2112,169,,,1,15,,2113,169,,,1,15,,2114,169,,,1,55,,2115,169,,,1,15,,2116,174,,,1,15,,2117,174,,,1,15,,2118,174,,,1,55,,2119,174,,,1,15,,2120,174,,,1,16,,2121,174,,,1,15,,2122,174,,,1,55,,2123,174,,,1,15,,2124,174,,,1,15,,2125,178,,,1,16,,2126,178,,,1,56,,2127,178,,,1,16,,2128,178,,,1,16,,2129,178,,,1,16,,2130,178,,,1,56,,2131,178,,,1,16,,2132,178,,,1,16,,2133,178,,,1,16,,2134,178,,,1,56,,2135,178,,,1,15,,2136,178,,,1,15,,2137,178,,,1,15,,2138,178,,,1,55,,2139,169,,,1,15,,2140,169,,,1,15,,2141,169,,,1,15,,2142,169,,,1,55,,2143,169,,,1,30,,2144,169,,,1,70,,2145,165,,,1,30,,2146,165,,,1,70,,2147,165,,,1,30,,2148,165,,,1,70,,2149,160,,,1,100,,2150,160,,,1
3000,'9',754,,2151,165,,,1,70,,2152,165,,,1,30,,2153,165,,,1,70,,2154,165,,,1,30,,2155,165,,,1,70,,2156,165,,,1,30,,2157,165,,,1,70,,2158,169,,,1,30,,2159,169,,,1,70,,2160,169,,,1,30,,2161,169,,,1,70,,2162,169,,,1,30,,2163,169,,,1,70,,2164,169,,,1,30,,2165,169,,,1,70,,2166,169,,,1,30,,2167,169,,,1,70,,2168,169,,,1,30,,2169,169,,,1,70,,2170,169,,,1,30,,2171,169,,,1,70,,2172,169,,,1,30,,2173,169,,,1,70,,2174,169,,,1
9200,'2',631,,4444,268,,,1,96,,4445,268,,,1,31,,4446,271,,,1,94,,4447,271,,,1,692,,4448,333,,,1,70,,4449,333,,,1,103,,4450,337,,,1,96,,4451,328,,,1,36,,4452,328,,,1
9200,'3',631,,4453,268,,,1,96,,4454,268,,,1,31,,4455,271,,,1,94,,4456,271,,,1,692,,4457,333,,,1,70,,4458,333,,,1,103,,4459,337,,,1,96,,4460,328,,,1,36,,4461,328,,,1
9200,'4',631,,4462,268,,,1,96,,4463,268,,,1,31,,4464,271,,,1,94,,4465,271,,,1,692,,4466,333,,,1,70,,4467,333,,,1,103,,4468,337,,,1,96,,4469,328,,,1,36,,4470,328,,,1
9200,'5',631,,4471,268,,,1,96,,4472,268,,,1,31,,4473,271,,,1,94,,4474,271,,,1,692,,4475,333,,,1,70,,4476,333,,,1,103,,4477,337,,,1,96,,4478,328,,,1,36,,4479,328,,,1
9200,'6',631,,4480,268,,,1,96,,4481,268,,,1,31,,4482,271,,,1,94,,4483,271,,,1,692,,4484,333,,,1,70,,4485,333,,,1,103,,4486,337,,,1,96,,4487,328,,,1,36,,4488,328,,,1
