3500,'2',640,,2655,1440,,,1,68,,2656,1440,,,1,29,,2657,1440,,,1,68,,2658,1380,,,1,30,,2659,1380,,,1,69,,2660,1380,,,1,29,,2661,1380,,,1,69,,2662,1380,,,1,29,,2663,1380,,,1,69,,2664,1380,,,1,29,,2665,1380,,,1,29,,2666,1380,,,1,69,,2667,1380,,,1,29,,2668,1380,,,1,70,,2669,1380,,,1,29,,2670,1380,,,1,69,,2671,1380,,,1,31,,2672,1440,,,1,70,,2673,1440,,,1,31,,2674,1440,,,1,70,,2675,1440,,,1,32,,2676,1500,,,1,71,,2677,1500,,,1,71,,2678,1500,,,1,28,,2679,1380,,,1,31,,2680,1380,,,1,70,,2681,1380,,,1,30,,2682,1380,,,1,67,,2683,1200,,,1,30,,2684,1200,,,1,70,,2685,1200,,,1,30,,2686,1200,,,1,70,,2687,1200,,,1,85,,2688,1200,,,1
3500,'3',640,,2689,1440,,,1,68,,2690,1440,,,1,29,,2691,1440,,,1,68,,2692,1380,,,1,30,,2693,1380,,,1,69,,2694,1380,,,1,29,,2695,1380,,,1,69,,2696,1380,,,1,29,,2697,1380,,,1,69,,2698,1380,,,1,29,,2699,1380,,,1,29,,2700,1380,,,1,69,,2701,1380,,,1,29,,2702,1380,,,1,70,,2703,1380,,,1,29,,2704,1380,,,1,69,,2705,1380,,,1,31,,2706,1440,,,1,70,,2707,1440,,,1,31,,2708,1440,,,1,70,,2709,1440,,,1,32,,2710,1500,,,1,71,,2711,1500,,,1,71,,2712,1500,,,1,28,,2713,1380,,,1,31,,2714,1380,,,1,70,,2715,1380,,,1,30,,2716,1380,,,1,67,,2717,1200,,,1,30,,2718,1200,,,1,70,,2719,1200,,,1,30,,2720,1200,,,1,70,,2721,1200,,,1,85,,2722,1200,,,1
3500,'4',640,,2723,1440,,,1,68,,2724,1440,,,1,29,,2725,1440,,,1,68,,2726,1380,,,1,30,,2727,1380,,,1,69,,2728,1380,,,1,29,,2729,1380,,,1,69,,2730,1380,,,1,29,,2731,1380,,,1,69,,2732,1380,,,1,29,,2733,1380,,,1,29,,2734,1380,,,1,69,,2735,1380,,,1,29,,2736,1380,,,1,70,,2737,1380,,,1,29,,2738,1380,,,1,69,,2739,1380,,,1,31,,2740,1440,,,1,70,,2741,1440,,,1,31,,2742,1440,,,1,70,,2743,1440,,,1,32,,2744,1500,,,1,71,,2745,1500,,,1,71,,2746,1500,,,1,28,,2747,1380,,,1,31,,2748,1380,,,1,70,,2749,1380,,,1,30,,2750,1380,,,1,67,,2751,1200,,,1,30,,2752,1200,,,1,70,,2753,1200,,,1,30,,2754,1200,,,1,70,,2755,1200,,,1,85,,2756,1200,,,1
3500,'5',640,,2757,1440,,,1,68,,2758,1440,,,1,29,,2759,1440,,,1,68,,2760,1380,,,1,30,,2761,1380,,,1,69,,2762,1380,,,1,29,,2763,1380,,,1,69,,2764,1380,,,1,29,,2765,1380,,,1,69,,2766,1380,,,1,29,,2767,1380,,,1,29,,2768,1380,,,1,69,,2769,1380,,,1,29,,2770,1380,,,1,70,,2771,1380,,,1,29,,2772,1380,,,1,69,,2773,1380,,,1,31,,2774,1440,,,1,70,,2775,1440,,,1,31,,2776,1440,,,1,70,,2777,1440,,,1,32,,2778,1500,,,1,71,,2779,1500,,,1,71,,2780,1500,,,1,28,,2781,1380,,,1,31,,2782,1380,,,1,70,,2783,1380,,,1,30,,2784,1380,,,1,67,,2785,1200,,,1,30,,2786,1200,,,1,70,,2787,1200,,,1,30,,2788,1200,,,1,70,,2789,1200,,,1,85,,2790,1200,,,1
3500,'6',640,,2791,1440,,,1,68,,2792,1440,,,1,29,,2793,1440,,,1,68,,2794,1380,,,1,30,,2795,1380,,,1,69,,2796,1380,,,1,29,,2797,1380,,,1,69,,2798,1380,,,1,29,,2799,1380,,,1,69,,2800,1380,,,1,29,,2801,1380,,,1,29,,2802,1380,,,1,69,,2803,1380,,,1,29,,2804,1380,,,1,70,,2805,1380,,,1,29,,2806,1380,,,1,69,,2807,1380,,,1,31,,2808,1440,,,1,70,,2809,1440,,,1,31,,2810,1440,,,1,70,,2811,1440,,,1,32,,2812,1500,,,1,71,,2813,1500,,,1,71,,2814,1500,,,1,28,,2815,1380,,,1,31,,2816,1380,,,1,70,,2817,1380,,,1,30,,2818,1380,,,1,67,,2819,1200,,,1,30,,2820,1200,,,1,70,,2821,1200,,,1,30,,2822,1200,,,1,70,,2823,1200,,,1,85,,2824,1200,,,1
3500,'9',826,,2825,1380,,,1,30,,2826,1380,,,1,70,,2827,1380,,,1,30,,2828,1380,,,1,70,,2829,1380,,,1,30,,2830,1380,,,1,70,,2831,1380,,,1,30,,2832,1380,,,1,70,,2833,1380,,,1,30,,2834,1380,,,1,70,,2835,1380,,,1,30,,2836,1380,,,1,70,,2837,1380,,,1,30,,2838,1380,,,1,70,,2839,1380,,,1,30,,2840,1380,,,1,70,,2841,1380,,,1,30,,2842,1380,,,1,70,,2843,1380,,,1,30,,2844,1380,,,1,70,,2845,1380,,,1,30,,2846,1380,,,1,70,,2847,1380,,,1
6500,'2',701,,3886,2578,,,1,30,,3887,2578,,,1,70,,3888,2578,,,1,31,,3889,2621,,,1,70,,3890,2621,,,1,30,,3891,2621,,,1,70,,3892,2621,,,1,30,,3893,2621,,,1,69,,3894,2561,,,1,30,,3895,2561,,,1,70,,3896,2561,,,1,30,,3897,2561,,,1,72,,3898,2665,,,1,30,,3899,2665,,,1,70,,3900,2665,,,1,30,,3901,2665,,,1,70,,3902,2665,,,1,34,,3903,2888,,,1,70,,3904,2888,,,1,30,,3905,2888,,,1,70,,3906,2888,,,1,29,,3907,2878,,,1,70,,3908,2878,,,1,30,,3909,2878,,,1,66,,3910,2621,,,1,30,,3911,2621,,,1,70,,3912,2621,,,1,30,,3913,2621,,,1,68,,3914,2501,,,1,30,,3915,2501,,,1,70,,3916,2501,,,1,30,,3917,2501,,,1,70,,3918,2518,,,1
6500,'3',701,,3919,2578,,,1,30,,3920,2578,,,1,70,,3921,2578,,,1,31,,3922,2621,,,1,70,,3923,2621,,,1,30,,3924,2621,,,1,70,,3925,2621,,,1,30,,3926,2621,,,1,69,,3927,2561,,,1,30,,3928,2561,,,1,70,,3929,2561,,,1,30,,3930,2561,,,1,72,,3931,2665,,,1,30,,3932,2665,,,1,70,,3933,2665,,,1,30,,3934,2665,,,1,70,,3935,2665,,,1,34,,3936,2888,,,1,70,,3937,2888,,,1,30,,3938,2888,,,1,70,,3939,2888,,,1,29,,3940,2878,,,1,70,,3941,2878,,,1,30,,3942,2878,,,1,66,,3943,2621,,,1,30,,3944,2621,,,1,70,,3945,2621,,,1,30,,3946,2621,,,1,68,,3947,2501,,,1,30,,3948,2501,,,1,70,,3949,2501,,,1,30,,3950,2501,,,1,70,,3951,2518,,,1
6500,'4',701,,3952,2578,,,1,30,,3953,2578,,,1,70,,3954,2578,,,1,31,,3955,2621,,,1,70,,3956,2621,,,1,30,,3957,2621,,,1,70,,3958,2621,,,1,30,,3959,2621,,,1,69,,3960,2561,,,1,30,,3961,2561,,,1,70,,3962,2561,,,1,30,,3963,2561,,,1,72,,3964,2665,,,1,30,,3965,2665,,,1,70,,3966,2665,,,1,30,,3967,2665,,,1,70,,3968,2665,,,1,34,,3969,2888,,,1,70,,3970,2888,,,1,30,,3971,2888,,,1,70,,3972,2888,,,1,29,,3973,2878,,,1,70,,3974,2878,,,1,30,,3975,2878,,,1,66,,3976,2621,,,1,30,,3977,2621,,,1,70,,3978,2621,,,1,30,,3979,2621,,,1,68,,3980,2501,,,1,30,,3981,2501,,,1,70,,3982,2501,,,1,30,,3983,2501,,,1,70,,3984,2518,,,1
6500,'5',701,,3985,2578,,,1,30,,3986,2578,,,1,70,,3987,2578,,,1,31,,3988,2621,,,1,70,,3989,2621,,,1,30,,3990,2621,,,1,70,,3991,2621,,,1,30,,3992,2621,,,1,69,,3993,2561,,,1,30,,3994,2561,,,1,70,,3995,2561,,,1,30,,3996,2561,,,1,72,,3997,2665,,,1,30,,3998,2665,,,1,70,,3999,2665,,,1,30,,4000,2665,,,1,70,,4001,2665,,,1,34,,4002,2888,,,1,70,,4003,2888,,,1,30,,4004,2888,,,1,70,,4005,2888,,,1,29,,4006,2878,,,1,70,,4007,2878,,,1,30,,4008,2878,,,1,66,,4009,2621,,,1,30,,4010,2621,,,1,70,,4011,2621,,,1,30,,4012,2621,,,1,68,,4013,2501,,,1,30,,4014,2501,,,1,70,,4015,2501,,,1,30,,4016,2501,,,1,70,,4017,2518,,,1
6500,'6',701,,4018,2578,,,1,30,,4019,2578,,,1,70,,4020,2578,,,1,31,,4021,2621,,,1,70,,4022,2621,,,1,30,,4023,2621,,,1,70,,4024,2621,,,1,30,,4025,2621,,,1,69,,4026,2561,,,1,30,,4027,2561,,,1,70,,4028,2561,,,1,30,,4029,2561,,,1,72,,4030,2665,,,1,30,,4031,2665,,,1,70,,4032,2665,,,1,30,,4033,2665,,,1,70,,4034,2665,,,1,34,,4035,2888,,,1,70,,4036,2888,,,1,30,,4037,2888,,,1,70,,4038,2888,,,1,29,,4039,2878,,,1,70,,4040,2878,,,1,30,,4041,2878,,,1,66,,4042,2621,,,1,30,,4043,2621,,,1,70,,4044,2621,,,1,30,,4045,2621,,,1,68,,4046,2501,,,1,30,,4047,2501,,,1,70,,4048,2501,,,1,30,,4049,2501,,,1,70,,4050,2518,,,1
6500,'9',838,,4051,2458,,,1,100,,4052,2458,,,1,100,,4053,2458,,,1,100,,4054,2458,,,1,104,,4055,2648,,,1,100,,4056,2648,,,1,100,,4057,2648,,,1,100,,4058,2648,,,1,101,,4059,2725,,,1,100,,4060,2725,,,1,100,,4061,2725,,,1,100,,4062,2725,,,1
