4001,'2',642,,3040,2301,,,1,70,,3041,2301,,,1,30,,3042,2301,,,1,71,,3043,2361,,,1,30,,3044,2361,,,1,70,,3045,2361,,,1,30,,3046,2361,,,1,70,,3047,2361,,,1,31,,3048,2421,,,1,70,,3049,2421,,,1,30,,3050,2421,,,1,70,,3051,2421,,,1,32,,3052,2545,,,1,70,,3053,2545,,,1,30,,3054,2545,,,1,70,,3055,2545,,,1,30,,3056,2545,,,1,75,,3057,2845,,,1,30,,3058,2845,,,1,70,,3059,2845,,,1,30,,3060,2845,,,1,66,,3061,2609,,,1,30,,3062,2609,,,1,70,,3063,2609,,,1,27,,3064,2421,,,1,70,,3065,2421,,,1,409,,3066,2185,,,1,30,,3067,2185,,,1
4001,'3',642,,3068,2301,,,1,70,,3069,2301,,,1,30,,3070,2301,,,1,71,,3071,2361,,,1,30,,3072,2361,,,1,70,,3073,2361,,,1,30,,3074,2361,,,1,70,,3075,2361,,,1,31,,3076,2421,,,1,70,,3077,2421,,,1,30,,3078,2421,,,1,70,,3079,2421,,,1,32,,3080,2545,,,1,70,,3081,2545,,,1,30,,3082,2545,,,1,70,,3083,2545,,,1,30,,3084,2545,,,1,75,,3085,2845,,,1,30,,3086,2845,,,1,70,,3087,2845,,,1,30,,3088,2845,,,1,66,,3089,2609,,,1,30,,3090,2609,,,1,70,,3091,2609,,,1,27,,3092,2421,,,1,70,,3093,2421,,,1,409,,3094,2185,,,1,30,,3095,2185,,,1
4001,'4',642,,3096,2301,,,1,70,,3097,2301,,,1,30,,3098,2301,,,1,71,,3099,2361,,,1,30,,3100,2361,,,1,70,,3101,2361,,,1,30,,3102,2361,,,1,70,,3103,2361,,,1,31,,3104,2421,,,1,70,,3105,2421,,,1,30,,3106,2421,,,1,70,,3107,2421,,,1,32,,3108,2545,,,1,70,,3109,2545,,,1,30,,3110,2545,,,1,70,,3111,2545,,,1,30,,3112,2545,,,1,75,,3113,2845,,,1,30,,3114,2845,,,1,70,,3115,2845,,,1,30,,3116,2845,,,1,66,,3117,2609,,,1,30,,3118,2609,,,1,70,,3119,2609,,,1,27,,3120,2421,,,1,70,,3121,2421,,,1,409,,3122,2185,,,1,30,,3123,2185,,,1
4001,'5',642,,3124,2301,,,1,70,,3125,2301,,,1,30,,3126,2301,,,1,71,,3127,2361,,,1,30,,3128,2361,,,1,70,,3129,2361,,,1,30,,3130,2361,,,1,70,,3131,2361,,,1,31,,3132,2421,,,1,70,,3133,2421,,,1,30,,3134,2421,,,1,70,,3135,2421,,,1,32,,3136,2545,,,1,70,,3137,2545,,,1,30,,3138,2545,,,1,70,,3139,2545,,,1,30,,3140,2545,,,1,75,,3141,2845,,,1,30,,3142,2845,,,1,70,,3143,2845,,,1,30,,3144,2845,,,1,66,,3145,2609,,,1,30,,3146,2609,,,1,70,,3147,2609,,,1,27,,3148,2421,,,1,70,,3149,2421,,,1,409,,3150,2185,,,1,30,,3151,2185,,,1
4001,'6',642,,3152,2301,,,1,70,,3153,2301,,,1,30,,3154,2301,,,1,71,,3155,2361,,,1,30,,3156,2361,,,1,70,,3157,2361,,,1,30,,3158,2361,,,1,70,,3159,2361,,,1,31,,3160,2421,,,1,70,,3161,2421,,,1,30,,3162,2421,,,1,70,,3163,2421,,,1,32,,3164,2545,,,1,70,,3165,2545,,,1,30,,3166,2545,,,1,70,,3167,2545,,,1,30,,3168,2545,,,1,75,,3169,2845,,,1,30,,3170,2845,,,1,70,,3171,2845,,,1,30,,3172,2845,,,1,66,,3173,2609,,,1,30,,3174,2609,,,1,70,,3175,2609,,,1,27,,3176,2421,,,1,70,,3177,2421,,,1,409,,3178,2185,,,1,30,,3179,2185,,,1
4001,'9',806,,3180,2425,,,1,100,,3181,2425,,,1,100,,3182,2425,,,1,100,,3183,2425,,,1,102,,3184,2545,,,1,100,,3185,2545,,,1,100,,3186,2545,,,1,100,,3187,2545,,,1,100,,3188,2545,,,1,100,,3189,2545,,,1,100,,3190,2545,,,1,100,,3191,2545,,,1,100,,3192,2545,,,1
6501,'2',700,,4063,2305,,,1,30,,4064,2305,,,1,70,,4065,2305,,,1,31,,4066,2369,,,1,70,,4067,2369,,,1,30,,4068,2369,,,1,70,,4069,2369,,,1,30,,4070,2369,,,1,71,,4071,2425,,,1,30,,4072,2425,,,1,70,,4073,2425,,,1,30,,4074,2425,,,1,69,,4075,2365,,,1,30,,4076,2365,,,1,70,,4077,2365,,,1,30,,4078,2365,,,1,73,,4079,2549,,,1,30,,4080,2549,,,1,70,,4081,2549,,,1,30,,4082,2549,,,1,70,,4083,2549,,,1,28,,4084,2432,,,1,70,,4085,2432,,,1,30,,4086,2432,,,1,68,,4087,2305,,,1,30,,4088,2305,,,1,70,,4089,2305,,,1,30,,4090,2305,,,1,29,,4091,2245,,,1,70,,4092,2245,,,1,30,,4093,2245,,,1,70,,4094,2245,,,1,29,,4095,2185,,,1
6501,'3',700,,4096,2305,,,1,30,,4097,2305,,,1,70,,4098,2305,,,1,31,,4099,2369,,,1,70,,4100,2369,,,1,30,,4101,2369,,,1,70,,4102,2369,,,1,30,,4103,2369,,,1,71,,4104,2425,,,1,30,,4105,2425,,,1,70,,4106,2425,,,1,30,,4107,2425,,,1,69,,4108,2365,,,1,30,,4109,2365,,,1,70,,4110,2365,,,1,30,,4111,2365,,,1,73,,4112,2549,,,1,30,,4113,2549,,,1,70,,4114,2549,,,1,30,,4115,2549,,,1,70,,4116,2549,,,1,28,,4117,2432,,,1,70,,4118,2432,,,1,30,,4119,2432,,,1,68,,4120,2305,,,1,30,,4121,2305,,,1,70,,4122,2305,,,1,30,,4123,2305,,,1,29,,4124,2245,,,1,70,,4125,2245,,,1,30,,4126,2245,,,1,70,,4127,2245,,,1,29,,4128,2185,,,1
6501,'4',700,,4129,2305,,,1,30,,4130,2305,,,1,70,,4131,2305,,,1,31,,4132,2369,,,1,70,,4133,2369,,,1,30,,4134,2369,,,1,70,,4135,2369,,,1,30,,4136,2369,,,1,71,,4137,2425,,,1,30,,4138,2425,,,1,70,,4139,2425,,,1,30,,4140,2425,,,1,69,,4141,2365,,,1,30,,4142,2365,,,1,70,,4143,2365,,,1,30,,4144,2365,,,1,73,,4145,2549,,,1,30,,4146,2549,,,1,70,,4147,2549,,,1,30,,4148,2549,,,1,70,,4149,2549,,,1,28,,4150,2432,,,1,70,,4151,2432,,,1,30,,4152,2432,,,1,68,,4153,2305,,,1,30,,4154,2305,,,1,70,,4155,2305,,,1,30,,4156,2305,,,1,29,,4157,2245,,,1,70,,4158,2245,,,1,30,,4159,2245,,,1,70,,4160,2245,,,1,29,,4161,2185,,,1
6501,'5',700,,4162,2305,,,1,30,,4163,2305,,,1,70,,4164,2305,,,1,31,,4165,2369,,,1,70,,4166,2369,,,1,30,,4167,2369,,,1,70,,4168,2369,,,1,30,,4169,2369,,,1,71,,4170,2425,,,1,30,,4171,2425,,,1,70,,4172,2425,,,1,30,,4173,2425,,,1,69,,4174,2365,,,1,30,,4175,2365,,,1,70,,4176,2365,,,1,30,,4177,2365,,,1,73,,4178,2549,,,1,30,,4179,2549,,,1,70,,4180,2549,,,1,30,,4181,2549,,,1,70,,4182,2549,,,1,28,,4183,2432,,,1,70,,4184,2432,,,1,30,,4185,2432,,,1,68,,4186,2305,,,1,30,,4187,2305,,,1,70,,4188,2305,,,1,30,,4189,2305,,,1,29,,4190,2245,,,1,70,,4191,2245,,,1,30,,4192,2245,,,1,70,,4193,2245,,,1,29,,4194,2185,,,1
6501,'6',700,,4195,2305,,,1,30,,4196,2305,,,1,70,,4197,2305,,,1,31,,4198,2369,,,1,70,,4199,2369,,,1,30,,4200,2369,,,1,70,,4201,2369,,,1,30,,4202,2369,,,1,71,,4203,2425,,,1,30,,4204,2425,,,1,70,,4205,2425,,,1,30,,4206,2425,,,1,69,,4207,2365,,,1,30,,4208,2365,,,1,70,,4209,2365,,,1,30,,4210,2365,,,1,73,,4211,2549,,,1,30,,4212,2549,,,1,70,,4213,2549,,,1,30,,4214,2549,,,1,70,,4215,2549,,,1,28,,4216,2432,,,1,70,,4217,2432,,,1,30,,4218,2432,,,1,68,,4219,2305,,,1,30,,4220,2305,,,1,70,,4221,2305,,,1,30,,4222,2305,,,1,29,,4223,2245,,,1,70,,4224,2245,,,1,30,,4225,2245,,,1,70,,4226,2245,,,1,29,,4227,2185,,,1
6501,'9',836,,4228,2121,,,1,100,,4229,2121,,,1,100,,4230,2121,,,1,103,,4231,2305,,,1,100,,4232,2305,,,1,100,,4233,2305,,,1,100,,4234,2305,,,1,100,,4235,2305,,,1,100,,4236,2305,,,1,100,,4237,2305,,,1,100,,4238,2305,,,1,100,,4239,2305,,,1
