4001,'2',619,,3040,939,,,1,30,,3041,939,,,1,70,,3042,939,,,1,30,,3043,939,,,1,70,,3044,939,,,1,30,,3045,939,,,1,70,,3046,939,,,1,30,,3047,939,,,1,70,,3048,939,,,1,30,,3049,939,,,1,70,,3050,939,,,1,30,,3051,939,,,1,71,,3052,999,,,1,30,,3053,999,,,1,70,,3054,999,,,1,30,,3055,999,,,1,70,,3056,999,,,1,33,,3057,1165,,,1,70,,3058,1165,,,1,30,,3059,1165,,,1,70,,3060,1165,,,1,29,,3061,1105,,,1,70,,3062,1105,,,1,30,,3063,1105,,,1,68,,3064,999,,,1,30,,3065,999,,,1,453,,3066,999,,,1,30,,3067,999,,,1
4001,'3',619,,3068,939,,,1,30,,3069,939,,,1,70,,3070,939,,,1,30,,3071,939,,,1,70,,3072,939,,,1,30,,3073,939,,,1,70,,3074,939,,,1,30,,3075,939,,,1,70,,3076,939,,,1,30,,3077,939,,,1,70,,3078,939,,,1,30,,3079,939,,,1,71,,3080,999,,,1,30,,3081,999,,,1,70,,3082,999,,,1,30,,3083,999,,,1,70,,3084,999,,,1,33,,3085,1165,,,1,70,,3086,1165,,,1,30,,3087,1165,,,1,70,,3088,1165,,,1,29,,3089,1105,,,1,70,,3090,1105,,,1,30,,3091,1105,,,1,68,,3092,999,,,1,30,,3093,999,,,1,453,,3094,999,,,1,30,,3095,999,,,1
4001,'4',619,,3096,939,,,1,30,,3097,939,,,1,70,,3098,939,,,1,30,,3099,939,,,1,70,,3100,939,,,1,30,,3101,939,,,1,70,,3102,939,,,1,30,,3103,939,,,1,70,,3104,939,,,1,30,,3105,939,,,1,70,,3106,939,,,1,30,,3107,939,,,1,71,,3108,999,,,1,30,,3109,999,,,1,70,,3110,999,,,1,30,,3111,999,,,1,70,,3112,999,,,1,33,,3113,1165,,,1,70,,3114,1165,,,1,30,,3115,1165,,,1,70,,3116,1165,,,1,29,,3117,1105,,,1,70,,3118,1105,,,1,30,,3119,1105,,,1,68,,3120,999,,,1,30,,3121,999,,,1,453,,3122,999,,,1,30,,3123,999,,,1
4001,'5',619,,3124,939,,,1,30,,3125,939,,,1,70,,3126,939,,,1,30,,3127,939,,,1,70,,3128,939,,,1,30,,3129,939,,,1,70,,3130,939,,,1,30,,3131,939,,,1,70,,3132,939,,,1,30,,3133,939,,,1,70,,3134,939,,,1,30,,3135,939,,,1,71,,3136,999,,,1,30,,3137,999,,,1,70,,3138,999,,,1,30,,3139,999,,,1,70,,3140,999,,,1,33,,3141,1165,,,1,70,,3142,1165,,,1,30,,3143,1165,,,1,70,,3144,1165,,,1,29,,3145,1105,,,1,70,,3146,1105,,,1,30,,3147,1105,,,1,68,,3148,999,,,1,30,,3149,999,,,1,453,,3150,999,,,1,30,,3151,999,,,1
4001,'6',619,,3152,939,,,1,30,,3153,939,,,1,70,,3154,939,,,1,30,,3155,939,,,1,70,,3156,939,,,1,30,,3157,939,,,1,70,,3158,939,,,1,30,,3159,939,,,1,70,,3160,939,,,1,30,,3161,939,,,1,70,,3162,939,,,1,30,,3163,939,,,1,71,,3164,999,,,1,30,,3165,999,,,1,70,,3166,999,,,1,30,,3167,999,,,1,70,,3168,999,,,1,33,,3169,1165,,,1,70,,3170,1165,,,1,30,,3171,1165,,,1,70,,3172,1165,,,1,29,,3173,1105,,,1,70,,3174,1105,,,1,30,,3175,1105,,,1,68,,3176,999,,,1,30,,3177,999,,,1,453,,3178,999,,,1,30,,3179,999,,,1
4001,'9',742,,3180,999,,,1,100,,3181,999,,,1,100,,3182,999,,,1,100,,3183,999,,,1,101,,3184,1045,,,1,100,,3185,1045,,,1,100,,3186,1045,,,1,100,,3187,1045,,,1,100,,3188,1045,,,1,100,,3189,1045,,,1,100,,3190,1045,,,1,100,,3191,1045,,,1,100,,3192,1045,,,1
6500,'2',635,,3886,999,,,1,70,,3887,999,,,1,30,,3888,999,,,1,70,,3889,999,,,1,30,,3890,999,,,1,70,,3891,999,,,1,30,,3892,999,,,1,70,,3893,999,,,1,29,,3894,939,,,1,70,,3895,939,,,1,30,,3896,939,,,1,70,,3897,939,,,1,31,,3898,999,,,1,70,,3899,999,,,1,30,,3900,999,,,1,70,,3901,999,,,1,30,,3902,999,,,1,72,,3903,1105,,,1,30,,3904,1105,,,1,70,,3905,1105,,,1,30,,3906,1105,,,1,70,,3907,1105,,,1,30,,3908,1105,,,1,70,,3909,1105,,,1,29,,3910,1045,,,1,70,,3911,1045,,,1,30,,3912,1045,,,1,70,,3913,1045,,,1,28,,3914,939,,,1,70,,3915,939,,,1,30,,3916,939,,,1,70,,3917,939,,,1,30,,3918,939,,,1
6500,'3',635,,3919,999,,,1,70,,3920,999,,,1,30,,3921,999,,,1,70,,3922,999,,,1,30,,3923,999,,,1,70,,3924,999,,,1,30,,3925,999,,,1,70,,3926,999,,,1,29,,3927,939,,,1,70,,3928,939,,,1,30,,3929,939,,,1,70,,3930,939,,,1,31,,3931,999,,,1,70,,3932,999,,,1,30,,3933,999,,,1,70,,3934,999,,,1,30,,3935,999,,,1,72,,3936,1105,,,1,30,,3937,1105,,,1,70,,3938,1105,,,1,30,,3939,1105,,,1,70,,3940,1105,,,1,30,,3941,1105,,,1,70,,3942,1105,,,1,29,,3943,1045,,,1,70,,3944,1045,,,1,30,,3945,1045,,,1,70,,3946,1045,,,1,28,,3947,939,,,1,70,,3948,939,,,1,30,,3949,939,,,1,70,,3950,939,,,1,30,,3951,939,,,1
6500,'4',635,,3952,999,,,1,70,,3953,999,,,1,30,,3954,999,,,1,70,,3955,999,,,1,30,,3956,999,,,1,70,,3957,999,,,1,30,,3958,999,,,1,70,,3959,999,,,1,29,,3960,939,,,1,70,,3961,939,,,1,30,,3962,939,,,1,70,,3963,939,,,1,31,,3964,999,,,1,70,,3965,999,,,1,30,,3966,999,,,1,70,,3967,999,,,1,30,,3968,999,,,1,72,,3969,1105,,,1,30,,3970,1105,,,1,70,,3971,1105,,,1,30,,3972,1105,,,1,70,,3973,1105,,,1,30,,3974,1105,,,1,70,,3975,1105,,,1,29,,3976,1045,,,1,70,,3977,1045,,,1,30,,3978,1045,,,1,70,,3979,1045,,,1,28,,3980,939,,,1,70,,3981,939,,,1,30,,3982,939,,,1,70,,3983,939,,,1,30,,3984,939,,,1
6500,'5',635,,3985,999,,,1,70,,3986,999,,,1,30,,3987,999,,,1,70,,3988,999,,,1,30,,3989,999,,,1,70,,3990,999,,,1,30,,3991,999,,,1,70,,3992,999,,,1,29,,3993,939,,,1,70,,3994,939,,,1,30,,3995,939,,,1,70,,3996,939,,,1,31,,3997,999,,,1,70,,3998,999,,,1,30,,3999,999,,,1,70,,4000,999,,,1,30,,4001,999,,,1,72,,4002,1105,,,1,30,,4003,1105,,,1,70,,4004,1105,,,1,30,,4005,1105,,,1,70,,4006,1105,,,1,30,,4007,1105,,,1,70,,4008,1105,,,1,29,,4009,1045,,,1,70,,4010,1045,,,1,30,,4011,1045,,,1,70,,4012,1045,,,1,28,,4013,939,,,1,70,,4014,939,,,1,30,,4015,939,,,1,70,,4016,939,,,1,30,,4017,939,,,1
6500,'6',635,,4018,999,,,1,70,,4019,999,,,1,30,,4020,999,,,1,70,,4021,999,,,1,30,,4022,999,,,1,70,,4023,999,,,1,30,,4024,999,,,1,70,,4025,999,,,1,29,,4026,939,,,1,70,,4027,939,,,1,30,,4028,939,,,1,70,,4029,939,,,1,31,,4030,999,,,1,70,,4031,999,,,1,30,,4032,999,,,1,70,,4033,999,,,1,30,,4034,999,,,1,72,,4035,1105,,,1,30,,4036,1105,,,1,70,,4037,1105,,,1,30,,4038,1105,,,1,70,,4039,1105,,,1,30,,4040,1105,,,1,70,,4041,1105,,,1,29,,4042,1045,,,1,70,,4043,1045,,,1,30,,4044,1045,,,1,70,,4045,1045,,,1,28,,4046,939,,,1,70,,4047,939,,,1,30,,4048,939,,,1,70,,4049,939,,,1,30,,4050,939,,,1
6500,'9',813,,4051,939,,,1,100,,4052,939,,,1,100,,4053,939,,,1,100,,4054,939,,,1,101,,4055,999,,,1,100,,4056,999,,,1,100,,4057,999,,,1,100,,4058,999,,,1,102,,4059,1105,,,1,100,,4060,1105,,,1,100,,4061,1105,,,1,100,,4062,1105,,,1
8501,'2',632,,4342,1680,,,1,100,,4343,1680,,,1,105,,4344,2026,,,1,100,,4345,2026,,,1,101,,4346,2071,,,1,100,,4347,2071,,,1,101,,4348,2131,,,1,100,,4349,2131,,,1,100,,4350,2131,,,1,102,,4351,2251,,,1,100,,4352,2251,,,1,102,,4353,2356,,,1,95,,4354,2086,,,1,100,,4355,2086,,,1,97,,4356,1906,,,1,100,,4357,1906,,,1,97,,4358,1726,,,1,100,,4359,1726,,,1
8501,'3',632,,4360,1680,,,1,100,,4361,1680,,,1,105,,4362,2026,,,1,100,,4363,2026,,,1,101,,4364,2071,,,1,100,,4365,2071,,,1,101,,4366,2131,,,1,100,,4367,2131,,,1,100,,4368,2131,,,1,102,,4369,2251,,,1,100,,4370,2251,,,1,102,,4371,2356,,,1,95,,4372,2086,,,1,100,,4373,2086,,,1,97,,4374,1906,,,1,100,,4375,1906,,,1,97,,4376,1726,,,1,100,,4377,1726,,,1
8501,'4',632,,4378,1680,,,1,100,,4379,1680,,,1,105,,4380,2026,,,1,100,,4381,2026,,,1,101,,4382,2071,,,1,100,,4383,2071,,,1,101,,4384,2131,,,1,100,,4385,2131,,,1,100,,4386,2131,,,1,102,,4387,2251,,,1,100,,4388,2251,,,1,102,,4389,2356,,,1,95,,4390,2086,,,1,100,,4391,2086,,,1,97,,4392,1906,,,1,100,,4393,1906,,,1,97,,4394,1726,,,1,100,,4395,1726,,,1
8501,'5',632,,4396,1680,,,1,100,,4397,1680,,,1,105,,4398,2026,,,1,100,,4399,2026,,,1,101,,4400,2071,,,1,100,,4401,2071,,,1,101,,4402,2131,,,1,100,,4403,2131,,,1,100,,4404,2131,,,1,102,,4405,2251,,,1,100,,4406,2251,,,1,102,,4407,2356,,,1,95,,4408,2086,,,1,100,,4409,2086,,,1,97,,4410,1906,,,1,100,,4411,1906,,,1,97,,4412,1726,,,1,100,,4413,1726,,,1
8501,'6',632,,4414,1680,,,1,100,,4415,1680,,,1,105,,4416,2026,,,1,100,,4417,2026,,,1,101,,4418,2071,,,1,100,,4419,2071,,,1,101,,4420,2131,,,1,100,,4421,2131,,,1,100,,4422,2131,,,1,102,,4423,2251,,,1,100,,4424,2251,,,1,102,,4425,2356,,,1,95,,4426,2086,,,1,100,,4427,2086,,,1,97,,4428,1906,,,1,100,,4429,1906,,,1,97,,4430,1726,,,1,100,,4431,1726,,,1
8501,'9',840,,4432,1906,,,1,100,,4433,1906,,,1,100,,4434,1906,,,1,103,,4435,2071,,,1,100,,4436,2071,,,1,100,,4437,2071,,,1,100,,4438,2071,,,1,103,,4439,2251,,,1,100,,4440,2251,,,1,100,,4441,2251,,,1,100,,4442,2251,,,1,100,,4443,2251,,,1
