4001,'2',617,,3040,816,,,1,30,,3041,816,,,1,70,,3042,816,,,1,30,,3043,816,,,1,70,,3044,816,,,1,30,,3045,816,,,1,70,,3046,816,,,1,30,,3047,816,,,1,70,,3048,816,,,1,30,,3049,816,,,1,70,,3050,816,,,1,30,,3051,816,,,1,71,,3052,876,,,1,30,,3053,876,,,1,70,,3054,876,,,1,30,,3055,876,,,1,70,,3056,876,,,1,33,,3057,1022,,,1,70,,3058,1022,,,1,30,,3059,1022,,,1,70,,3060,1022,,,1,29,,3061,962,,,1,70,,3062,962,,,1,30,,3063,962,,,1,68,,3064,876,,,1,30,,3065,876,,,1,453,,3066,876,,,1,30,,3067,876,,,1
4001,'3',617,,3068,816,,,1,30,,3069,816,,,1,70,,3070,816,,,1,30,,3071,816,,,1,70,,3072,816,,,1,30,,3073,816,,,1,70,,3074,816,,,1,30,,3075,816,,,1,70,,3076,816,,,1,30,,3077,816,,,1,70,,3078,816,,,1,30,,3079,816,,,1,71,,3080,876,,,1,30,,3081,876,,,1,70,,3082,876,,,1,30,,3083,876,,,1,70,,3084,876,,,1,33,,3085,1022,,,1,70,,3086,1022,,,1,30,,3087,1022,,,1,70,,3088,1022,,,1,29,,3089,962,,,1,70,,3090,962,,,1,30,,3091,962,,,1,68,,3092,876,,,1,30,,3093,876,,,1,453,,3094,876,,,1,30,,3095,876,,,1
4001,'4',617,,3096,816,,,1,30,,3097,816,,,1,70,,3098,816,,,1,30,,3099,816,,,1,70,,3100,816,,,1,30,,3101,816,,,1,70,,3102,816,,,1,30,,3103,816,,,1,70,,3104,816,,,1,30,,3105,816,,,1,70,,3106,816,,,1,30,,3107,816,,,1,71,,3108,876,,,1,30,,3109,876,,,1,70,,3110,876,,,1,30,,3111,876,,,1,70,,3112,876,,,1,33,,3113,1022,,,1,70,,3114,1022,,,1,30,,3115,1022,,,1,70,,3116,1022,,,1,29,,3117,962,,,1,70,,3118,962,,,1,30,,3119,962,,,1,68,,3120,876,,,1,30,,3121,876,,,1,453,,3122,876,,,1,30,,3123,876,,,1
4001,'5',617,,3124,816,,,1,30,,3125,816,,,1,70,,3126,816,,,1,30,,3127,816,,,1,70,,3128,816,,,1,30,,3129,816,,,1,70,,3130,816,,,1,30,,3131,816,,,1,70,,3132,816,,,1,30,,3133,816,,,1,70,,3134,816,,,1,30,,3135,816,,,1,71,,3136,876,,,1,30,,3137,876,,,1,70,,3138,876,,,1,30,,3139,876,,,1,70,,3140,876,,,1,33,,3141,1022,,,1,70,,3142,1022,,,1,30,,3143,1022,,,1,70,,3144,1022,,,1,29,,3145,962,,,1,70,,3146,962,,,1,30,,3147,962,,,1,68,,3148,876,,,1,30,,3149,876,,,1,453,,3150,876,,,1,30,,3151,876,,,1
4001,'6',617,,3152,816,,,1,30,,3153,816,,,1,70,,3154,816,,,1,30,,3155,816,,,1,70,,3156,816,,,1,30,,3157,816,,,1,70,,3158,816,,,1,30,,3159,816,,,1,70,,3160,816,,,1,30,,3161,816,,,1,70,,3162,816,,,1,30,,3163,816,,,1,71,,3164,876,,,1,30,,3165,876,,,1,70,,3166,876,,,1,30,,3167,876,,,1,70,,3168,876,,,1,33,,3169,1022,,,1,70,,3170,1022,,,1,30,,3171,1022,,,1,70,,3172,1022,,,1,29,,3173,962,,,1,70,,3174,962,,,1,30,,3175,962,,,1,68,,3176,876,,,1,30,,3177,876,,,1,453,,3178,876,,,1,30,,3179,876,,,1
4001,'9',740,,3180,876,,,1,100,,3181,876,,,1,100,,3182,876,,,1,100,,3183,876,,,1,101,,3184,902,,,1,100,,3185,902,,,1,100,,3186,902,,,1,100,,3187,902,,,1,100,,3188,902,,,1,100,,3189,902,,,1,100,,3190,902,,,1,100,,3191,902,,,1,100,,3192,902,,,1
6500,'2',633,,3886,876,,,1,70,,3887,876,,,1,30,,3888,876,,,1,70,,3889,876,,,1,30,,3890,876,,,1,70,,3891,876,,,1,30,,3892,876,,,1,70,,3893,876,,,1,29,,3894,816,,,1,70,,3895,816,,,1,30,,3896,816,,,1,70,,3897,816,,,1,31,,3898,876,,,1,70,,3899,876,,,1,30,,3900,876,,,1,70,,3901,876,,,1,30,,3902,876,,,1,72,,3903,962,,,1,30,,3904,962,,,1,70,,3905,962,,,1,30,,3906,962,,,1,70,,3907,962,,,1,30,,3908,962,,,1,70,,3909,962,,,1,29,,3910,902,,,1,70,,3911,902,,,1,30,,3912,902,,,1,70,,3913,902,,,1,28,,3914,816,,,1,70,,3915,816,,,1,30,,3916,816,,,1,70,,3917,816,,,1,30,,3918,816,,,1
6500,'3',633,,3919,876,,,1,70,,3920,876,,,1,30,,3921,876,,,1,70,,3922,876,,,1,30,,3923,876,,,1,70,,3924,876,,,1,30,,3925,876,,,1,70,,3926,876,,,1,29,,3927,816,,,1,70,,3928,816,,,1,30,,3929,816,,,1,70,,3930,816,,,1,31,,3931,876,,,1,70,,3932,876,,,1,30,,3933,876,,,1,70,,3934,876,,,1,30,,3935,876,,,1,72,,3936,962,,,1,30,,3937,962,,,1,70,,3938,962,,,1,30,,3939,962,,,1,70,,3940,962,,,1,30,,3941,962,,,1,70,,3942,962,,,1,29,,3943,902,,,1,70,,3944,902,,,1,30,,3945,902,,,1,70,,3946,902,,,1,28,,3947,816,,,1,70,,3948,816,,,1,30,,3949,816,,,1,70,,3950,816,,,1,30,,3951,816,,,1
6500,'4',633,,3952,876,,,1,70,,3953,876,,,1,30,,3954,876,,,1,70,,3955,876,,,1,30,,3956,876,,,1,70,,3957,876,,,1,30,,3958,876,,,1,70,,3959,876,,,1,29,,3960,816,,,1,70,,3961,816,,,1,30,,3962,816,,,1,70,,3963,816,,,1,31,,3964,876,,,1,70,,3965,876,,,1,30,,3966,876,,,1,70,,3967,876,,,1,30,,3968,876,,,1,72,,3969,962,,,1,30,,3970,962,,,1,70,,3971,962,,,1,30,,3972,962,,,1,70,,3973,962,,,1,30,,3974,962,,,1,70,,3975,962,,,1,29,,3976,902,,,1,70,,3977,902,,,1,30,,3978,902,,,1,70,,3979,902,,,1,28,,3980,816,,,1,70,,3981,816,,,1,30,,3982,816,,,1,70,,3983,816,,,1,30,,3984,816,,,1
6500,'5',633,,3985,876,,,1,70,,3986,876,,,1,30,,3987,876,,,1,70,,3988,876,,,1,30,,3989,876,,,1,70,,3990,876,,,1,30,,3991,876,,,1,70,,3992,876,,,1,29,,3993,816,,,1,70,,3994,816,,,1,30,,3995,816,,,1,70,,3996,816,,,1,31,,3997,876,,,1,70,,3998,876,,,1,30,,3999,876,,,1,70,,4000,876,,,1,30,,4001,876,,,1,72,,4002,962,,,1,30,,4003,962,,,1,70,,4004,962,,,1,30,,4005,962,,,1,70,,4006,962,,,1,30,,4007,962,,,1,70,,4008,962,,,1,29,,4009,902,,,1,70,,4010,902,,,1,30,,4011,902,,,1,70,,4012,902,,,1,28,,4013,816,,,1,70,,4014,816,,,1,30,,4015,816,,,1,70,,4016,816,,,1,30,,4017,816,,,1
6500,'6',633,,4018,876,,,1,70,,4019,876,,,1,30,,4020,876,,,1,70,,4021,876,,,1,30,,4022,876,,,1,70,,4023,876,,,1,30,,4024,876,,,1,70,,4025,876,,,1,29,,4026,816,,,1,70,,4027,816,,,1,30,,4028,816,,,1,70,,4029,816,,,1,31,,4030,876,,,1,70,,4031,876,,,1,30,,4032,876,,,1,70,,4033,876,,,1,30,,4034,876,,,1,72,,4035,962,,,1,30,,4036,962,,,1,70,,4037,962,,,1,30,,4038,962,,,1,70,,4039,962,,,1,30,,4040,962,,,1,70,,4041,962,,,1,29,,4042,902,,,1,70,,4043,902,,,1,30,,4044,902,,,1,70,,4045,902,,,1,28,,4046,816,,,1,70,,4047,816,,,1,30,,4048,816,,,1,70,,4049,816,,,1,30,,4050,816,,,1
6500,'9',811,,4051,816,,,1,100,,4052,816,,,1,100,,4053,816,,,1,100,,4054,816,,,1,101,,4055,876,,,1,100,,4056,876,,,1,100,,4057,876,,,1,100,,4058,876,,,1,102,,4059,962,,,1,100,,4060,962,,,1,100,,4061,962,,,1,100,,4062,962,,,1
8501,'2',630,,4342,1591,,,1,100,,4343,1591,,,1,105,,4344,1914,,,1,100,,4345,1914,,,1,101,,4346,1936,,,1,100,,4347,1936,,,1,101,,4348,1996,,,1,100,,4349,1996,,,1,100,,4350,1996,,,1,102,,4351,2116,,,1,100,,4352,2116,,,1,101,,4353,2199,,,1,96,,4354,1974,,,1,100,,4355,1974,,,1,97,,4356,1794,,,1,100,,4357,1794,,,1,97,,4358,1614,,,1,100,,4359,1614,,,1
8501,'3',630,,4360,1591,,,1,100,,4361,1591,,,1,105,,4362,1914,,,1,100,,4363,1914,,,1,101,,4364,1936,,,1,100,,4365,1936,,,1,101,,4366,1996,,,1,100,,4367,1996,,,1,100,,4368,1996,,,1,102,,4369,2116,,,1,100,,4370,2116,,,1,101,,4371,2199,,,1,96,,4372,1974,,,1,100,,4373,1974,,,1,97,,4374,1794,,,1,100,,4375,1794,,,1,97,,4376,1614,,,1,100,,4377,1614,,,1
8501,'4',630,,4378,1591,,,1,100,,4379,1591,,,1,105,,4380,1914,,,1,100,,4381,1914,,,1,101,,4382,1936,,,1,100,,4383,1936,,,1,101,,4384,1996,,,1,100,,4385,1996,,,1,100,,4386,1996,,,1,102,,4387,2116,,,1,100,,4388,2116,,,1,101,,4389,2199,,,1,96,,4390,1974,,,1,100,,4391,1974,,,1,97,,4392,1794,,,1,100,,4393,1794,,,1,97,,4394,1614,,,1,100,,4395,1614,,,1
8501,'5',630,,4396,1591,,,1,100,,4397,1591,,,1,105,,4398,1914,,,1,100,,4399,1914,,,1,101,,4400,1936,,,1,100,,4401,1936,,,1,101,,4402,1996,,,1,100,,4403,1996,,,1,100,,4404,1996,,,1,102,,4405,2116,,,1,100,,4406,2116,,,1,101,,4407,2199,,,1,96,,4408,1974,,,1,100,,4409,1974,,,1,97,,4410,1794,,,1,100,,4411,1794,,,1,97,,4412,1614,,,1,100,,4413,1614,,,1
8501,'6',630,,4414,1591,,,1,100,,4415,1591,,,1,105,,4416,1914,,,1,100,,4417,1914,,,1,101,,4418,1936,,,1,100,,4419,1936,,,1,101,,4420,1996,,,1,100,,4421,1996,,,1,100,,4422,1996,,,1,102,,4423,2116,,,1,100,,4424,2116,,,1,101,,4425,2199,,,1,96,,4426,1974,,,1,100,,4427,1974,,,1,97,,4428,1794,,,1,100,,4429,1794,,,1,97,,4430,1614,,,1,100,,4431,1614,,,1
8501,'9',838,,4432,1794,,,1,100,,4433,1794,,,1,100,,4434,1794,,,1,103,,4435,1936,,,1,100,,4436,1936,,,1,100,,4437,1936,,,1,100,,4438,1936,,,1,103,,4439,2116,,,1,100,,4440,2116,,,1,100,,4441,2116,,,1,100,,4442,2116,,,1,100,,4443,2116,,,1
