2500,'2',642,,1462,2296,,,1,70,,1463,2296,,,1,30,,1464,2296,,,1,75,,1465,2656,,,1,29,,1466,2656,,,1,69,,1467,2656,,,1,29,,1468,2656,,,1,69,,1469,2656,,,1,26,,1470,2476,,,1,69,,1471,2476,,,1,29,,1472,2476,,,1,69,,1473,2476,,,1,29,,1474,2476,,,1,70,,1475,2656,,,1,31,,1476,2656,,,1,70,,1477,2656,,,1,29,,1478,2656,,,1,68,,1479,2656,,,1,34,,1480,2836,,,1,71,,1481,2836,,,1,31,,1482,2836,,,1,71,,1483,2836,,,1,32,,1484,2896,,,1,70,,1485,2896,,,1,31,,1486,2896,,,1,63,,1487,2416,,,1,30,,1488,2416,,,1,70,,1489,2416,,,1,30,,1490,2416,,,1,66,,1491,2176,,,1,30,,1492,2176,,,1,70,,1493,2176,,,1,30,,1494,2176,,,1,69,,1495,2116,,,1,38,,1496,2116,,,1
2500,'3',642,,1497,2296,,,1,70,,1498,2296,,,1,30,,1499,2296,,,1,75,,1500,2656,,,1,29,,1501,2656,,,1,69,,1502,2656,,,1,29,,1503,2656,,,1,69,,1504,2656,,,1,26,,1505,2476,,,1,69,,1506,2476,,,1,29,,1507,2476,,,1,69,,1508,2476,,,1,29,,1509,2476,,,1,70,,1510,2656,,,1,31,,1511,2656,,,1,70,,1512,2656,,,1,29,,1513,2656,,,1,68,,1514,2656,,,1,34,,1515,2836,,,1,71,,1516,2836,,,1,31,,1517,2836,,,1,71,,1518,2836,,,1,32,,1519,2896,,,1,70,,1520,2896,,,1,31,,1521,2896,,,1,63,,1522,2416,,,1,30,,1523,2416,,,1,70,,1524,2416,,,1,30,,1525,2416,,,1,66,,1526,2176,,,1,30,,1527,2176,,,1,70,,1528,2176,,,1,30,,1529,2176,,,1,69,,1530,2116,,,1,38,,1531,2116,,,1
2500,'4',642,,1532,2296,,,1,70,,1533,2296,,,1,30,,1534,2296,,,1,75,,1535,2656,,,1,29,,1536,2656,,,1,69,,1537,2656,,,1,29,,1538,2656,,,1,69,,1539,2656,,,1,26,,1540,2476,,,1,69,,1541,2476,,,1,29,,1542,2476,,,1,69,,1543,2476,,,1,29,,1544,2476,,,1,70,,1545,2656,,,1,31,,1546,2656,,,1,70,,1547,2656,,,1,29,,1548,2656,,,1,68,,1549,2656,,,1,34,,1550,2836,,,1,71,,1551,2836,,,1,31,,1552,2836,,,1,71,,1553,2836,,,1,32,,1554,2896,,,1,70,,1555,2896,,,1,31,,1556,2896,,,1,63,,1557,2416,,,1,30,,1558,2416,,,1,70,,1559,2416,,,1,30,,1560,2416,,,1,66,,1561,2176,,,1,30,,1562,2176,,,1,70,,1563,2176,,,1,30,,1564,2176,,,1,69,,1565,2116,,,1,38,,1566,2116,,,1
2500,'5',642,,1567,2296,,,1,70,,1568,2296,,,1,30,,1569,2296,,,1,75,,1570,2656,,,1,29,,1571,2656,,,1,69,,1572,2656,,,1,29,,1573,2656,,,1,69,,1574,2656,,,1,26,,1575,2476,,,1,69,,1576,2476,,,1,29,,1577,2476,,,1,69,,1578,2476,,,1,29,,1579,2476,,,1,70,,1580,2656,,,1,31,,1581,2656,,,1,70,,1582,2656,,,1,29,,1583,2656,,,1,68,,1584,2656,,,1,34,,1585,2836,,,1,71,,1586,2836,,,1,31,,1587,2836,,,1,71,,1588,2836,,,1,32,,1589,2896,,,1,70,,1590,2896,,,1,31,,1591,2896,,,1,63,,1592,2416,,,1,30,,1593,2416,,,1,70,,1594,2416,,,1,30,,1595,2416,,,1,66,,1596,2176,,,1,30,,1597,2176,,,1,70,,1598,2176,,,1,30,,1599,2176,,,1,69,,1600,2116,,,1,38,,1601,2116,,,1
2500,'6',642,,1602,2296,,,1,70,,1603,2296,,,1,30,,1604,2296,,,1,75,,1605,2656,,,1,29,,1606,2656,,,1,69,,1607,2656,,,1,29,,1608,2656,,,1,69,,1609,2656,,,1,26,,1610,2476,,,1,69,,1611,2476,,,1,29,,1612,2476,,,1,69,,1613,2476,,,1,29,,1614,2476,,,1,70,,1615,2656,,,1,31,,1616,2656,,,1,70,,1617,2656,,,1,29,,1618,2656,,,1,68,,1619,2656,,,1,34,,1620,2836,,,1,71,,1621,2836,,,1,31,,1622,2836,,,1,71,,1623,2836,,,1,32,,1624,2896,,,1,70,,1625,2896,,,1,31,,1626,2896,,,1,63,,1627,2416,,,1,30,,1628,2416,,,1,70,,1629,2416,,,1,30,,1630,2416,,,1,66,,1631,2176,,,1,30,,1632,2176,,,1,70,,1633,2176,,,1,30,,1634,2176,,,1,69,,1635,2116,,,1,38,,1636,2116,,,1
2500,'9',851,,1637,2236,,,1,70,,1638,2236,,,1,30,,1639,2236,,,1,70,,1640,2236,,,1,30,,1641,2236,,,1,70,,1642,2236,,,1,30,,1643,2274,,,1,70,,1644,2274,,,1,30,,1645,2274,,,1,70,,1646,2274,,,1,30,,1647,2274,,,1,70,,1648,2274,,,1,30,,1649,2274,,,1,70,,1650,2274,,,1,31,,1651,2334,,,1,70,,1652,2334,,,1,30,,1653,2334,,,1,70,,1654,2334,,,1,30,,1655,2334,,,1,70,,1656,2334,,,1,30,,1657,2334,,,1,100,,1658,2334,,,1
5101,'2',612,,3370,287,,,1,30,,3371,287,,,1,70,,3372,287,,,1,31,,3373,351,,,1,72,,3374,351,,,1,32,,3375,351,,,1,72,,3376,351,,,1,32,,3377,351,,,1,73,,3378,383,,,1,32,,3379,383,,,1,72,,3380,383,,,1,72,,3381,383,,,1,33,,3382,383,,,1,73,,3383,383,,,1,33,,3384,383,,,1,72,,3385,383,,,1,33,,3386,383,,,1,73,,3387,383,,,1,33,,3388,383,,,1,73,,3389,383,,,1,33,,3390,415,,,1,73,,3391,415,,,1,73,,3392,415,,,1,33,,3393,383,,,1,73,,3394,383,,,1,32,,3395,383,,,1,71,,3396,351,,,1,32,,3397,351,,,1,72,,3398,351,,,1,32,,3399,351,,,1,72,,3400,319,,,1
5101,'3',612,,3401,287,,,1,30,,3402,287,,,1,70,,3403,287,,,1,31,,3404,351,,,1,72,,3405,351,,,1,32,,3406,351,,,1,72,,3407,351,,,1,32,,3408,351,,,1,73,,3409,383,,,1,32,,3410,383,,,1,72,,3411,383,,,1,72,,3412,383,,,1,33,,3413,383,,,1,73,,3414,383,,,1,33,,3415,383,,,1,72,,3416,383,,,1,33,,3417,383,,,1,73,,3418,383,,,1,33,,3419,383,,,1,73,,3420,383,,,1,33,,3421,415,,,1,73,,3422,415,,,1,73,,3423,415,,,1,33,,3424,383,,,1,73,,3425,383,,,1,32,,3426,383,,,1,71,,3427,351,,,1,32,,3428,351,,,1,72,,3429,351,,,1,32,,3430,351,,,1,72,,3431,319,,,1
5101,'4',612,,3432,287,,,1,30,,3433,287,,,1,70,,3434,287,,,1,31,,3435,351,,,1,72,,3436,351,,,1,32,,3437,351,,,1,72,,3438,351,,,1,32,,3439,351,,,1,73,,3440,383,,,1,32,,3441,383,,,1,72,,3442,383,,,1,72,,3443,383,,,1,33,,3444,383,,,1,73,,3445,383,,,1,33,,3446,383,,,1,72,,3447,383,,,1,33,,3448,383,,,1,73,,3449,383,,,1,33,,3450,383,,,1,73,,3451,383,,,1,33,,3452,415,,,1,73,,3453,415,,,1,73,,3454,415,,,1,33,,3455,383,,,1,73,,3456,383,,,1,32,,3457,383,,,1,71,,3458,351,,,1,32,,3459,351,,,1,72,,3460,351,,,1,32,,3461,351,,,1,72,,3462,319,,,1
5101,'5',612,,3463,287,,,1,30,,3464,287,,,1,70,,3465,287,,,1,31,,3466,351,,,1,72,,3467,351,,,1,32,,3468,351,,,1,72,,3469,351,,,1,32,,3470,351,,,1,73,,3471,383,,,1,32,,3472,383,,,1,72,,3473,383,,,1,72,,3474,383,,,1,33,,3475,383,,,1,73,,3476,383,,,1,33,,3477,383,,,1,72,,3478,383,,,1,33,,3479,383,,,1,73,,3480,383,,,1,33,,3481,383,,,1,73,,3482,383,,,1,33,,3483,415,,,1,73,,3484,415,,,1,73,,3485,415,,,1,33,,3486,383,,,1,73,,3487,383,,,1,32,,3488,383,,,1,71,,3489,351,,,1,32,,3490,351,,,1,72,,3491,351,,,1,32,,3492,351,,,1,72,,3493,319,,,1
5101,'6',612,,3494,287,,,1,30,,3495,287,,,1,70,,3496,287,,,1,31,,3497,351,,,1,72,,3498,351,,,1,32,,3499,351,,,1,72,,3500,351,,,1,32,,3501,351,,,1,73,,3502,383,,,1,32,,3503,383,,,1,72,,3504,383,,,1,72,,3505,383,,,1,33,,3506,383,,,1,73,,3507,383,,,1,33,,3508,383,,,1,72,,3509,383,,,1,33,,3510,383,,,1,73,,3511,383,,,1,33,,3512,383,,,1,73,,3513,383,,,1,33,,3514,415,,,1,73,,3515,415,,,1,73,,3516,415,,,1,33,,3517,383,,,1,73,,3518,383,,,1,32,,3519,383,,,1,71,,3520,351,,,1,32,,3521,351,,,1,72,,3522,351,,,1,32,,3523,351,,,1,72,,3524,319,,,1
5101,'9',825,,3525,319,,,1,100,,3526,319,,,1,100,,3527,319,,,1,100,,3528,351,,,1,100,,3529,351,,,1,100,,3530,351,,,1,100,,3531,351,,,1,100,,3532,319,,,1,100,,3533,319,,,1,100,,3534,319,,,1,100,,3535,319,,,1,100,,3536,319,,,1
