1100,'2',630,,637,238,,,1,102,,638,310,,,1,100,,639,310,,,1,100,,640,310,,,1,100,,641,310,,,1,102,,642,310,,,1,98,,643,323,,,1,100,,644,323,,,1,100,,645,336,,,1,102,,646,336,,,1,102,,647,323,,,1,96,,648,323,,,1,100,,649,310,,,1,102,,650,310,,,1,99,,651,298,,,1,100,,652,298,,,1
1100,'3',630,,653,238,,,1,102,,654,310,,,1,100,,655,310,,,1,100,,656,310,,,1,100,,657,310,,,1,102,,658,310,,,1,98,,659,323,,,1,100,,660,323,,,1,100,,661,336,,,1,102,,662,336,,,1,102,,663,323,,,1,96,,664,323,,,1,100,,665,310,,,1,102,,666,310,,,1,99,,667,298,,,1,100,,668,298,,,1
1100,'4',630,,669,238,,,1,102,,670,310,,,1,100,,671,310,,,1,100,,672,310,,,1,100,,673,310,,,1,102,,674,310,,,1,98,,675,323,,,1,100,,676,323,,,1,100,,677,336,,,1,102,,678,336,,,1,102,,679,323,,,1,96,,680,323,,,1,100,,681,310,,,1,102,,682,310,,,1,99,,683,298,,,1,100,,684,298,,,1
1100,'5',630,,685,238,,,1,102,,686,310,,,1,100,,687,310,,,1,100,,688,310,,,1,100,,689,310,,,1,102,,690,310,,,1,98,,691,323,,,1,100,,692,323,,,1,100,,693,336,,,1,102,,694,336,,,1,102,,695,323,,,1,96,,696,323,,,1,100,,697,310,,,1,102,,698,310,,,1,99,,699,298,,,1,100,,700,298,,,1
1100,'6',630,,701,238,,,1,102,,702,310,,,1,100,,703,310,,,1,100,,704,310,,,1,100,,705,310,,,1,102,,706,310,,,1,98,,707,323,,,1,100,,708,323,,,1,100,,709,336,,,1,102,,710,336,,,1,102,,711,323,,,1,96,,712,323,,,1,100,,713,310,,,1,102,,714,310,,,1,99,,715,298,,,1,100,,716,298,,,1
1100,'9',811,,717,238,,,1,100,,718,238,,,1,100,,719,238,,,1,101,,720,298,,,1,100,,721,298,,,1,100,,722,298,,,1,100,,723,298,,,1,100,,724,298,,,1,100,,725,298,,,1,100,,726,298,,,1,100,,727,298,,,1,100,,728,298,,,1
3000,'2',609,,1856,251,,,1,15,,1857,251,,,1,15,,1858,251,,,1,15,,1859,251,,,1,55,,1860,251,,,1,15,,1861,251,,,1,15,,1862,264,,,1,16,,1863,264,,,1,56,,1864,264,,,1,16,,1865,264,,,1,16,,1866,264,,,1,16,,1867,264,,,1,56,,1868,264,,,1,16,,1869,264,,,1,16,,1870,264,,,1,56,,1871,264,,,1,16,,1872,264,,,1,15,,1873,264,,,1,15,,1874,264,,,1,55,,1875,264,,,1,15,,1876,264,,,1,15,,1877,264,,,1,15,,1878,264,,,1,55,,1879,264,,,1,15,,1880,277,,,1,15,,1881,277,,,1,15,,1882,277,,,1,55,,1883,277,,,1,15,,1884,277,,,1,16,,1885,277,,,1,15,,1886,277,,,1,55,,1887,277,,,1,15,,1888,277,,,1,15,,1889,291,,,1,16,,1890,291,,,1,56,,1891,291,,,1,16,,1892,291,,,1,16,,1893,291,,,1,16,,1894,291,,,1,56,,1895,291,,,1,16,,1896,291,,,1,16,,1897,291,,,1,16,,1898,291,,,1,56,,1899,291,,,1,15,,1900,291,,,1,15,,1901,291,,,1,55,,1902,291,,,1,15,,1903,264,,,1,15,,1904,264,,,1,15,,1905,264,,,1,55,,1906,264,,,1,15,,1907,264,,,1,30,,1908,264,,,1,70,,1909,251,,,1,30,,1910,251,,,1,70,,1911,251,,,1,30,,1912,251,,,1,69,,1913,238,,,1,100,,1914,238,,,1
3000,'3',609,,1915,251,,,1,15,,1916,251,,,1,15,,1917,251,,,1,15,,1918,251,,,1,55,,1919,251,,,1,15,,1920,251,,,1,15,,1921,264,,,1,16,,1922,264,,,1,56,,1923,264,,,1,16,,1924,264,,,1,16,,1925,264,,,1,16,,1926,264,,,1,56,,1927,264,,,1,16,,1928,264,,,1,16,,1929,264,,,1,56,,1930,264,,,1,16,,1931,264,,,1,15,,1932,264,,,1,15,,1933,264,,,1,55,,1934,264,,,1,15,,1935,264,,,1,15,,1936,264,,,1,15,,1937,264,,,1,55,,1938,264,,,1,15,,1939,277,,,1,15,,1940,277,,,1,15,,1941,277,,,1,55,,1942,277,,,1,15,,1943,277,,,1,16,,1944,277,,,1,15,,1945,277,,,1,55,,1946,277,,,1,15,,1947,277,,,1,15,,1948,291,,,1,16,,1949,291,,,1,56,,1950,291,,,1,16,,1951,291,,,1,16,,1952,291,,,1,16,,1953,291,,,1,56,,1954,291,,,1,16,,1955,291,,,1,16,,1956,291,,,1,16,,1957,291,,,1,56,,1958,291,,,1,15,,1959,291,,,1,15,,1960,291,,,1,55,,1961,291,,,1,15,,1962,264,,,1,15,,1963,264,,,1,15,,1964,264,,,1,55,,1965,264,,,1,15,,1966,264,,,1,30,,1967,264,,,1,70,,1968,251,,,1,30,,1969,251,,,1,70,,1970,251,,,1,30,,1971,251,,,1,69,,1972,238,,,1,100,,1973,238,,,1
3000,'4',609,,1974,251,,,1,15,,1975,251,,,1,15,,1976,251,,,1,15,,1977,251,,,1,55,,1978,251,,,1,15,,1979,251,,,1,15,,1980,264,,,1,16,,1981,264,,,1,56,,1982,264,,,1,16,,1983,264,,,1,16,,1984,264,,,1,16,,1985,264,,,1,56,,1986,264,,,1,16,,1987,264,,,1,16,,1988,264,,,1,56,,1989,264,,,1,16,,1990,264,,,1,15,,1991,264,,,1,15,,1992,264,,,1,55,,1993,264,,,1,15,,1994,264,,,1,15,,1995,264,,,1,15,,1996,264,,,1,55,,1997,264,,,1,15,,1998,277,,,1,15,,1999,277,,,1,15,,2000,277,,,1,55,,2001,277,,,1,15,,2002,277,,,1,16,,2003,277,,,1,15,,2004,277,,,1,55,,2005,277,,,1,15,,2006,277,,,1,15,,2007,291,,,1,16,,2008,291,,,1,56,,2009,291,,,1,16,,2010,291,,,1,16,,2011,291,,,1,16,,2012,291,,,1,56,,2013,291,,,1,16,,2014,291,,,1,16,,2015,291,,,1,16,,2016,291,,,1,56,,2017,291,,,1,15,,2018,291,,,1,15,,2019,291,,,1,55,,2020,291,,,1,15,,2021,264,,,1,15,,2022,264,,,1,15,,2023,264,,,1,55,,2024,264,,,1,15,,2025,264,,,1,30,,2026,264,,,1,70,,2027,251,,,1,30,,2028,251,,,1,70,,2029,251,,,1,30,,2030,251,,,1,69,,2031,238,,,1,100,,2032,238,,,1
3000,'5',609,,2033,251,,,1,15,,2034,251,,,1,15,,2035,251,,,1,15,,2036,251,,,1,55,,2037,251,,,1,15,,2038,251,,,1,15,,2039,264,,,1,16,,2040,264,,,1,56,,2041,264,,,1,16,,2042,264,,,1,16,,2043,264,,,1,16,,2044,264,,,1,56,,2045,264,,,1,16,,2046,264,,,1,16,,2047,264,,,1,56,,2048,264,,,1,16,,2049,264,,,1,15,,2050,264,,,1,15,,2051,264,,,1,55,,2052,264,,,1,15,,2053,264,,,1,15,,2054,264,,,1,15,,2055,264,,,1,55,,2056,264,,,1,15,,2057,277,,,1,15,,2058,277,,,1,15,,2059,277,,,1,55,,2060,277,,,1,15,,2061,277,,,1,16,,2062,277,,,1,15,,2063,277,,,1,55,,2064,277,,,1,15,,2065,277,,,1,15,,2066,291,,,1,16,,2067,291,,,1,56,,2068,291,,,1,16,,2069,291,,,1,16,,2070,291,,,1,16,,2071,291,,,1,56,,2072,291,,,1,16,,2073,291,,,1,16,,2074,291,,,1,16,,2075,291,,,1,56,,2076,291,,,1,15,,2077,291,,,1,15,,2078,291,,,1,55,,2079,291,,,1,15,,2080,264,,,1,15,,2081,264,,,1,15,,2082,264,,,1,55,,2083,264,,,1,15,,2084,264,,,1,30,,2085,264,,,1,70,,2086,251,,,1,30,,2087,251,,,1,70,,2088,251,,,1,30,,2089,251,,,1,69,,2090,238,,,1,100,,2091,238,,,1
3000,'6',609,,2092,251,,,1,15,,2093,251,,,1,15,,2094,251,,,1,15,,2095,251,,,1,55,,2096,251,,,1,15,,2097,251,,,1,15,,2098,264,,,1,16,,2099,264,,,1,56,,2100,264,,,1,16,,2101,264,,,1,16,,2102,264,,,1,16,,2103,264,,,1,56,,2104,264,,,1,16,,2105,264,,,1,16,,2106,264,,,1,56,,2107,264,,,1,16,,2108,264,,,1,15,,2109,264,,,1,15,,2110,264,,,1,55,,2111,264,,,1,15,,2112,264,,,1,15,,2113,264,,,1,15,,2114,264,,,1,55,,2115,264,,,1,15,,2116,277,,,1,15,,2117,277,,,1,15,,2118,277,,,1,55,,2119,277,,,1,15,,2120,277,,,1,16,,2121,277,,,1,15,,2122,277,,,1,55,,2123,277,,,1,15,,2124,277,,,1,15,,2125,291,,,1,16,,2126,291,,,1,56,,2127,291,,,1,16,,2128,291,,,1,16,,2129,291,,,1,16,,2130,291,,,1,56,,2131,291,,,1,16,,2132,291,,,1,16,,2133,291,,,1,16,,2134,291,,,1,56,,2135,291,,,1,15,,2136,291,,,1,15,,2137,291,,,1,55,,2138,291,,,1,15,,2139,264,,,1,15,,2140,264,,,1,15,,2141,264,,,1,55,,2142,264,,,1,15,,2143,264,,,1,30,,2144,264,,,1,70,,2145,251,,,1,30,,2146,251,,,1,70,,2147,251,,,1,30,,2148,251,,,1,69,,2149,238,,,1,100,,2150,238,,,1
3000,'9',756,,2151,251,,,1,70,,2152,251,,,1,30,,2153,251,,,1,70,,2154,251,,,1,30,,2155,251,,,1,70,,2156,251,,,1,30,,2157,251,,,1,70,,2158,264,,,1,30,,2159,264,,,1,70,,2160,264,,,1,30,,2161,264,,,1,70,,2162,264,,,1,30,,2163,264,,,1,70,,2164,264,,,1,30,,2165,264,,,1,70,,2166,264,,,1,30,,2167,264,,,1,70,,2168,264,,,1,30,,2169,264,,,1,70,,2170,264,,,1,30,,2171,264,,,1,70,,2172,264,,,1,30,,2173,264,,,1,70,,2174,264,,,1
