3500,'2',641,,2655,1559,,,1,68,,2656,1559,,,1,29,,2657,1559,,,1,69,,2658,1558,,,1,30,,2659,1558,,,1,69,,2660,1558,,,1,29,,2661,1558,,,1,69,,2662,1558,,,1,30,,2663,1588,,,1,69,,2664,1588,,,1,29,,2665,1588,,,1,69,,2666,1588,,,1,29,,2667,1588,,,1,29,,2668,1588,,,1,70,,2669,1588,,,1,29,,2670,1588,,,1,69,,2671,1588,,,1,31,,2672,1648,,,1,70,,2673,1648,,,1,31,,2674,1648,,,1,70,,2675,1648,,,1,72,,2676,1708,,,1,31,,2677,1708,,,1,71,,2678,1708,,,1,27,,2679,1528,,,1,71,,2680,1528,,,1,30,,2681,1528,,,1,70,,2682,1528,,,1,27,,2683,1378,,,1,30,,2684,1378,,,1,70,,2685,1378,,,1,30,,2686,1378,,,1,70,,2687,1348,,,1,85,,2688,1348,,,1
3500,'3',641,,2689,1559,,,1,68,,2690,1559,,,1,29,,2691,1559,,,1,69,,2692,1558,,,1,30,,2693,1558,,,1,69,,2694,1558,,,1,29,,2695,1558,,,1,69,,2696,1558,,,1,30,,2697,1588,,,1,69,,2698,1588,,,1,29,,2699,1588,,,1,69,,2700,1588,,,1,29,,2701,1588,,,1,29,,2702,1588,,,1,70,,2703,1588,,,1,29,,2704,1588,,,1,69,,2705,1588,,,1,31,,2706,1648,,,1,70,,2707,1648,,,1,31,,2708,1648,,,1,70,,2709,1648,,,1,72,,2710,1708,,,1,31,,2711,1708,,,1,71,,2712,1708,,,1,27,,2713,1528,,,1,71,,2714,1528,,,1,30,,2715,1528,,,1,70,,2716,1528,,,1,27,,2717,1378,,,1,30,,2718,1378,,,1,70,,2719,1378,,,1,30,,2720,1378,,,1,70,,2721,1348,,,1,85,,2722,1348,,,1
3500,'4',641,,2723,1559,,,1,68,,2724,1559,,,1,29,,2725,1559,,,1,69,,2726,1558,,,1,30,,2727,1558,,,1,69,,2728,1558,,,1,29,,2729,1558,,,1,69,,2730,1558,,,1,30,,2731,1588,,,1,69,,2732,1588,,,1,29,,2733,1588,,,1,69,,2734,1588,,,1,29,,2735,1588,,,1,29,,2736,1588,,,1,70,,2737,1588,,,1,29,,2738,1588,,,1,69,,2739,1588,,,1,31,,2740,1648,,,1,70,,2741,1648,,,1,31,,2742,1648,,,1,70,,2743,1648,,,1,72,,2744,1708,,,1,31,,2745,1708,,,1,71,,2746,1708,,,1,27,,2747,1528,,,1,71,,2748,1528,,,1,30,,2749,1528,,,1,70,,2750,1528,,,1,27,,2751,1378,,,1,30,,2752,1378,,,1,70,,2753,1378,,,1,30,,2754,1378,,,1,70,,2755,1348,,,1,85,,2756,1348,,,1
3500,'5',641,,2757,1559,,,1,68,,2758,1559,,,1,29,,2759,1559,,,1,69,,2760,1558,,,1,30,,2761,1558,,,1,69,,2762,1558,,,1,29,,2763,1558,,,1,69,,2764,1558,,,1,30,,2765,1588,,,1,69,,2766,1588,,,1,29,,2767,1588,,,1,69,,2768,1588,,,1,29,,2769,1588,,,1,29,,2770,1588,,,1,70,,2771,1588,,,1,29,,2772,1588,,,1,69,,2773,1588,,,1,31,,2774,1648,,,1,70,,2775,1648,,,1,31,,2776,1648,,,1,70,,2777,1648,,,1,72,,2778,1708,,,1,31,,2779,1708,,,1,71,,2780,1708,,,1,27,,2781,1528,,,1,71,,2782,1528,,,1,30,,2783,1528,,,1,70,,2784,1528,,,1,27,,2785,1378,,,1,30,,2786,1378,,,1,70,,2787,1378,,,1,30,,2788,1378,,,1,70,,2789,1348,,,1,85,,2790,1348,,,1
3500,'6',641,,2791,1559,,,1,68,,2792,1559,,,1,29,,2793,1559,,,1,69,,2794,1558,,,1,30,,2795,1558,,,1,69,,2796,1558,,,1,29,,2797,1558,,,1,69,,2798,1558,,,1,30,,2799,1588,,,1,69,,2800,1588,,,1,29,,2801,1588,,,1,69,,2802,1588,,,1,29,,2803,1588,,,1,29,,2804,1588,,,1,70,,2805,1588,,,1,29,,2806,1588,,,1,69,,2807,1588,,,1,31,,2808,1648,,,1,70,,2809,1648,,,1,31,,2810,1648,,,1,70,,2811,1648,,,1,72,,2812,1708,,,1,31,,2813,1708,,,1,71,,2814,1708,,,1,27,,2815,1528,,,1,71,,2816,1528,,,1,30,,2817,1528,,,1,70,,2818,1528,,,1,27,,2819,1378,,,1,30,,2820,1378,,,1,70,,2821,1378,,,1,30,,2822,1378,,,1,70,,2823,1348,,,1,85,,2824,1348,,,1
3500,'9',827,,2825,1499,,,1,30,,2826,1499,,,1,70,,2827,1499,,,1,30,,2828,1499,,,1,70,,2829,1499,,,1,30,,2830,1499,,,1,71,,2831,1528,,,1,30,,2832,1528,,,1,70,,2833,1528,,,1,30,,2834,1528,,,1,70,,2835,1528,,,1,30,,2836,1528,,,1,70,,2837,1528,,,1,30,,2838,1528,,,1,70,,2839,1528,,,1,30,,2840,1528,,,1,70,,2841,1528,,,1,30,,2842,1528,,,1,70,,2843,1528,,,1,30,,2844,1528,,,1,70,,2845,1528,,,1,30,,2846,1528,,,1,70,,2847,1528,,,1
6500,'2',703,,3886,2668,,,1,30,,3887,2668,,,1,70,,3888,2668,,,1,31,,3889,2720,,,1,70,,3890,2720,,,1,30,,3891,2720,,,1,70,,3892,2720,,,1,30,,3893,2720,,,1,69,,3894,2660,,,1,30,,3895,2660,,,1,70,,3896,2660,,,1,30,,3897,2660,,,1,72,,3898,2771,,,1,30,,3899,2771,,,1,70,,3900,2771,,,1,30,,3901,2771,,,1,70,,3902,2771,,,1,34,,3903,3003,,,1,70,,3904,3003,,,1,30,,3905,3003,,,1,70,,3906,3003,,,1,29,,3907,2968,,,1,70,,3908,2968,,,1,30,,3909,2968,,,1,66,,3910,2720,,,1,30,,3911,2720,,,1,70,,3912,2720,,,1,30,,3913,2720,,,1,68,,3914,2600,,,1,30,,3915,2600,,,1,70,,3916,2600,,,1,30,,3917,2600,,,1,70,,3918,2608,,,1
6500,'3',703,,3919,2668,,,1,30,,3920,2668,,,1,70,,3921,2668,,,1,31,,3922,2720,,,1,70,,3923,2720,,,1,30,,3924,2720,,,1,70,,3925,2720,,,1,30,,3926,2720,,,1,69,,3927,2660,,,1,30,,3928,2660,,,1,70,,3929,2660,,,1,30,,3930,2660,,,1,72,,3931,2771,,,1,30,,3932,2771,,,1,70,,3933,2771,,,1,30,,3934,2771,,,1,70,,3935,2771,,,1,34,,3936,3003,,,1,70,,3937,3003,,,1,30,,3938,3003,,,1,70,,3939,3003,,,1,29,,3940,2968,,,1,70,,3941,2968,,,1,30,,3942,2968,,,1,66,,3943,2720,,,1,30,,3944,2720,,,1,70,,3945,2720,,,1,30,,3946,2720,,,1,68,,3947,2600,,,1,30,,3948,2600,,,1,70,,3949,2600,,,1,30,,3950,2600,,,1,70,,3951,2608,,,1
6500,'4',703,,3952,2668,,,1,30,,3953,2668,,,1,70,,3954,2668,,,1,31,,3955,2720,,,1,70,,3956,2720,,,1,30,,3957,2720,,,1,70,,3958,2720,,,1,30,,3959,2720,,,1,69,,3960,2660,,,1,30,,3961,2660,,,1,70,,3962,2660,,,1,30,,3963,2660,,,1,72,,3964,2771,,,1,30,,3965,2771,,,1,70,,3966,2771,,,1,30,,3967,2771,,,1,70,,3968,2771,,,1,34,,3969,3003,,,1,70,,3970,3003,,,1,30,,3971,3003,,,1,70,,3972,3003,,,1,29,,3973,2968,,,1,70,,3974,2968,,,1,30,,3975,2968,,,1,66,,3976,2720,,,1,30,,3977,2720,,,1,70,,3978,2720,,,1,30,,3979,2720,,,1,68,,3980,2600,,,1,30,,3981,2600,,,1,70,,3982,2600,,,1,30,,3983,2600,,,1,70,,3984,2608,,,1
6500,'5',703,,3985,2668,,,1,30,,3986,2668,,,1,70,,3987,2668,,,1,31,,3988,2720,,,1,70,,3989,2720,,,1,30,,3990,2720,,,1,70,,3991,2720,,,1,30,,3992,2720,,,1,69,,3993,2660,,,1,30,,3994,2660,,,1,70,,3995,2660,,,1,30,,3996,2660,,,1,72,,3997,2771,,,1,30,,3998,2771,,,1,70,,3999,2771,,,1,30,,4000,2771,,,1,70,,4001,2771,,,1,34,,4002,3003,,,1,70,,4003,3003,,,1,30,,4004,3003,,,1,70,,4005,3003,,,1,29,,4006,2968,,,1,70,,4007,2968,,,1,30,,4008,2968,,,1,66,,4009,2720,,,1,30,,4010,2720,,,1,70,,4011,2720,,,1,30,,4012,2720,,,1,68,,4013,2600,,,1,30,,4014,2600,,,1,70,,4015,2600,,,1,30,,4016,2600,,,1,70,,4017,2608,,,1
6500,'6',703,,4018,2668,,,1,30,,4019,2668,,,1,70,,4020,2668,,,1,31,,4021,2720,,,1,70,,4022,2720,,,1,30,,4023,2720,,,1,70,,4024,2720,,,1,30,,4025,2720,,,1,69,,4026,2660,,,1,30,,4027,2660,,,1,70,,4028,2660,,,1,30,,4029,2660,,,1,72,,4030,2771,,,1,30,,4031,2771,,,1,70,,4032,2771,,,1,30,,4033,2771,,,1,70,,4034,2771,,,1,34,,4035,3003,,,1,70,,4036,3003,,,1,30,,4037,3003,,,1,70,,4038,3003,,,1,29,,4039,2968,,,1,70,,4040,2968,,,1,30,,4041,2968,,,1,66,,4042,2720,,,1,30,,4043,2720,,,1,70,,4044,2720,,,1,30,,4045,2720,,,1,68,,4046,2600,,,1,30,,4047,2600,,,1,70,,4048,2600,,,1,30,,4049,2600,,,1,70,,4050,2608,,,1
6500,'9',840,,4051,2548,,,1,100,,4052,2548,,,1,100,,4053,2548,,,1,100,,4054,2548,,,1,104,,4055,2763,,,1,100,,4056,2763,,,1,100,,4057,2763,,,1,100,,4058,2763,,,1,101,,4059,2831,,,1,100,,4060,2831,,,1,100,,4061,2831,,,1,100,,4062,2831,,,1
