2500,'2',641,,1462,2251,,,1,70,,1463,2251,,,1,30,,1464,2251,,,1,75,,1465,2611,,,1,29,,1466,2611,,,1,69,,1467,2611,,,1,29,,1468,2611,,,1,69,,1469,2611,,,1,26,,1470,2431,,,1,69,,1471,2431,,,1,29,,1472,2431,,,1,69,,1473,2431,,,1,29,,1474,2431,,,1,70,,1475,2611,,,1,31,,1476,2611,,,1,70,,1477,2611,,,1,29,,1478,2611,,,1,68,,1479,2611,,,1,34,,1480,2791,,,1,71,,1481,2791,,,1,31,,1482,2791,,,1,71,,1483,2791,,,1,32,,1484,2851,,,1,70,,1485,2851,,,1,31,,1486,2851,,,1,63,,1487,2371,,,1,30,,1488,2371,,,1,70,,1489,2371,,,1,30,,1490,2371,,,1,66,,1491,2131,,,1,30,,1492,2131,,,1,70,,1493,2131,,,1,30,,1494,2131,,,1,69,,1495,2071,,,1,38,,1496,2071,,,1
2500,'3',641,,1497,2251,,,1,70,,1498,2251,,,1,30,,1499,2251,,,1,75,,1500,2611,,,1,29,,1501,2611,,,1,69,,1502,2611,,,1,29,,1503,2611,,,1,69,,1504,2611,,,1,26,,1505,2431,,,1,69,,1506,2431,,,1,29,,1507,2431,,,1,69,,1508,2431,,,1,29,,1509,2431,,,1,70,,1510,2611,,,1,31,,1511,2611,,,1,70,,1512,2611,,,1,29,,1513,2611,,,1,68,,1514,2611,,,1,34,,1515,2791,,,1,71,,1516,2791,,,1,31,,1517,2791,,,1,71,,1518,2791,,,1,32,,1519,2851,,,1,70,,1520,2851,,,1,31,,1521,2851,,,1,63,,1522,2371,,,1,30,,1523,2371,,,1,70,,1524,2371,,,1,30,,1525,2371,,,1,66,,1526,2131,,,1,30,,1527,2131,,,1,70,,1528,2131,,,1,30,,1529,2131,,,1,69,,1530,2071,,,1,38,,1531,2071,,,1
2500,'4',641,,1532,2251,,,1,70,,1533,2251,,,1,30,,1534,2251,,,1,75,,1535,2611,,,1,29,,1536,2611,,,1,69,,1537,2611,,,1,29,,1538,2611,,,1,69,,1539,2611,,,1,26,,1540,2431,,,1,69,,1541,2431,,,1,29,,1542,2431,,,1,69,,1543,2431,,,1,29,,1544,2431,,,1,70,,1545,2611,,,1,31,,1546,2611,,,1,70,,1547,2611,,,1,29,,1548,2611,,,1,68,,1549,2611,,,1,34,,1550,2791,,,1,71,,1551,2791,,,1,31,,1552,2791,,,1,71,,1553,2791,,,1,32,,1554,2851,,,1,70,,1555,2851,,,1,31,,1556,2851,,,1,63,,1557,2371,,,1,30,,1558,2371,,,1,70,,1559,2371,,,1,30,,1560,2371,,,1,66,,1561,2131,,,1,30,,1562,2131,,,1,70,,1563,2131,,,1,30,,1564,2131,,,1,69,,1565,2071,,,1,38,,1566,2071,,,1
2500,'5',641,,1567,2251,,,1,70,,1568,2251,,,1,30,,1569,2251,,,1,75,,1570,2611,,,1,29,,1571,2611,,,1,69,,1572,2611,,,1,29,,1573,2611,,,1,69,,1574,2611,,,1,26,,1575,2431,,,1,69,,1576,2431,,,1,29,,1577,2431,,,1,69,,1578,2431,,,1,29,,1579,2431,,,1,70,,1580,2611,,,1,31,,1581,2611,,,1,70,,1582,2611,,,1,29,,1583,2611,,,1,68,,1584,2611,,,1,34,,1585,2791,,,1,71,,1586,2791,,,1,31,,1587,2791,,,1,71,,1588,2791,,,1,32,,1589,2851,,,1,70,,1590,2851,,,1,31,,1591,2851,,,1,63,,1592,2371,,,1,30,,1593,2371,,,1,70,,1594,2371,,,1,30,,1595,2371,,,1,66,,1596,2131,,,1,30,,1597,2131,,,1,70,,1598,2131,,,1,30,,1599,2131,,,1,69,,1600,2071,,,1,38,,1601,2071,,,1
2500,'6',641,,1602,2251,,,1,70,,1603,2251,,,1,30,,1604,2251,,,1,75,,1605,2611,,,1,29,,1606,2611,,,1,69,,1607,2611,,,1,29,,1608,2611,,,1,69,,1609,2611,,,1,26,,1610,2431,,,1,69,,1611,2431,,,1,29,,1612,2431,,,1,69,,1613,2431,,,1,29,,1614,2431,,,1,70,,1615,2611,,,1,31,,1616,2611,,,1,70,,1617,2611,,,1,29,,1618,2611,,,1,68,,1619,2611,,,1,34,,1620,2791,,,1,71,,1621,2791,,,1,31,,1622,2791,,,1,71,,1623,2791,,,1,32,,1624,2851,,,1,70,,1625,2851,,,1,31,,1626,2851,,,1,63,,1627,2371,,,1,30,,1628,2371,,,1,70,,1629,2371,,,1,30,,1630,2371,,,1,66,,1631,2131,,,1,30,,1632,2131,,,1,70,,1633,2131,,,1,30,,1634,2131,,,1,69,,1635,2071,,,1,38,,1636,2071,,,1
2500,'9',850,,1637,2191,,,1,70,,1638,2191,,,1,30,,1639,2191,,,1,70,,1640,2191,,,1,30,,1641,2191,,,1,70,,1642,2191,,,1,30,,1643,2207,,,1,70,,1644,2207,,,1,30,,1645,2207,,,1,70,,1646,2207,,,1,30,,1647,2207,,,1,70,,1648,2207,,,1,30,,1649,2207,,,1,70,,1650,2207,,,1,31,,1651,2267,,,1,70,,1652,2267,,,1,30,,1653,2267,,,1,70,,1654,2267,,,1,30,,1655,2267,,,1,70,,1656,2267,,,1,30,,1657,2267,,,1,100,,1658,2267,,,1
3101,'2',637,,2493,265,,,1,71,,2494,265,,,1,31,,2495,265,,,1,71,,2496,265,,,1,32,,2497,265,,,1,72,,2498,265,,,1,32,,2499,265,,,1,72,,2500,265,,,1,33,,2501,265,,,1,72,,2502,265,,,1,32,,2503,265,,,1,73,,2504,265,,,1,72,,2505,265,,,1,33,,2506,265,,,1,73,,2507,265,,,1,32,,2508,294,,,1,73,,2509,294,,,1,33,,2510,294,,,1,73,,2511,294,,,1,34,,2512,324,,,1,73,,2513,324,,,1,33,,2514,324,,,1,72,,2515,265,,,1,72,,2516,265,,,1,32,,2517,265,,,1,72,,2518,265,,,1,32,,2519,265,,,1,72,,2520,265,,,1,32,,2521,265,,,1,72,,2522,265,,,1
3101,'3',637,,2523,265,,,1,71,,2524,265,,,1,31,,2525,265,,,1,71,,2526,265,,,1,32,,2527,265,,,1,72,,2528,265,,,1,32,,2529,265,,,1,72,,2530,265,,,1,33,,2531,265,,,1,72,,2532,265,,,1,32,,2533,265,,,1,73,,2534,265,,,1,72,,2535,265,,,1,33,,2536,265,,,1,73,,2537,265,,,1,32,,2538,294,,,1,73,,2539,294,,,1,33,,2540,294,,,1,73,,2541,294,,,1,34,,2542,324,,,1,73,,2543,324,,,1,33,,2544,324,,,1,72,,2545,265,,,1,72,,2546,265,,,1,32,,2547,265,,,1,72,,2548,265,,,1,32,,2549,265,,,1,72,,2550,265,,,1,32,,2551,265,,,1,72,,2552,265,,,1
3101,'4',637,,2553,265,,,1,71,,2554,265,,,1,31,,2555,265,,,1,71,,2556,265,,,1,32,,2557,265,,,1,72,,2558,265,,,1,32,,2559,265,,,1,72,,2560,265,,,1,33,,2561,265,,,1,72,,2562,265,,,1,32,,2563,265,,,1,73,,2564,265,,,1,72,,2565,265,,,1,33,,2566,265,,,1,73,,2567,265,,,1,32,,2568,294,,,1,73,,2569,294,,,1,33,,2570,294,,,1,73,,2571,294,,,1,34,,2572,324,,,1,73,,2573,324,,,1,33,,2574,324,,,1,72,,2575,265,,,1,72,,2576,265,,,1,32,,2577,265,,,1,72,,2578,265,,,1,32,,2579,265,,,1,72,,2580,265,,,1,32,,2581,265,,,1,72,,2582,265,,,1
3101,'5',637,,2583,265,,,1,71,,2584,265,,,1,31,,2585,265,,,1,71,,2586,265,,,1,32,,2587,265,,,1,72,,2588,265,,,1,32,,2589,265,,,1,72,,2590,265,,,1,33,,2591,265,,,1,72,,2592,265,,,1,32,,2593,265,,,1,73,,2594,265,,,1,72,,2595,265,,,1,33,,2596,265,,,1,73,,2597,265,,,1,32,,2598,294,,,1,73,,2599,294,,,1,33,,2600,294,,,1,73,,2601,294,,,1,34,,2602,324,,,1,73,,2603,324,,,1,33,,2604,324,,,1,72,,2605,265,,,1,72,,2606,265,,,1,32,,2607,265,,,1,72,,2608,265,,,1,32,,2609,265,,,1,72,,2610,265,,,1,32,,2611,265,,,1,72,,2612,265,,,1
3101,'6',637,,2613,265,,,1,71,,2614,265,,,1,31,,2615,265,,,1,71,,2616,265,,,1,32,,2617,265,,,1,72,,2618,265,,,1,32,,2619,265,,,1,72,,2620,265,,,1,33,,2621,265,,,1,72,,2622,265,,,1,32,,2623,265,,,1,73,,2624,265,,,1,72,,2625,265,,,1,33,,2626,265,,,1,73,,2627,265,,,1,32,,2628,294,,,1,73,,2629,294,,,1,33,,2630,294,,,1,73,,2631,294,,,1,34,,2632,324,,,1,73,,2633,324,,,1,33,,2634,324,,,1,72,,2635,265,,,1,72,,2636,265,,,1,32,,2637,265,,,1,72,,2638,265,,,1,32,,2639,265,,,1,72,,2640,265,,,1,32,,2641,265,,,1,72,,2642,265,,,1
3101,'9',813,,2643,235,,,1,100,,2644,235,,,1,100,,2645,235,,,1,101,,2646,294,,,1,100,,2647,294,,,1,100,,2648,294,,,1,100,,2649,294,,,1,100,,2650,294,,,1,100,,2651,294,,,1,100,,2652,294,,,1,100,,2653,294,,,1,100,,2654,294,,,1
5101,'2',611,,3370,230,,,1,30,,3371,230,,,1,70,,3372,230,,,1,31,,3373,281,,,1,72,,3374,281,,,1,32,,3375,281,,,1,72,,3376,281,,,1,32,,3377,281,,,1,73,,3378,307,,,1,32,,3379,307,,,1,72,,3380,307,,,1,32,,3381,307,,,1,73,,3382,307,,,1,73,,3383,307,,,1,33,,3384,307,,,1,72,,3385,307,,,1,33,,3386,307,,,1,73,,3387,307,,,1,33,,3388,307,,,1,73,,3389,307,,,1,33,,3390,332,,,1,73,,3391,332,,,1,73,,3392,332,,,1,33,,3393,307,,,1,73,,3394,307,,,1,32,,3395,307,,,1,71,,3396,281,,,1,32,,3397,281,,,1,72,,3398,281,,,1,32,,3399,281,,,1,72,,3400,255,,,1
5101,'3',611,,3401,230,,,1,30,,3402,230,,,1,70,,3403,230,,,1,31,,3404,281,,,1,72,,3405,281,,,1,32,,3406,281,,,1,72,,3407,281,,,1,32,,3408,281,,,1,73,,3409,307,,,1,32,,3410,307,,,1,72,,3411,307,,,1,32,,3412,307,,,1,73,,3413,307,,,1,73,,3414,307,,,1,33,,3415,307,,,1,72,,3416,307,,,1,33,,3417,307,,,1,73,,3418,307,,,1,33,,3419,307,,,1,73,,3420,307,,,1,33,,3421,332,,,1,73,,3422,332,,,1,73,,3423,332,,,1,33,,3424,307,,,1,73,,3425,307,,,1,32,,3426,307,,,1,71,,3427,281,,,1,32,,3428,281,,,1,72,,3429,281,,,1,32,,3430,281,,,1,72,,3431,255,,,1
5101,'4',611,,3432,230,,,1,30,,3433,230,,,1,70,,3434,230,,,1,31,,3435,281,,,1,72,,3436,281,,,1,32,,3437,281,,,1,72,,3438,281,,,1,32,,3439,281,,,1,73,,3440,307,,,1,32,,3441,307,,,1,72,,3442,307,,,1,32,,3443,307,,,1,73,,3444,307,,,1,73,,3445,307,,,1,33,,3446,307,,,1,72,,3447,307,,,1,33,,3448,307,,,1,73,,3449,307,,,1,33,,3450,307,,,1,73,,3451,307,,,1,33,,3452,332,,,1,73,,3453,332,,,1,73,,3454,332,,,1,33,,3455,307,,,1,73,,3456,307,,,1,32,,3457,307,,,1,71,,3458,281,,,1,32,,3459,281,,,1,72,,3460,281,,,1,32,,3461,281,,,1,72,,3462,255,,,1
5101,'5',611,,3463,230,,,1,30,,3464,230,,,1,70,,3465,230,,,1,31,,3466,281,,,1,72,,3467,281,,,1,32,,3468,281,,,1,72,,3469,281,,,1,32,,3470,281,,,1,73,,3471,307,,,1,32,,3472,307,,,1,72,,3473,307,,,1,32,,3474,307,,,1,73,,3475,307,,,1,73,,3476,307,,,1,33,,3477,307,,,1,72,,3478,307,,,1,33,,3479,307,,,1,73,,3480,307,,,1,33,,3481,307,,,1,73,,3482,307,,,1,33,,3483,332,,,1,73,,3484,332,,,1,73,,3485,332,,,1,33,,3486,307,,,1,73,,3487,307,,,1,32,,3488,307,,,1,71,,3489,281,,,1,32,,3490,281,,,1,72,,3491,281,,,1,32,,3492,281,,,1,72,,3493,255,,,1
5101,'6',611,,3494,230,,,1,30,,3495,230,,,1,70,,3496,230,,,1,31,,3497,281,,,1,72,,3498,281,,,1,32,,3499,281,,,1,72,,3500,281,,,1,32,,3501,281,,,1,73,,3502,307,,,1,32,,3503,307,,,1,72,,3504,307,,,1,32,,3505,307,,,1,73,,3506,307,,,1,73,,3507,307,,,1,33,,3508,307,,,1,72,,3509,307,,,1,33,,3510,307,,,1,73,,3511,307,,,1,33,,3512,307,,,1,73,,3513,307,,,1,33,,3514,332,,,1,73,,3515,332,,,1,73,,3516,332,,,1,33,,3517,307,,,1,73,,3518,307,,,1,32,,3519,307,,,1,71,,3520,281,,,1,32,,3521,281,,,1,72,,3522,281,,,1,32,,3523,281,,,1,72,,3524,255,,,1
5101,'9',824,,3525,255,,,1,100,,3526,255,,,1,100,,3527,255,,,1,100,,3528,281,,,1,100,,3529,281,,,1,100,,3530,281,,,1,100,,3531,281,,,1,100,,3532,255,,,1,100,,3533,255,,,1,100,,3534,255,,,1,100,,3535,255,,,1,100,,3536,255,,,1
