4001,'2',621,,3040,1042,,,1,30,,3041,1042,,,1,70,,3042,1042,,,1,30,,3043,1042,,,1,70,,3044,1042,,,1,30,,3045,1042,,,1,70,,3046,1042,,,1,30,,3047,1042,,,1,70,,3048,1042,,,1,30,,3049,1042,,,1,70,,3050,1042,,,1,30,,3051,1042,,,1,71,,3052,1106,,,1,30,,3053,1106,,,1,70,,3054,1106,,,1,30,,3055,1106,,,1,70,,3056,1106,,,1,33,,3057,1286,,,1,70,,3058,1286,,,1,30,,3059,1286,,,1,70,,3060,1286,,,1,29,,3061,1226,,,1,70,,3062,1226,,,1,30,,3063,1226,,,1,68,,3064,1106,,,1,30,,3065,1106,,,1,453,,3066,1102,,,1,30,,3067,1102,,,1
4001,'3',621,,3068,1042,,,1,30,,3069,1042,,,1,70,,3070,1042,,,1,30,,3071,1042,,,1,70,,3072,1042,,,1,30,,3073,1042,,,1,70,,3074,1042,,,1,30,,3075,1042,,,1,70,,3076,1042,,,1,30,,3077,1042,,,1,70,,3078,1042,,,1,30,,3079,1042,,,1,71,,3080,1106,,,1,30,,3081,1106,,,1,70,,3082,1106,,,1,30,,3083,1106,,,1,70,,3084,1106,,,1,33,,3085,1286,,,1,70,,3086,1286,,,1,30,,3087,1286,,,1,70,,3088,1286,,,1,29,,3089,1226,,,1,70,,3090,1226,,,1,30,,3091,1226,,,1,68,,3092,1106,,,1,30,,3093,1106,,,1,453,,3094,1102,,,1,30,,3095,1102,,,1
4001,'4',621,,3096,1042,,,1,30,,3097,1042,,,1,70,,3098,1042,,,1,30,,3099,1042,,,1,70,,3100,1042,,,1,30,,3101,1042,,,1,70,,3102,1042,,,1,30,,3103,1042,,,1,70,,3104,1042,,,1,30,,3105,1042,,,1,70,,3106,1042,,,1,30,,3107,1042,,,1,71,,3108,1106,,,1,30,,3109,1106,,,1,70,,3110,1106,,,1,30,,3111,1106,,,1,70,,3112,1106,,,1,33,,3113,1286,,,1,70,,3114,1286,,,1,30,,3115,1286,,,1,70,,3116,1286,,,1,29,,3117,1226,,,1,70,,3118,1226,,,1,30,,3119,1226,,,1,68,,3120,1106,,,1,30,,3121,1106,,,1,453,,3122,1102,,,1,30,,3123,1102,,,1
4001,'5',621,,3124,1042,,,1,30,,3125,1042,,,1,70,,3126,1042,,,1,30,,3127,1042,,,1,70,,3128,1042,,,1,30,,3129,1042,,,1,70,,3130,1042,,,1,30,,3131,1042,,,1,70,,3132,1042,,,1,30,,3133,1042,,,1,70,,3134,1042,,,1,30,,3135,1042,,,1,71,,3136,1106,,,1,30,,3137,1106,,,1,70,,3138,1106,,,1,30,,3139,1106,,,1,70,,3140,1106,,,1,33,,3141,1286,,,1,70,,3142,1286,,,1,30,,3143,1286,,,1,70,,3144,1286,,,1,29,,3145,1226,,,1,70,,3146,1226,,,1,30,,3147,1226,,,1,68,,3148,1106,,,1,30,,3149,1106,,,1,453,,3150,1102,,,1,30,,3151,1102,,,1
4001,'6',621,,3152,1042,,,1,30,,3153,1042,,,1,70,,3154,1042,,,1,30,,3155,1042,,,1,70,,3156,1042,,,1,30,,3157,1042,,,1,70,,3158,1042,,,1,30,,3159,1042,,,1,70,,3160,1042,,,1,30,,3161,1042,,,1,70,,3162,1042,,,1,30,,3163,1042,,,1,71,,3164,1106,,,1,30,,3165,1106,,,1,70,,3166,1106,,,1,30,,3167,1106,,,1,70,,3168,1106,,,1,33,,3169,1286,,,1,70,,3170,1286,,,1,30,,3171,1286,,,1,70,,3172,1286,,,1,29,,3173,1226,,,1,70,,3174,1226,,,1,30,,3175,1226,,,1,68,,3176,1106,,,1,30,,3177,1106,,,1,453,,3178,1102,,,1,30,,3179,1102,,,1
4001,'9',744,,3180,1106,,,1,100,,3181,1106,,,1,100,,3182,1106,,,1,100,,3183,1106,,,1,101,,3184,1166,,,1,100,,3185,1166,,,1,100,,3186,1166,,,1,100,,3187,1166,,,1,100,,3188,1166,,,1,100,,3189,1166,,,1,100,,3190,1166,,,1,100,,3191,1166,,,1,100,,3192,1166,,,1
6500,'2',637,,3886,1106,,,1,70,,3887,1106,,,1,30,,3888,1106,,,1,70,,3889,1106,,,1,30,,3890,1106,,,1,70,,3891,1106,,,1,30,,3892,1106,,,1,70,,3893,1106,,,1,29,,3894,1046,,,1,70,,3895,1046,,,1,30,,3896,1046,,,1,70,,3897,1046,,,1,31,,3898,1106,,,1,70,,3899,1106,,,1,30,,3900,1106,,,1,70,,3901,1106,,,1,30,,3902,1106,,,1,72,,3903,1226,,,1,30,,3904,1226,,,1,70,,3905,1226,,,1,30,,3906,1226,,,1,70,,3907,1229,,,1,30,,3908,1229,,,1,70,,3909,1229,,,1,29,,3910,1162,,,1,70,,3911,1162,,,1,30,,3912,1162,,,1,70,,3913,1162,,,1,28,,3914,1042,,,1,70,,3915,1042,,,1,30,,3916,1042,,,1,70,,3917,1042,,,1,30,,3918,1046,,,1
6500,'3',637,,3919,1106,,,1,70,,3920,1106,,,1,30,,3921,1106,,,1,70,,3922,1106,,,1,30,,3923,1106,,,1,70,,3924,1106,,,1,30,,3925,1106,,,1,70,,3926,1106,,,1,29,,3927,1046,,,1,70,,3928,1046,,,1,30,,3929,1046,,,1,70,,3930,1046,,,1,31,,3931,1106,,,1,70,,3932,1106,,,1,30,,3933,1106,,,1,70,,3934,1106,,,1,30,,3935,1106,,,1,72,,3936,1226,,,1,30,,3937,1226,,,1,70,,3938,1226,,,1,30,,3939,1226,,,1,70,,3940,1229,,,1,30,,3941,1229,,,1,70,,3942,1229,,,1,29,,3943,1162,,,1,70,,3944,1162,,,1,30,,3945,1162,,,1,70,,3946,1162,,,1,28,,3947,1042,,,1,70,,3948,1042,,,1,30,,3949,1042,,,1,70,,3950,1042,,,1,30,,3951,1046,,,1
6500,'4',637,,3952,1106,,,1,70,,3953,1106,,,1,30,,3954,1106,,,1,70,,3955,1106,,,1,30,,3956,1106,,,1,70,,3957,1106,,,1,30,,3958,1106,,,1,70,,3959,1106,,,1,29,,3960,1046,,,1,70,,3961,1046,,,1,30,,3962,1046,,,1,70,,3963,1046,,,1,31,,3964,1106,,,1,70,,3965,1106,,,1,30,,3966,1106,,,1,70,,3967,1106,,,1,30,,3968,1106,,,1,72,,3969,1226,,,1,30,,3970,1226,,,1,70,,3971,1226,,,1,30,,3972,1226,,,1,70,,3973,1229,,,1,30,,3974,1229,,,1,70,,3975,1229,,,1,29,,3976,1162,,,1,70,,3977,1162,,,1,30,,3978,1162,,,1,70,,3979,1162,,,1,28,,3980,1042,,,1,70,,3981,1042,,,1,30,,3982,1042,,,1,70,,3983,1042,,,1,30,,3984,1046,,,1
6500,'5',637,,3985,1106,,,1,70,,3986,1106,,,1,30,,3987,1106,,,1,70,,3988,1106,,,1,30,,3989,1106,,,1,70,,3990,1106,,,1,30,,3991,1106,,,1,70,,3992,1106,,,1,29,,3993,1046,,,1,70,,3994,1046,,,1,30,,3995,1046,,,1,70,,3996,1046,,,1,31,,3997,1106,,,1,70,,3998,1106,,,1,30,,3999,1106,,,1,70,,4000,1106,,,1,30,,4001,1106,,,1,72,,4002,1226,,,1,30,,4003,1226,,,1,70,,4004,1226,,,1,30,,4005,1226,,,1,70,,4006,1229,,,1,30,,4007,1229,,,1,70,,4008,1229,,,1,29,,4009,1162,,,1,70,,4010,1162,,,1,30,,4011,1162,,,1,70,,4012,1162,,,1,28,,4013,1042,,,1,70,,4014,1042,,,1,30,,4015,1042,,,1,70,,4016,1042,,,1,30,,4017,1046,,,1
6500,'6',637,,4018,1106,,,1,70,,4019,1106,,,1,30,,4020,1106,,,1,70,,4021,1106,,,1,30,,4022,1106,,,1,70,,4023,1106,,,1,30,,4024,1106,,,1,70,,4025,1106,,,1,29,,4026,1046,,,1,70,,4027,1046,,,1,30,,4028,1046,,,1,70,,4029,1046,,,1,31,,4030,1106,,,1,70,,4031,1106,,,1,30,,4032,1106,,,1,70,,4033,1106,,,1,30,,4034,1106,,,1,72,,4035,1226,,,1,30,,4036,1226,,,1,70,,4037,1226,,,1,30,,4038,1226,,,1,70,,4039,1229,,,1,30,,4040,1229,,,1,70,,4041,1229,,,1,29,,4042,1162,,,1,70,,4043,1162,,,1,30,,4044,1162,,,1,70,,4045,1162,,,1,28,,4046,1042,,,1,70,,4047,1042,,,1,30,,4048,1042,,,1,70,,4049,1042,,,1,30,,4050,1046,,,1
6500,'9',815,,4051,1042,,,1,100,,4052,1042,,,1,100,,4053,1042,,,1,100,,4054,1042,,,1,101,,4055,1102,,,1,100,,4056,1102,,,1,100,,4057,1102,,,1,100,,4058,1102,,,1,102,,4059,1222,,,1,100,,4060,1222,,,1,100,,4061,1222,,,1,100,,4062,1222,,,1
