1001,'2',628,,319,,,1,15,,320,,,1,15,,321,,,1,55,,322,,,1,15,,323,,,1,15,,324,,,1,59,,325,,,1,15,,326,,,1,15,,327,,,1,15,,328,,,1,55,,329,,,1,15,,330,,,1,15,,331,,,1,15,,332,,,1,55,,333,,,1,15,,334,,,1,14,,335,,,1,15,,336,,,1,55,,337,,,1,15,,338,,,1,15,,339,,,1,15,,340,,,1,55,,341,,,1,15,,342,,,1,15,,343,,,1,15,,344,,,1,55,,345,,,1,15,,346,,,1,15,,347,,,1,16,,348,,,1,56,,349,,,1,15,,350,,,1,16,,351,,,1,17,,352,,,1,56,,353,,,1,16,,354,,,1,16,,355,,,1,16,,356,,,1,56,,357,,,1,16,,358,,,1,16,,359,,,1,15,,360,,,1,56,,361,,,1,16,,362,,,1,16,,363,,,1,55,,364,,,1,15,,365,,,1,13,,366,,,1,15,,367,,,1,15,,368,,,1,55,,369,,,1,15,,370,,,1,30,,371,,,1,68,,372,,,1,30,,373,,,1,70,,374,,,1,31,,375,,,1,70,,376,,,1,84,,377,,,1
1001,'3',628,,378,,,1,15,,379,,,1,15,,380,,,1,55,,381,,,1,15,,382,,,1,15,,383,,,1,59,,384,,,1,15,,385,,,1,15,,386,,,1,15,,387,,,1,55,,388,,,1,15,,389,,,1,15,,390,,,1,15,,391,,,1,55,,392,,,1,15,,393,,,1,14,,394,,,1,15,,395,,,1,55,,396,,,1,15,,397,,,1,15,,398,,,1,15,,399,,,1,55,,400,,,1,15,,401,,,1,15,,402,,,1,15,,403,,,1,55,,404,,,1,15,,405,,,1,15,,406,,,1,16,,407,,,1,56,,408,,,1,15,,409,,,1,16,,410,,,1,17,,411,,,1,56,,412,,,1,16,,413,,,1,16,,414,,,1,16,,415,,,1,56,,416,,,1,16,,417,,,1,16,,418,,,1,15,,419,,,1,56,,420,,,1,16,,421,,,1,16,,422,,,1,55,,423,,,1,15,,424,,,1,13,,425,,,1,15,,426,,,1,15,,427,,,1,55,,428,,,1,15,,429,,,1,30,,430,,,1,68,,431,,,1,30,,432,,,1,70,,433,,,1,31,,434,,,1,70,,435,,,1,84,,436,,,1
1001,'4',628,,437,,,1,15,,438,,,1,15,,439,,,1,55,,440,,,1,15,,441,,,1,15,,442,,,1,59,,443,,,1,15,,444,,,1,15,,445,,,1,15,,446,,,1,55,,447,,,1,15,,448,,,1,15,,449,,,1,15,,450,,,1,55,,451,,,1,15,,452,,,1,14,,453,,,1,15,,454,,,1,55,,455,,,1,15,,456,,,1,15,,457,,,1,15,,458,,,1,55,,459,,,1,15,,460,,,1,15,,461,,,1,15,,462,,,1,55,,463,,,1,15,,464,,,1,15,,465,,,1,16,,466,,,1,56,,467,,,1,15,,468,,,1,16,,469,,,1,17,,470,,,1,56,,471,,,1,16,,472,,,1,16,,473,,,1,16,,474,,,1,56,,475,,,1,16,,476,,,1,16,,477,,,1,15,,478,,,1,56,,479,,,1,16,,480,,,1,16,,481,,,1,55,,482,,,1,15,,483,,,1,13,,484,,,1,15,,485,,,1,15,,486,,,1,55,,487,,,1,15,,488,,,1,30,,489,,,1,68,,490,,,1,30,,491,,,1,70,,492,,,1,31,,493,,,1,70,,494,,,1,84,,495,,,1
1001,'5',628,,496,,,1,15,,497,,,1,15,,498,,,1,55,,499,,,1,15,,500,,,1,15,,501,,,1,59,,502,,,1,15,,503,,,1,15,,504,,,1,15,,505,,,1,55,,506,,,1,15,,507,,,1,15,,508,,,1,15,,509,,,1,55,,510,,,1,15,,511,,,1,14,,512,,,1,15,,513,,,1,55,,514,,,1,15,,515,,,1,15,,516,,,1,15,,517,,,1,55,,518,,,1,15,,519,,,1,15,,520,,,1,15,,521,,,1,55,,522,,,1,15,,523,,,1,15,,524,,,1,16,,525,,,1,56,,526,,,1,15,,527,,,1,16,,528,,,1,17,,529,,,1,56,,530,,,1,16,,531,,,1,16,,532,,,1,16,,533,,,1,56,,534,,,1,16,,535,,,1,16,,536,,,1,15,,537,,,1,56,,538,,,1,16,,539,,,1,16,,540,,,1,55,,541,,,1,15,,542,,,1,13,,543,,,1,15,,544,,,1,15,,545,,,1,55,,546,,,1,15,,547,,,1,30,,548,,,1,68,,549,,,1,30,,550,,,1,70,,551,,,1,31,,552,,,1,70,,553,,,1,84,,554,,,1
1001,'6',628,,555,,,1,15,,556,,,1,15,,557,,,1,55,,558,,,1,15,,559,,,1,15,,560,,,1,59,,561,,,1,15,,562,,,1,15,,563,,,1,15,,564,,,1,55,,565,,,1,15,,566,,,1,15,,567,,,1,15,,568,,,1,55,,569,,,1,15,,570,,,1,14,,571,,,1,15,,572,,,1,55,,573,,,1,15,,574,,,1,15,,575,,,1,15,,576,,,1,55,,577,,,1,15,,578,,,1,15,,579,,,1,15,,580,,,1,55,,581,,,1,15,,582,,,1,15,,583,,,1,16,,584,,,1,56,,585,,,1,15,,586,,,1,16,,587,,,1,17,,588,,,1,56,,589,,,1,16,,590,,,1,16,,591,,,1,16,,592,,,1,56,,593,,,1,16,,594,,,1,16,,595,,,1,15,,596,,,1,56,,597,,,1,16,,598,,,1,16,,599,,,1,55,,600,,,1,15,,601,,,1,13,,602,,,1,15,,603,,,1,15,,604,,,1,55,,605,,,1,15,,606,,,1,30,,607,,,1,68,,608,,,1,30,,609,,,1,70,,610,,,1,31,,611,,,1,70,,612,,,1,84,,613,,,1
1001,'9',836,,614,,,1,70,,615,,,1,30,,616,,,1,70,,617,,,1,30,,618,,,1,70,,619,,,1,31,,620,,,1,70,,621,,,1,30,,622,,,1,70,,623,,,1,30,,624,,,1,70,,625,,,1,30,,626,,,1,70,,627,,,1,29,,628,,,1,70,,629,,,1,30,,630,,,1,70,,631,,,1,30,,632,,,1,70,,633,,,1,30,,634,,,1,70,,635,,,1,31,,636,,,1
5501,'2',622,,3714,,,1,30,,3715,,,1,70,,3716,,,1,30,,3717,,,1,70,,3718,,,1,30,,3719,,,1,70,,3720,,,1,30,,3721,,,1,71,,3722,,,1,30,,3723,,,1,70,,3724,,,1,30,,3725,,,1,70,,3726,,,1,30,,3727,,,1,69,,3728,,,1,29,,3729,,,1,70,,3730,,,1,29,,3731,,,1,70,,3732,,,1,30,,3733,,,1,70,,3734,,,1,31,,3735,,,1,71,,3736,,,1,31,,3737,,,1,70,,3738,,,1,30,,3739,,,1,70,,3740,,,1,30,,3741,,,1,69,,3742,,,1,30,,3743,,,1,70,,3744,,,1,30,,3745,,,1
5501,'3',622,,3746,,,1,30,,3747,,,1,70,,3748,,,1,30,,3749,,,1,70,,3750,,,1,30,,3751,,,1,70,,3752,,,1,30,,3753,,,1,71,,3754,,,1,30,,3755,,,1,70,,3756,,,1,30,,3757,,,1,70,,3758,,,1,30,,3759,,,1,69,,3760,,,1,29,,3761,,,1,70,,3762,,,1,29,,3763,,,1,70,,3764,,,1,30,,3765,,,1,70,,3766,,,1,31,,3767,,,1,71,,3768,,,1,31,,3769,,,1,70,,3770,,,1,30,,3771,,,1,70,,3772,,,1,30,,3773,,,1,69,,3774,,,1,30,,3775,,,1,70,,3776,,,1,30,,3777,,,1
5501,'4',622,,3778,,,1,30,,3779,,,1,70,,3780,,,1,30,,3781,,,1,70,,3782,,,1,30,,3783,,,1,70,,3784,,,1,30,,3785,,,1,71,,3786,,,1,30,,3787,,,1,70,,3788,,,1,30,,3789,,,1,70,,3790,,,1,30,,3791,,,1,69,,3792,,,1,29,,3793,,,1,70,,3794,,,1,29,,3795,,,1,70,,3796,,,1,30,,3797,,,1,70,,3798,,,1,31,,3799,,,1,71,,3800,,,1,31,,3801,,,1,70,,3802,,,1,30,,3803,,,1,70,,3804,,,1,30,,3805,,,1,69,,3806,,,1,30,,3807,,,1,70,,3808,,,1,30,,3809,,,1
5501,'5',622,,3810,,,1,30,,3811,,,1,70,,3812,,,1,30,,3813,,,1,70,,3814,,,1,30,,3815,,,1,70,,3816,,,1,30,,3817,,,1,71,,3818,,,1,30,,3819,,,1,70,,3820,,,1,30,,3821,,,1,70,,3822,,,1,30,,3823,,,1,69,,3824,,,1,29,,3825,,,1,70,,3826,,,1,29,,3827,,,1,70,,3828,,,1,30,,3829,,,1,70,,3830,,,1,31,,3831,,,1,71,,3832,,,1,31,,3833,,,1,70,,3834,,,1,30,,3835,,,1,70,,3836,,,1,30,,3837,,,1,69,,3838,,,1,30,,3839,,,1,70,,3840,,,1,30,,3841,,,1
5501,'6',622,,3842,,,1,30,,3843,,,1,70,,3844,,,1,30,,3845,,,1,70,,3846,,,1,30,,3847,,,1,70,,3848,,,1,30,,3849,,,1,71,,3850,,,1,30,,3851,,,1,70,,3852,,,1,30,,3853,,,1,70,,3854,,,1,30,,3855,,,1,69,,3856,,,1,29,,3857,,,1,70,,3858,,,1,29,,3859,,,1,70,,3860,,,1,30,,3861,,,1,70,,3862,,,1,31,,3863,,,1,71,,3864,,,1,31,,3865,,,1,70,,3866,,,1,30,,3867,,,1,70,,3868,,,1,30,,3869,,,1,69,,3870,,,1,30,,3871,,,1,70,,3872,,,1,30,,3873,,,1
5501,'9',832,,3874,,,1,100,,3875,,,1,100,,3876,,,1,99,,3877,,,1,100,,3878,,,1,100,,3879,,,1,100,,3880,,,1,100,,3881,,,1,100,,3882,,,1,100,,3883,,,1,100,,3884,,,1,100,,3885,,,1
