1100,'2',629,,637,175,,,1,102,,638,243,,,1,100,,639,243,,,1,100,,640,243,,,1,100,,641,243,,,1,102,,642,243,,,1,98,,643,251,,,1,100,,644,251,,,1,100,,645,260,,,1,102,,646,260,,,1,102,,647,251,,,1,96,,648,251,,,1,100,,649,243,,,1,102,,650,243,,,1,99,,651,235,,,1,100,,652,235,,,1
1100,'3',629,,653,175,,,1,102,,654,243,,,1,100,,655,243,,,1,100,,656,243,,,1,100,,657,243,,,1,102,,658,243,,,1,98,,659,251,,,1,100,,660,251,,,1,100,,661,260,,,1,102,,662,260,,,1,102,,663,251,,,1,96,,664,251,,,1,100,,665,243,,,1,102,,666,243,,,1,99,,667,235,,,1,100,,668,235,,,1
1100,'4',629,,669,175,,,1,102,,670,243,,,1,100,,671,243,,,1,100,,672,243,,,1,100,,673,243,,,1,102,,674,243,,,1,98,,675,251,,,1,100,,676,251,,,1,100,,677,260,,,1,102,,678,260,,,1,102,,679,251,,,1,96,,680,251,,,1,100,,681,243,,,1,102,,682,243,,,1,99,,683,235,,,1,100,,684,235,,,1
1100,'5',629,,685,175,,,1,102,,686,243,,,1,100,,687,243,,,1,100,,688,243,,,1,100,,689,243,,,1,102,,690,243,,,1,98,,691,251,,,1,100,,692,251,,,1,100,,693,260,,,1,102,,694,260,,,1,102,,695,251,,,1,96,,696,251,,,1,100,,697,243,,,1,102,,698,243,,,1,99,,699,235,,,1,100,,700,235,,,1
1100,'6',629,,701,175,,,1,102,,702,243,,,1,100,,703,243,,,1,100,,704,243,,,1,100,,705,243,,,1,102,,706,243,,,1,98,,707,251,,,1,100,,708,251,,,1,100,,709,260,,,1,102,,710,260,,,1,102,,711,251,,,1,96,,712,251,,,1,100,,713,243,,,1,102,,714,243,,,1,99,,715,235,,,1,100,,716,235,,,1
1100,'9',810,,717,175,,,1,100,,718,175,,,1,100,,719,175,,,1,101,,720,235,,,1,100,,721,235,,,1,100,,722,235,,,1,100,,723,235,,,1,100,,724,235,,,1,100,,725,235,,,1,100,,726,235,,,1,100,,727,235,,,1,100,,728,235,,,1
3000,'2',608,,1856,205,,,1,15,,1857,205,,,1,15,,1858,205,,,1,15,,1859,205,,,1,55,,1860,205,,,1,15,,1861,205,,,1,15,,1862,213,,,1,16,,1863,213,,,1,56,,1864,213,,,1,16,,1865,213,,,1,16,,1866,213,,,1,16,,1867,213,,,1,56,,1868,213,,,1,16,,1869,213,,,1,16,,1870,213,,,1,56,,1871,213,,,1,16,,1872,213,,,1,15,,1873,213,,,1,15,,1874,213,,,1,55,,1875,213,,,1,15,,1876,213,,,1,15,,1877,213,,,1,15,,1878,213,,,1,55,,1879,213,,,1,15,,1880,222,,,1,15,,1881,222,,,1,15,,1882,222,,,1,55,,1883,222,,,1,15,,1884,222,,,1,16,,1885,222,,,1,15,,1886,222,,,1,55,,1887,222,,,1,15,,1888,222,,,1,15,,1889,230,,,1,16,,1890,230,,,1,56,,1891,230,,,1,16,,1892,230,,,1,16,,1893,230,,,1,16,,1894,230,,,1,56,,1895,230,,,1,16,,1896,230,,,1,16,,1897,230,,,1,16,,1898,230,,,1,56,,1899,230,,,1,15,,1900,230,,,1,15,,1901,230,,,1,15,,1902,230,,,1,55,,1903,213,,,1,15,,1904,213,,,1,15,,1905,213,,,1,15,,1906,213,,,1,55,,1907,213,,,1,30,,1908,213,,,1,70,,1909,205,,,1,30,,1910,205,,,1,70,,1911,205,,,1,30,,1912,205,,,1,70,,1913,196,,,1,100,,1914,196,,,1
3000,'3',608,,1915,205,,,1,15,,1916,205,,,1,15,,1917,205,,,1,15,,1918,205,,,1,55,,1919,205,,,1,15,,1920,205,,,1,15,,1921,213,,,1,16,,1922,213,,,1,56,,1923,213,,,1,16,,1924,213,,,1,16,,1925,213,,,1,16,,1926,213,,,1,56,,1927,213,,,1,16,,1928,213,,,1,16,,1929,213,,,1,56,,1930,213,,,1,16,,1931,213,,,1,15,,1932,213,,,1,15,,1933,213,,,1,55,,1934,213,,,1,15,,1935,213,,,1,15,,1936,213,,,1,15,,1937,213,,,1,55,,1938,213,,,1,15,,1939,222,,,1,15,,1940,222,,,1,15,,1941,222,,,1,55,,1942,222,,,1,15,,1943,222,,,1,16,,1944,222,,,1,15,,1945,222,,,1,55,,1946,222,,,1,15,,1947,222,,,1,15,,1948,230,,,1,16,,1949,230,,,1,56,,1950,230,,,1,16,,1951,230,,,1,16,,1952,230,,,1,16,,1953,230,,,1,56,,1954,230,,,1,16,,1955,230,,,1,16,,1956,230,,,1,16,,1957,230,,,1,56,,1958,230,,,1,15,,1959,230,,,1,15,,1960,230,,,1,15,,1961,230,,,1,55,,1962,213,,,1,15,,1963,213,,,1,15,,1964,213,,,1,15,,1965,213,,,1,55,,1966,213,,,1,30,,1967,213,,,1,70,,1968,205,,,1,30,,1969,205,,,1,70,,1970,205,,,1,30,,1971,205,,,1,70,,1972,196,,,1,100,,1973,196,,,1
3000,'4',608,,1974,205,,,1,15,,1975,205,,,1,15,,1976,205,,,1,15,,1977,205,,,1,55,,1978,205,,,1,15,,1979,205,,,1,15,,1980,213,,,1,16,,1981,213,,,1,56,,1982,213,,,1,16,,1983,213,,,1,16,,1984,213,,,1,16,,1985,213,,,1,56,,1986,213,,,1,16,,1987,213,,,1,16,,1988,213,,,1,56,,1989,213,,,1,16,,1990,213,,,1,15,,1991,213,,,1,15,,1992,213,,,1,55,,1993,213,,,1,15,,1994,213,,,1,15,,1995,213,,,1,15,,1996,213,,,1,55,,1997,213,,,1,15,,1998,222,,,1,15,,1999,222,,,1,15,,2000,222,,,1,55,,2001,222,,,1,15,,2002,222,,,1,16,,2003,222,,,1,15,,2004,222,,,1,55,,2005,222,,,1,15,,2006,222,,,1,15,,2007,230,,,1,16,,2008,230,,,1,56,,2009,230,,,1,16,,2010,230,,,1,16,,2011,230,,,1,16,,2012,230,,,1,56,,2013,230,,,1,16,,2014,230,,,1,16,,2015,230,,,1,16,,2016,230,,,1,56,,2017,230,,,1,15,,2018,230,,,1,15,,2019,230,,,1,15,,2020,230,,,1,55,,2021,213,,,1,15,,2022,213,,,1,15,,2023,213,,,1,15,,2024,213,,,1,55,,2025,213,,,1,30,,2026,213,,,1,70,,2027,205,,,1,30,,2028,205,,,1,70,,2029,205,,,1,30,,2030,205,,,1,70,,2031,196,,,1,100,,2032,196,,,1
3000,'5',608,,2033,205,,,1,15,,2034,205,,,1,15,,2035,205,,,1,15,,2036,205,,,1,55,,2037,205,,,1,15,,2038,205,,,1,15,,2039,213,,,1,16,,2040,213,,,1,56,,2041,213,,,1,16,,2042,213,,,1,16,,2043,213,,,1,16,,2044,213,,,1,56,,2045,213,,,1,16,,2046,213,,,1,16,,2047,213,,,1,56,,2048,213,,,1,16,,2049,213,,,1,15,,2050,213,,,1,15,,2051,213,,,1,55,,2052,213,,,1,15,,2053,213,,,1,15,,2054,213,,,1,15,,2055,213,,,1,55,,2056,213,,,1,15,,2057,222,,,1,15,,2058,222,,,1,15,,2059,222,,,1,55,,2060,222,,,1,15,,2061,222,,,1,16,,2062,222,,,1,15,,2063,222,,,1,55,,2064,222,,,1,15,,2065,222,,,1,15,,2066,230,,,1,16,,2067,230,,,1,56,,2068,230,,,1,16,,2069,230,,,1,16,,2070,230,,,1,16,,2071,230,,,1,56,,2072,230,,,1,16,,2073,230,,,1,16,,2074,230,,,1,16,,2075,230,,,1,56,,2076,230,,,1,15,,2077,230,,,1,15,,2078,230,,,1,15,,2079,230,,,1,55,,2080,213,,,1,15,,2081,213,,,1,15,,2082,213,,,1,15,,2083,213,,,1,55,,2084,213,,,1,30,,2085,213,,,1,70,,2086,205,,,1,30,,2087,205,,,1,70,,2088,205,,,1,30,,2089,205,,,1,70,,2090,196,,,1,100,,2091,196,,,1
3000,'6',608,,2092,205,,,1,15,,2093,205,,,1,15,,2094,205,,,1,15,,2095,205,,,1,55,,2096,205,,,1,15,,2097,205,,,1,15,,2098,213,,,1,16,,2099,213,,,1,56,,2100,213,,,1,16,,2101,213,,,1,16,,2102,213,,,1,16,,2103,213,,,1,56,,2104,213,,,1,16,,2105,213,,,1,16,,2106,213,,,1,56,,2107,213,,,1,16,,2108,213,,,1,15,,2109,213,,,1,15,,2110,213,,,1,55,,2111,213,,,1,15,,2112,213,,,1,15,,2113,213,,,1,15,,2114,213,,,1,55,,2115,213,,,1,15,,2116,222,,,1,15,,2117,222,,,1,15,,2118,222,,,1,55,,2119,222,,,1,15,,2120,222,,,1,16,,2121,222,,,1,15,,2122,222,,,1,55,,2123,222,,,1,15,,2124,222,,,1,15,,2125,230,,,1,16,,2126,230,,,1,56,,2127,230,,,1,16,,2128,230,,,1,16,,2129,230,,,1,16,,2130,230,,,1,56,,2131,230,,,1,16,,2132,230,,,1,16,,2133,230,,,1,16,,2134,230,,,1,56,,2135,230,,,1,15,,2136,230,,,1,15,,2137,230,,,1,15,,2138,230,,,1,55,,2139,213,,,1,15,,2140,213,,,1,15,,2141,213,,,1,15,,2142,213,,,1,55,,2143,213,,,1,30,,2144,213,,,1,70,,2145,205,,,1,30,,2146,205,,,1,70,,2147,205,,,1,30,,2148,205,,,1,70,,2149,196,,,1,100,,2150,196,,,1
3000,'9',755,,2151,205,,,1,70,,2152,205,,,1,30,,2153,205,,,1,70,,2154,205,,,1,30,,2155,205,,,1,70,,2156,205,,,1,30,,2157,205,,,1,70,,2158,213,,,1,30,,2159,213,,,1,70,,2160,213,,,1,30,,2161,213,,,1,70,,2162,213,,,1,30,,2163,213,,,1,70,,2164,213,,,1,30,,2165,213,,,1,70,,2166,213,,,1,30,,2167,213,,,1,70,,2168,213,,,1,30,,2169,213,,,1,70,,2170,213,,,1,30,,2171,213,,,1,70,,2172,213,,,1,30,,2173,213,,,1,70,,2174,213,,,1
