1000,'2-v13',643,,1,,,1,15,,2,,,1,55,,3,,,1,15,,4,,,1,15,,5,,,1,15,,6,,,1,59,,7,,,1,15,,8,,,1,15,,9,,,1,55,,10,,,1,15,,11,,,1,15,,12,,,1,15,,13,,,1,55,,14,,,1,15,,15,,,1,15,,16,,,1,13,,17,,,1,55,,18,,,1,15,,19,,,1,15,,20,,,1,15,,21,,,1,55,,22,,,1,15,,23,,,1,15,,24,,,1,16,,25,,,1,55,,26,,,1,15,,27,,,1,15,,28,,,1,15,,29,,,1,55,,30,,,1,15,,31,,,1,15,,32,,,1,15,,33,,,1,61,,34,,,1,16,,35,,,1,16,,36,,,1,16,,37,,,1,56,,38,,,1,16,,39,,,1,16,,40,,,1,16,,41,,,1,56,,42,,,1,12,,43,,,1,16,,44,,,1,16,,45,,,1,56,,46,,,1,16,,47,,,1,12,,48,,,1,16,,49,,,1,55,,50,,,1,15,,51,,,1,15,,52,,,1,70,,53,,,1,27,,54,,,1,70,,55,,,1,30,,56,,,1,70,,57,,,1,27,,58,,,1,100,,59,,,1
1000,'3-v13',643,,60,,,1,15,,61,,,1,55,,62,,,1,15,,63,,,1,15,,64,,,1,15,,65,,,1,59,,66,,,1,15,,67,,,1,15,,68,,,1,55,,69,,,1,15,,70,,,1,15,,71,,,1,15,,72,,,1,55,,73,,,1,15,,74,,,1,15,,75,,,1,13,,76,,,1,55,,77,,,1,15,,78,,,1,15,,79,,,1,15,,80,,,1,55,,81,,,1,15,,82,,,1,15,,83,,,1,16,,84,,,1,55,,85,,,1,15,,86,,,1,15,,87,,,1,15,,88,,,1,55,,89,,,1,15,,90,,,1,15,,91,,,1,15,,92,,,1,61,,93,,,1,16,,94,,,1,16,,95,,,1,16,,96,,,1,56,,97,,,1,16,,98,,,1,16,,99,,,1,16,,100,,,1,56,,101,,,1,12,,102,,,1,16,,103,,,1,16,,104,,,1,56,,105,,,1,16,,106,,,1,12,,107,,,1,16,,108,,,1,55,,109,,,1,15,,110,,,1,15,,111,,,1,70,,112,,,1,27,,113,,,1,70,,114,,,1,30,,115,,,1,70,,116,,,1,27,,117,,,1,100,,118,,,1
1000,'4-v13',643,,119,,,1,15,,120,,,1,55,,121,,,1,15,,122,,,1,15,,123,,,1,15,,124,,,1,59,,125,,,1,15,,126,,,1,15,,127,,,1,55,,128,,,1,15,,129,,,1,15,,130,,,1,15,,131,,,1,55,,132,,,1,15,,133,,,1,15,,134,,,1,13,,135,,,1,55,,136,,,1,15,,137,,,1,15,,138,,,1,15,,139,,,1,55,,140,,,1,15,,141,,,1,15,,142,,,1,16,,143,,,1,55,,144,,,1,15,,145,,,1,15,,146,,,1,15,,147,,,1,55,,148,,,1,15,,149,,,1,15,,150,,,1,15,,151,,,1,61,,152,,,1,16,,153,,,1,16,,154,,,1,16,,155,,,1,56,,156,,,1,16,,157,,,1,16,,158,,,1,16,,159,,,1,56,,160,,,1,12,,161,,,1,16,,162,,,1,16,,163,,,1,56,,164,,,1,16,,165,,,1,12,,166,,,1,16,,167,,,1,55,,168,,,1,15,,169,,,1,15,,170,,,1,70,,171,,,1,27,,172,,,1,70,,173,,,1,30,,174,,,1,70,,175,,,1,27,,176,,,1,100,,177,,,1
1000,'5-v13',643,,178,,,1,15,,179,,,1,55,,180,,,1,15,,181,,,1,15,,182,,,1,15,,183,,,1,59,,184,,,1,15,,185,,,1,15,,186,,,1,55,,187,,,1,15,,188,,,1,15,,189,,,1,15,,190,,,1,55,,191,,,1,15,,192,,,1,15,,193,,,1,13,,194,,,1,55,,195,,,1,15,,196,,,1,15,,197,,,1,15,,198,,,1,55,,199,,,1,15,,200,,,1,15,,201,,,1,16,,202,,,1,55,,203,,,1,15,,204,,,1,15,,205,,,1,15,,206,,,1,55,,207,,,1,15,,208,,,1,15,,209,,,1,15,,210,,,1,61,,211,,,1,16,,212,,,1,16,,213,,,1,16,,214,,,1,56,,215,,,1,16,,216,,,1,16,,217,,,1,16,,218,,,1,56,,219,,,1,12,,220,,,1,16,,221,,,1,16,,222,,,1,56,,223,,,1,16,,224,,,1,12,,225,,,1,16,,226,,,1,55,,227,,,1,15,,228,,,1,15,,229,,,1,70,,230,,,1,27,,231,,,1,70,,232,,,1,30,,233,,,1,70,,234,,,1,27,,235,,,1,100,,236,,,1
1000,'6-v13',643,,237,,,1,15,,238,,,1,55,,239,,,1,15,,240,,,1,15,,241,,,1,15,,242,,,1,59,,243,,,1,15,,244,,,1,15,,245,,,1,55,,246,,,1,15,,247,,,1,15,,248,,,1,15,,249,,,1,55,,250,,,1,15,,251,,,1,15,,252,,,1,13,,253,,,1,55,,254,,,1,15,,255,,,1,15,,256,,,1,15,,257,,,1,55,,258,,,1,15,,259,,,1,15,,260,,,1,16,,261,,,1,55,,262,,,1,15,,263,,,1,15,,264,,,1,15,,265,,,1,55,,266,,,1,15,,267,,,1,15,,268,,,1,15,,269,,,1,61,,270,,,1,16,,271,,,1,16,,272,,,1,16,,273,,,1,56,,274,,,1,16,,275,,,1,16,,276,,,1,16,,277,,,1,56,,278,,,1,12,,279,,,1,16,,280,,,1,16,,281,,,1,56,,282,,,1,16,,283,,,1,12,,284,,,1,16,,285,,,1,55,,286,,,1,15,,287,,,1,15,,288,,,1,70,,289,,,1,27,,290,,,1,70,,291,,,1,30,,292,,,1,70,,293,,,1,27,,294,,,1,100,,295,,,1
1000,'9-v13',836,,296,,,1,70,,297,,,1,30,,298,,,1,70,,299,,,1,30,,300,,,1,70,,301,,,1,30,,302,,,1,72,,303,,,1,30,,304,,,1,70,,305,,,1,30,,306,,,1,70,,307,,,1,30,,308,,,1,70,,309,,,1,30,,310,,,1,71,,311,,,1,30,,312,,,1,70,,313,,,1,30,,314,,,1,70,,315,,,1,30,,316,,,1,70,,317,,,1,100,,318,,,1
2500,'2-v13',638,,1462,,,1,70,,1463,,,1,30,,1464,,,1,75,,1465,,,1,29,,1466,,,1,69,,1467,,,1,29,,1468,,,1,69,,1469,,,1,26,,1470,,,1,69,,1471,,,1,29,,1472,,,1,69,,1473,,,1,29,,1474,,,1,70,,1475,,,1,31,,1476,,,1,70,,1477,,,1,29,,1478,,,1,28,,1479,,,1,73,,1480,,,1,71,,1481,,,1,31,,1482,,,1,71,,1483,,,1,33,,1484,,,1,70,,1485,,,1,31,,1486,,,1,63,,1487,,,1,30,,1488,,,1,70,,1489,,,1,30,,1490,,,1,26,,1491,,,1,70,,1492,,,1,30,,1493,,,1,70,,1494,,,1,29,,1495,,,1,78,,1496,,,1
2500,'3-v13',638,,1497,,,1,70,,1498,,,1,30,,1499,,,1,75,,1500,,,1,29,,1501,,,1,69,,1502,,,1,29,,1503,,,1,69,,1504,,,1,26,,1505,,,1,69,,1506,,,1,29,,1507,,,1,69,,1508,,,1,29,,1509,,,1,70,,1510,,,1,31,,1511,,,1,70,,1512,,,1,29,,1513,,,1,28,,1514,,,1,73,,1515,,,1,71,,1516,,,1,31,,1517,,,1,71,,1518,,,1,33,,1519,,,1,70,,1520,,,1,31,,1521,,,1,63,,1522,,,1,30,,1523,,,1,70,,1524,,,1,30,,1525,,,1,26,,1526,,,1,70,,1527,,,1,30,,1528,,,1,70,,1529,,,1,29,,1530,,,1,78,,1531,,,1
2500,'4-v13',638,,1532,,,1,70,,1533,,,1,30,,1534,,,1,75,,1535,,,1,29,,1536,,,1,69,,1537,,,1,29,,1538,,,1,69,,1539,,,1,26,,1540,,,1,69,,1541,,,1,29,,1542,,,1,69,,1543,,,1,29,,1544,,,1,70,,1545,,,1,31,,1546,,,1,70,,1547,,,1,29,,1548,,,1,28,,1549,,,1,73,,1550,,,1,71,,1551,,,1,31,,1552,,,1,71,,1553,,,1,33,,1554,,,1,70,,1555,,,1,31,,1556,,,1,63,,1557,,,1,30,,1558,,,1,70,,1559,,,1,30,,1560,,,1,26,,1561,,,1,70,,1562,,,1,30,,1563,,,1,70,,1564,,,1,29,,1565,,,1,78,,1566,,,1
2500,'5-v13',638,,1567,,,1,70,,1568,,,1,30,,1569,,,1,75,,1570,,,1,29,,1571,,,1,69,,1572,,,1,29,,1573,,,1,69,,1574,,,1,26,,1575,,,1,69,,1576,,,1,29,,1577,,,1,69,,1578,,,1,29,,1579,,,1,70,,1580,,,1,31,,1581,,,1,70,,1582,,,1,29,,1583,,,1,28,,1584,,,1,73,,1585,,,1,71,,1586,,,1,31,,1587,,,1,71,,1588,,,1,33,,1589,,,1,70,,1590,,,1,31,,1591,,,1,63,,1592,,,1,30,,1593,,,1,70,,1594,,,1,30,,1595,,,1,26,,1596,,,1,70,,1597,,,1,30,,1598,,,1,70,,1599,,,1,29,,1600,,,1,78,,1601,,,1
2500,'6-v13',638,,1602,,,1,70,,1603,,,1,30,,1604,,,1,75,,1605,,,1,29,,1606,,,1,69,,1607,,,1,29,,1608,,,1,69,,1609,,,1,26,,1610,,,1,69,,1611,,,1,29,,1612,,,1,69,,1613,,,1,29,,1614,,,1,70,,1615,,,1,31,,1616,,,1,70,,1617,,,1,29,,1618,,,1,28,,1619,,,1,73,,1620,,,1,71,,1621,,,1,31,,1622,,,1,71,,1623,,,1,33,,1624,,,1,70,,1625,,,1,31,,1626,,,1,63,,1627,,,1,30,,1628,,,1,70,,1629,,,1,30,,1630,,,1,26,,1631,,,1,70,,1632,,,1,30,,1633,,,1,70,,1634,,,1,29,,1635,,,1,78,,1636,,,1
2500,'9-v13',847,,1637,,,1,70,,1638,,,1,30,,1639,,,1,70,,1640,,,1,30,,1641,,,1,70,,1642,,,1,30,,1643,,,1,70,,1644,,,1,30,,1645,,,1,70,,1646,,,1,30,,1647,,,1,70,,1648,,,1,30,,1649,,,1,70,,1650,,,1,31,,1651,,,1,70,,1652,,,1,30,,1653,,,1,70,,1654,,,1,30,,1655,,,1,70,,1656,,,1,30,,1657,,,1,100,,1658,,,1
