'2-v13',2500,65100,4,'',1,7000,4,'',1,3000,4,'',1,7500,4,'',1,2900,4,'',1,6900,4,'',1,2900,4,'',1,6900,4,'',1,2700,4,'',1,6900,4,'',1,2900,4,'',1,6900,4,'',1,2900,4,'',1,7000,4,'',1,3100,4,'',1,7000,4,'',1,2900,4,'',1,6800,4,'',1,3500,4,'',1,7100,4,'',1,3100,4,'',1,7100,4,'',1,3200,4,'',1,7000,4,'',1,3100,4,'',1,6400,4,'',1,3000,4,'',1,7000,4,'',1,3000,4,'',1,6800,4,'',1,3000,4,'',1,7000,4,'',1,3000,4,'',1,6200,4,'',1,3800,4,'',1
'2-v13',2501,60200,,'',1,3000,,'',1,7000,,'',1,3000,,'',1,7000,,'',1,3000,,'',1,6900,,'',1,2900,,'',1,2900,,'',1,6900,,'',1,2900,,'',1,6900,,'',1,3000,,'',1,6900,,'',1,2900,,'',1,6900,,'',1,2900,,'',1,7000,,'',1,3000,,'',1,7100,,'',1,3100,,'',1,7100,,'',1,3100,,'',1,7100,,'',1,3200,,'',1,7100,,'',1,7000,,'',1,3000,,'',1,7000,,'',1,3000,,'',1,7000,,'',1,3000,,'',1,7000,,'',1,3000,,'',1,7000,,'',1
'3-v13',2500,65100,4,'',1,7000,4,'',1,3000,4,'',1,7500,4,'',1,2900,4,'',1,6900,4,'',1,2900,4,'',1,6900,4,'',1,2700,4,'',1,6900,4,'',1,2900,4,'',1,6900,4,'',1,2900,4,'',1,7000,4,'',1,3100,4,'',1,7000,4,'',1,2900,4,'',1,6800,4,'',1,3500,4,'',1,7100,4,'',1,3100,4,'',1,7100,4,'',1,3200,4,'',1,7000,4,'',1,3100,4,'',1,6400,4,'',1,3000,4,'',1,7000,4,'',1,3000,4,'',1,6800,4,'',1,3000,4,'',1,7000,4,'',1,3000,4,'',1,6200,4,'',1,3800,4,'',1
'3-v13',2501,60200,,'',1,3000,,'',1,7000,,'',1,3000,,'',1,7000,,'',1,3000,,'',1,6900,,'',1,2900,,'',1,2900,,'',1,6900,,'',1,2900,,'',1,6900,,'',1,3000,,'',1,6900,,'',1,2900,,'',1,6900,,'',1,2900,,'',1,7000,,'',1,3000,,'',1,7100,,'',1,3100,,'',1,7100,,'',1,3100,,'',1,7100,,'',1,3200,,'',1,7100,,'',1,7000,,'',1,3000,,'',1,7000,,'',1,3000,,'',1,7000,,'',1,3000,,'',1,7000,,'',1,3000,,'',1,7000,,'',1
'4-v13',2500,65100,4,'',1,7000,4,'',1,3000,4,'',1,7500,4,'',1,2900,4,'',1,6900,4,'',1,2900,4,'',1,6900,4,'',1,2700,4,'',1,6900,4,'',1,2900,4,'',1,6900,4,'',1,2900,4,'',1,7000,4,'',1,3100,4,'',1,7000,4,'',1,2900,4,'',1,6800,4,'',1,3500,4,'',1,7100,4,'',1,3100,4,'',1,7100,4,'',1,3200,4,'',1,7000,4,'',1,3100,4,'',1,6400,4,'',1,3000,4,'',1,7000,4,'',1,3000,4,'',1,6800,4,'',1,3000,4,'',1,7000,4,'',1,3000,4,'',1,6200,4,'',1,3800,4,'',1
'4-v13',2501,60200,,'',1,3000,,'',1,7000,,'',1,3000,,'',1,7000,,'',1,3000,,'',1,6900,,'',1,2900,,'',1,2900,,'',1,6900,,'',1,2900,,'',1,6900,,'',1,3000,,'',1,6900,,'',1,2900,,'',1,6900,,'',1,2900,,'',1,7000,,'',1,3000,,'',1,7100,,'',1,3100,,'',1,7100,,'',1,3100,,'',1,7100,,'',1,3200,,'',1,7100,,'',1,7000,,'',1,3000,,'',1,7000,,'',1,3000,,'',1,7000,,'',1,3000,,'',1,7000,,'',1,3000,,'',1,7000,,'',1
'5-v13',2500,65100,4,'',1,7000,4,'',1,3000,4,'',1,7500,4,'',1,2900,4,'',1,6900,4,'',1,2900,4,'',1,6900,4,'',1,2700,4,'',1,6900,4,'',1,2900,4,'',1,6900,4,'',1,2900,4,'',1,7000,4,'',1,3100,4,'',1,7000,4,'',1,2900,4,'',1,6800,4,'',1,3500,4,'',1,7100,4,'',1,3100,4,'',1,7100,4,'',1,3200,4,'',1,7000,4,'',1,3100,4,'',1,6400,4,'',1,3000,4,'',1,7000,4,'',1,3000,4,'',1,6800,4,'',1,3000,4,'',1,7000,4,'',1,3000,4,'',1,6200,4,'',1,3800,4,'',1
'5-v13',2501,60200,,'',1,3000,,'',1,7000,,'',1,3000,,'',1,7000,,'',1,3000,,'',1,6900,,'',1,2900,,'',1,2900,,'',1,6900,,'',1,2900,,'',1,6900,,'',1,3000,,'',1,6900,,'',1,2900,,'',1,6900,,'',1,2900,,'',1,7000,,'',1,3000,,'',1,7100,,'',1,3100,,'',1,7100,,'',1,3100,,'',1,7100,,'',1,3200,,'',1,7100,,'',1,7000,,'',1,3000,,'',1,7000,,'',1,3000,,'',1,7000,,'',1,3000,,'',1,7000,,'',1,3000,,'',1,7000,,'',1
'6-v13',2500,65100,4,'',1,7000,4,'',1,3000,4,'',1,7500,4,'',1,2900,4,'',1,6900,4,'',1,2900,4,'',1,6900,4,'',1,2700,4,'',1,6900,4,'',1,2900,4,'',1,6900,4,'',1,2900,4,'',1,7000,4,'',1,3100,4,'',1,7000,4,'',1,2900,4,'',1,6800,4,'',1,3500,4,'',1,7100,4,'',1,3100,4,'',1,7100,4,'',1,3200,4,'',1,7000,4,'',1,3100,4,'',1,6400,4,'',1,3000,4,'',1,7000,4,'',1,3000,4,'',1,6800,4,'',1,3000,4,'',1,7000,4,'',1,3000,4,'',1,6200,4,'',1,3800,4,'',1
'6-v13',2501,60200,,'',1,3000,,'',1,7000,,'',1,3000,,'',1,7000,,'',1,3000,,'',1,6900,,'',1,2900,,'',1,2900,,'',1,6900,,'',1,2900,,'',1,6900,,'',1,3000,,'',1,6900,,'',1,2900,,'',1,6900,,'',1,2900,,'',1,7000,,'',1,3000,,'',1,7100,,'',1,3100,,'',1,7100,,'',1,3100,,'',1,7100,,'',1,3200,,'',1,7100,,'',1,7000,,'',1,3000,,'',1,7000,,'',1,3000,,'',1,7000,,'',1,3000,,'',1,7000,,'',1,3000,,'',1,7000,,'',1
'9-v13',2500,90000,4,'',1,3000,4,'',1,7000,4,'',1,3000,4,'',1,7000,4,'',1,3000,4,'',1,7100,4,'',1,3000,4,'',1,7000,4,'',1,3000,4,'',1,7000,4,'',1,3000,4,'',1,7000,4,'',1,3000,4,'',1,7000,4,'',1,3000,4,'',1,7000,4,'',1,3000,4,'',1,7000,4,'',1,3000,4,'',1,7000,4,'',1,10000,4,'',1
'9-v13',2501,80400,,'',1,3100,,'',1,7100,,'',1,3000,,'',1,7000,,'',1,3000,,'',1,7000,,'',1,3000,,'',1,7000,,'',1,3000,,'',1,7000,,'',1,3000,,'',1,7000,,'',1,3000,,'',1,7000,,'',1,3000,,'',1,7000,,'',1,3000,,'',1,7000,,'',1,3000,,'',1,7000,,'',1,10000,,'',1
'2-v13',9200,64500,,'',1,9600,,'',1,7200,,'',1,9400,,'',1,69300,,'',1,3000,,'',1,10500,,'',1,9200,,'',1,7600,,'',1
'2-v13',9201,60500,,'',1,5400,,'',1,7000,,'',1,9800,,'',1,2900,,'',1,9400,,'',1,69300,,'',1,7100,,'',1,10400,,'',1,8900,,'',1
'3-v13',9200,64500,,'',1,9600,,'',1,7200,,'',1,9400,,'',1,69300,,'',1,3000,,'',1,10500,,'',1,9200,,'',1,7600,,'',1
'3-v13',9201,60500,,'',1,5400,,'',1,7000,,'',1,9800,,'',1,2900,,'',1,9400,,'',1,69300,,'',1,7100,,'',1,10400,,'',1,8900,,'',1
'4-v13',9200,64500,,'',1,9600,,'',1,7200,,'',1,9400,,'',1,69300,,'',1,3000,,'',1,10500,,'',1,9200,,'',1,7600,,'',1
'4-v13',9201,60500,,'',1,5400,,'',1,7000,,'',1,9800,,'',1,2900,,'',1,9400,,'',1,69300,,'',1,7100,,'',1,10400,,'',1,8900,,'',1
'5-v13',9200,64500,,'',1,9600,,'',1,7200,,'',1,9400,,'',1,69300,,'',1,3000,,'',1,10500,,'',1,9200,,'',1,7600,,'',1
'5-v13',9201,60500,,'',1,5400,,'',1,7000,,'',1,9800,,'',1,2900,,'',1,9400,,'',1,69300,,'',1,7100,,'',1,10400,,'',1,8900,,'',1
'6-v13',9200,64500,,'',1,9600,,'',1,7200,,'',1,9400,,'',1,69300,,'',1,3000,,'',1,10500,,'',1,9200,,'',1,7600,,'',1
'6-v13',9201,60500,,'',1,5400,,'',1,7000,,'',1,9800,,'',1,2900,,'',1,9400,,'',1,69300,,'',1,7100,,'',1,10400,,'',1,8900,,'',1
