1000,'2-v13',620,,1,,,1,15,,2,,,1,15,,3,,,1,55,,4,,,1,15,,5,,,1,15,,6,,,1,17,,7,,,1,55,,8,,,1,15,,9,,,1,15,,10,,,1,15,,11,,,1,55,,12,,,1,15,,13,,,1,15,,14,,,1,15,,15,,,1,55,,16,,,1,15,,17,,,1,15,,18,,,1,15,,19,,,1,55,,20,,,1,15,,21,,,1,15,,22,,,1,15,,23,,,1,55,,24,,,1,15,,25,,,1,15,,26,,,1,15,,27,,,1,55,,28,,,1,15,,29,,,1,15,,30,,,1,15,,31,,,1,55,,32,,,1,15,,33,,,1,19,,34,,,1,16,,35,,,1,56,,36,,,1,16,,37,,,1,16,,38,,,1,56,,39,,,1,16,,40,,,1,16,,41,,,1,16,,42,,,1,53,,43,,,1,16,,44,,,1,16,,45,,,1,16,,46,,,1,56,,47,,,1,14,,48,,,1,16,,49,,,1,15,,50,,,1,55,,51,,,1,15,,52,,,1,30,,53,,,1,68,,54,,,1,30,,55,,,1,70,,56,,,1,30,,57,,,1,69,,58,,,1,100,,59,,,1
1000,'3-v13',620,,60,,,1,15,,61,,,1,15,,62,,,1,55,,63,,,1,15,,64,,,1,15,,65,,,1,17,,66,,,1,55,,67,,,1,15,,68,,,1,15,,69,,,1,15,,70,,,1,55,,71,,,1,15,,72,,,1,15,,73,,,1,15,,74,,,1,55,,75,,,1,15,,76,,,1,15,,77,,,1,15,,78,,,1,55,,79,,,1,15,,80,,,1,15,,81,,,1,15,,82,,,1,55,,83,,,1,15,,84,,,1,15,,85,,,1,15,,86,,,1,55,,87,,,1,15,,88,,,1,15,,89,,,1,15,,90,,,1,55,,91,,,1,15,,92,,,1,19,,93,,,1,16,,94,,,1,56,,95,,,1,16,,96,,,1,16,,97,,,1,56,,98,,,1,16,,99,,,1,16,,100,,,1,16,,101,,,1,53,,102,,,1,16,,103,,,1,16,,104,,,1,16,,105,,,1,56,,106,,,1,14,,107,,,1,16,,108,,,1,15,,109,,,1,55,,110,,,1,15,,111,,,1,30,,112,,,1,68,,113,,,1,30,,114,,,1,70,,115,,,1,30,,116,,,1,69,,117,,,1,100,,118,,,1
1000,'4-v13',620,,119,,,1,15,,120,,,1,15,,121,,,1,55,,122,,,1,15,,123,,,1,15,,124,,,1,17,,125,,,1,55,,126,,,1,15,,127,,,1,15,,128,,,1,15,,129,,,1,55,,130,,,1,15,,131,,,1,15,,132,,,1,15,,133,,,1,55,,134,,,1,15,,135,,,1,15,,136,,,1,15,,137,,,1,55,,138,,,1,15,,139,,,1,15,,140,,,1,15,,141,,,1,55,,142,,,1,15,,143,,,1,15,,144,,,1,15,,145,,,1,55,,146,,,1,15,,147,,,1,15,,148,,,1,15,,149,,,1,55,,150,,,1,15,,151,,,1,19,,152,,,1,16,,153,,,1,56,,154,,,1,16,,155,,,1,16,,156,,,1,56,,157,,,1,16,,158,,,1,16,,159,,,1,16,,160,,,1,53,,161,,,1,16,,162,,,1,16,,163,,,1,16,,164,,,1,56,,165,,,1,14,,166,,,1,16,,167,,,1,15,,168,,,1,55,,169,,,1,15,,170,,,1,30,,171,,,1,68,,172,,,1,30,,173,,,1,70,,174,,,1,30,,175,,,1,69,,176,,,1,100,,177,,,1
1000,'5-v13',620,,178,,,1,15,,179,,,1,15,,180,,,1,55,,181,,,1,15,,182,,,1,15,,183,,,1,17,,184,,,1,55,,185,,,1,15,,186,,,1,15,,187,,,1,15,,188,,,1,55,,189,,,1,15,,190,,,1,15,,191,,,1,15,,192,,,1,55,,193,,,1,15,,194,,,1,15,,195,,,1,15,,196,,,1,55,,197,,,1,15,,198,,,1,15,,199,,,1,15,,200,,,1,55,,201,,,1,15,,202,,,1,15,,203,,,1,15,,204,,,1,55,,205,,,1,15,,206,,,1,15,,207,,,1,15,,208,,,1,55,,209,,,1,15,,210,,,1,19,,211,,,1,16,,212,,,1,56,,213,,,1,16,,214,,,1,16,,215,,,1,56,,216,,,1,16,,217,,,1,16,,218,,,1,16,,219,,,1,53,,220,,,1,16,,221,,,1,16,,222,,,1,16,,223,,,1,56,,224,,,1,14,,225,,,1,16,,226,,,1,15,,227,,,1,55,,228,,,1,15,,229,,,1,30,,230,,,1,68,,231,,,1,30,,232,,,1,70,,233,,,1,30,,234,,,1,69,,235,,,1,100,,236,,,1
1000,'6-v13',620,,237,,,1,15,,238,,,1,15,,239,,,1,55,,240,,,1,15,,241,,,1,15,,242,,,1,17,,243,,,1,55,,244,,,1,15,,245,,,1,15,,246,,,1,15,,247,,,1,55,,248,,,1,15,,249,,,1,15,,250,,,1,15,,251,,,1,55,,252,,,1,15,,253,,,1,15,,254,,,1,15,,255,,,1,55,,256,,,1,15,,257,,,1,15,,258,,,1,15,,259,,,1,55,,260,,,1,15,,261,,,1,15,,262,,,1,15,,263,,,1,55,,264,,,1,15,,265,,,1,15,,266,,,1,15,,267,,,1,55,,268,,,1,15,,269,,,1,19,,270,,,1,16,,271,,,1,56,,272,,,1,16,,273,,,1,16,,274,,,1,56,,275,,,1,16,,276,,,1,16,,277,,,1,16,,278,,,1,53,,279,,,1,16,,280,,,1,16,,281,,,1,16,,282,,,1,56,,283,,,1,14,,284,,,1,16,,285,,,1,15,,286,,,1,55,,287,,,1,15,,288,,,1,30,,289,,,1,68,,290,,,1,30,,291,,,1,70,,292,,,1,30,,293,,,1,69,,294,,,1,100,,295,,,1
1000,'9-v13',815,,296,,,1,30,,297,,,1,70,,298,,,1,30,,299,,,1,70,,300,,,1,30,,301,,,1,70,,302,,,1,32,,303,,,1,70,,304,,,1,30,,305,,,1,70,,306,,,1,30,,307,,,1,70,,308,,,1,30,,309,,,1,70,,310,,,1,30,,311,,,1,70,,312,,,1,30,,313,,,1,70,,314,,,1,30,,315,,,1,70,,316,,,1,30,,317,,,1,100,,318,,,1
1100,'2-v13',656,,637,4,,1,103,,638,4,,1,100,,639,4,,1,100,,640,4,,1,100,,641,4,,1,142,,642,4,,1,99,,643,4,,1,100,,644,4,,1,101,,645,4,,1,102,,646,4,,1,101,,647,4,,1,96,,648,4,,1,59,,649,4,,1,142,,650,4,,1,99,,651,4,,1,100,,652,4,,1
1100,'3-v13',656,,653,4,,1,103,,654,4,,1,100,,655,4,,1,100,,656,4,,1,100,,657,4,,1,142,,658,4,,1,99,,659,4,,1,100,,660,4,,1,101,,661,4,,1,102,,662,4,,1,101,,663,4,,1,96,,664,4,,1,59,,665,4,,1,142,,666,4,,1,99,,667,4,,1,100,,668,4,,1
1100,'4-v13',656,,669,4,,1,103,,670,4,,1,100,,671,4,,1,100,,672,4,,1,100,,673,4,,1,142,,674,4,,1,99,,675,4,,1,100,,676,4,,1,101,,677,4,,1,102,,678,4,,1,101,,679,4,,1,96,,680,4,,1,59,,681,4,,1,142,,682,4,,1,99,,683,4,,1,100,,684,4,,1
1100,'5-v13',656,,685,4,,1,103,,686,4,,1,100,,687,4,,1,100,,688,4,,1,100,,689,4,,1,142,,690,4,,1,99,,691,4,,1,100,,692,4,,1,101,,693,4,,1,102,,694,4,,1,101,,695,4,,1,96,,696,4,,1,59,,697,4,,1,142,,698,4,,1,99,,699,4,,1,100,,700,4,,1
1100,'6-v13',656,,701,4,,1,103,,702,4,,1,100,,703,4,,1,100,,704,4,,1,100,,705,4,,1,142,,706,4,,1,99,,707,4,,1,100,,708,4,,1,101,,709,4,,1,102,,710,4,,1,101,,711,4,,1,96,,712,4,,1,59,,713,4,,1,142,,714,4,,1,99,,715,4,,1,100,,716,4,,1
1100,'9-v13',837,,717,4,,1,100,,718,4,,1,100,,719,4,,1,102,,720,4,,1,100,,721,4,,1,100,,722,4,,1,100,,723,4,,1,100,,724,4,,1,100,,725,4,,1,100,,726,4,,1,100,,727,4,,1,100,,728,4,,1
1101,'2-v13',705,,729,,,1,100,,730,,,1,100,,731,,,1,100,,732,,,1,100,,733,,,1,101,,734,,,1,99,,735,,,1,100,,736,,,1,101,,737,,,1,101,,738,,,1,101,,739,,,1,97,,740,,,1,100,,741,,,1,102,,742,,,1,100,,743,,,1,100,,744,,,1
1101,'3-v13',705,,745,,,1,100,,746,,,1,100,,747,,,1,100,,748,,,1,100,,749,,,1,101,,750,,,1,99,,751,,,1,100,,752,,,1,101,,753,,,1,101,,754,,,1,101,,755,,,1,97,,756,,,1,100,,757,,,1,102,,758,,,1,100,,759,,,1,100,,760,,,1
1101,'4-v13',705,,761,,,1,100,,762,,,1,100,,763,,,1,100,,764,,,1,100,,765,,,1,101,,766,,,1,99,,767,,,1,100,,768,,,1,101,,769,,,1,101,,770,,,1,101,,771,,,1,97,,772,,,1,100,,773,,,1,102,,774,,,1,100,,775,,,1,100,,776,,,1
1101,'5-v13',705,,777,,,1,100,,778,,,1,100,,779,,,1,100,,780,,,1,100,,781,,,1,101,,782,,,1,99,,783,,,1,100,,784,,,1,101,,785,,,1,101,,786,,,1,101,,787,,,1,97,,788,,,1,100,,789,,,1,102,,790,,,1,100,,791,,,1,100,,792,,,1
1101,'6-v13',705,,793,,,1,100,,794,,,1,100,,795,,,1,100,,796,,,1,100,,797,,,1,101,,798,,,1,99,,799,,,1,100,,800,,,1,101,,801,,,1,101,,802,,,1,101,,803,,,1,97,,804,,,1,100,,805,,,1,102,,806,,,1,100,,807,,,1,100,,808,,,1
1101,'9-v13',843,,809,,,1,100,,810,,,1,100,,811,,,1,100,,812,,,1,100,,813,,,1,100,,814,,,1,100,,815,,,1,100,,816,,,1,100,,817,,,1,100,,818,,,1,100,,819,,,1,100,,820,,,1
