1001,'2-v13',614,,319,,,1,15,,320,,,1,15,,321,,,1,15,,322,,,1,55,,323,,,1,15,,324,,,1,16,,325,,,1,55,,326,,,1,15,,327,,,1,15,,328,,,1,15,,329,,,1,55,,330,,,1,15,,331,,,1,15,,332,,,1,15,,333,,,1,55,,334,,,1,14,,335,,,1,15,,336,,,1,15,,337,,,1,15,,338,,,1,55,,339,,,1,15,,340,,,1,15,,341,,,1,15,,342,,,1,55,,343,,,1,15,,344,,,1,15,,345,,,1,15,,346,,,1,55,,347,,,1,16,,348,,,1,16,,349,,,1,55,,350,,,1,16,,351,,,1,17,,352,,,1,16,,353,,,1,56,,354,,,1,16,,355,,,1,16,,356,,,1,16,,357,,,1,56,,358,,,1,16,,359,,,1,15,,360,,,1,16,,361,,,1,56,,362,,,1,16,,363,,,1,15,,364,,,1,15,,365,,,1,55,,366,,,1,15,,367,,,1,15,,368,,,1,15,,369,,,1,55,,370,,,1,30,,371,,,1,70,,372,,,1,30,,373,,,1,70,,374,,,1,31,,375,,,1,70,,376,,,1,44,,377,,,1
1001,'3-v13',614,,378,,,1,15,,379,,,1,15,,380,,,1,15,,381,,,1,55,,382,,,1,15,,383,,,1,16,,384,,,1,55,,385,,,1,15,,386,,,1,15,,387,,,1,15,,388,,,1,55,,389,,,1,15,,390,,,1,15,,391,,,1,15,,392,,,1,55,,393,,,1,14,,394,,,1,15,,395,,,1,15,,396,,,1,15,,397,,,1,55,,398,,,1,15,,399,,,1,15,,400,,,1,15,,401,,,1,55,,402,,,1,15,,403,,,1,15,,404,,,1,15,,405,,,1,55,,406,,,1,16,,407,,,1,16,,408,,,1,55,,409,,,1,16,,410,,,1,17,,411,,,1,16,,412,,,1,56,,413,,,1,16,,414,,,1,16,,415,,,1,16,,416,,,1,56,,417,,,1,16,,418,,,1,15,,419,,,1,16,,420,,,1,56,,421,,,1,16,,422,,,1,15,,423,,,1,15,,424,,,1,55,,425,,,1,15,,426,,,1,15,,427,,,1,15,,428,,,1,55,,429,,,1,30,,430,,,1,70,,431,,,1,30,,432,,,1,70,,433,,,1,31,,434,,,1,70,,435,,,1,44,,436,,,1
1001,'4-v13',614,,437,,,1,15,,438,,,1,15,,439,,,1,15,,440,,,1,55,,441,,,1,15,,442,,,1,16,,443,,,1,55,,444,,,1,15,,445,,,1,15,,446,,,1,15,,447,,,1,55,,448,,,1,15,,449,,,1,15,,450,,,1,15,,451,,,1,55,,452,,,1,14,,453,,,1,15,,454,,,1,15,,455,,,1,15,,456,,,1,55,,457,,,1,15,,458,,,1,15,,459,,,1,15,,460,,,1,55,,461,,,1,15,,462,,,1,15,,463,,,1,15,,464,,,1,55,,465,,,1,16,,466,,,1,16,,467,,,1,55,,468,,,1,16,,469,,,1,17,,470,,,1,16,,471,,,1,56,,472,,,1,16,,473,,,1,16,,474,,,1,16,,475,,,1,56,,476,,,1,16,,477,,,1,15,,478,,,1,16,,479,,,1,56,,480,,,1,16,,481,,,1,15,,482,,,1,15,,483,,,1,55,,484,,,1,15,,485,,,1,15,,486,,,1,15,,487,,,1,55,,488,,,1,30,,489,,,1,70,,490,,,1,30,,491,,,1,70,,492,,,1,31,,493,,,1,70,,494,,,1,44,,495,,,1
1001,'5-v13',614,,496,,,1,15,,497,,,1,15,,498,,,1,15,,499,,,1,55,,500,,,1,15,,501,,,1,16,,502,,,1,55,,503,,,1,15,,504,,,1,15,,505,,,1,15,,506,,,1,55,,507,,,1,15,,508,,,1,15,,509,,,1,15,,510,,,1,55,,511,,,1,14,,512,,,1,15,,513,,,1,15,,514,,,1,15,,515,,,1,55,,516,,,1,15,,517,,,1,15,,518,,,1,15,,519,,,1,55,,520,,,1,15,,521,,,1,15,,522,,,1,15,,523,,,1,55,,524,,,1,16,,525,,,1,16,,526,,,1,55,,527,,,1,16,,528,,,1,17,,529,,,1,16,,530,,,1,56,,531,,,1,16,,532,,,1,16,,533,,,1,16,,534,,,1,56,,535,,,1,16,,536,,,1,15,,537,,,1,16,,538,,,1,56,,539,,,1,16,,540,,,1,15,,541,,,1,15,,542,,,1,55,,543,,,1,15,,544,,,1,15,,545,,,1,15,,546,,,1,55,,547,,,1,30,,548,,,1,70,,549,,,1,30,,550,,,1,70,,551,,,1,31,,552,,,1,70,,553,,,1,44,,554,,,1
1001,'6-v13',614,,555,,,1,15,,556,,,1,15,,557,,,1,15,,558,,,1,55,,559,,,1,15,,560,,,1,16,,561,,,1,55,,562,,,1,15,,563,,,1,15,,564,,,1,15,,565,,,1,55,,566,,,1,15,,567,,,1,15,,568,,,1,15,,569,,,1,55,,570,,,1,14,,571,,,1,15,,572,,,1,15,,573,,,1,15,,574,,,1,55,,575,,,1,15,,576,,,1,15,,577,,,1,15,,578,,,1,55,,579,,,1,15,,580,,,1,15,,581,,,1,15,,582,,,1,55,,583,,,1,16,,584,,,1,16,,585,,,1,55,,586,,,1,16,,587,,,1,17,,588,,,1,16,,589,,,1,56,,590,,,1,16,,591,,,1,16,,592,,,1,16,,593,,,1,56,,594,,,1,16,,595,,,1,15,,596,,,1,16,,597,,,1,56,,598,,,1,16,,599,,,1,15,,600,,,1,15,,601,,,1,55,,602,,,1,15,,603,,,1,15,,604,,,1,15,,605,,,1,55,,606,,,1,30,,607,,,1,70,,608,,,1,30,,609,,,1,70,,610,,,1,31,,611,,,1,70,,612,,,1,44,,613,,,1
1001,'9-v13',821,,614,,,1,30,,615,,,1,70,,616,,,1,30,,617,,,1,70,,618,,,1,30,,619,,,1,70,,620,,,1,30,,621,,,1,70,,622,,,1,30,,623,,,1,70,,624,,,1,30,,625,,,1,70,,626,,,1,30,,627,,,1,70,,628,,,1,30,,629,,,1,70,,630,,,1,30,,631,,,1,70,,632,,,1,30,,633,,,1,70,,634,,,1,30,,635,,,1,71,,636,,,1
2501,'2-v13',611,,1659,,,1,30,,1660,,,1,70,,1661,,,1,33,,1662,,,1,70,,1663,,,1,30,,1664,,,1,69,,1665,,,1,29,,1666,,,1,71,,1667,,,1,29,,1668,,,1,69,,1669,,,1,29,,1670,,,1,70,,1671,,,1,29,,1672,,,1,69,,1673,,,1,29,,1674,,,1,69,,1675,,,1,31,,1676,,,1,70,,1677,,,1,31,,1678,,,1,71,,1679,,,1,31,,1680,,,1,70,,1681,,,1,31,,1682,,,1,72,,1683,,,1,28,,1684,,,1,70,,1685,,,1,30,,1686,,,1,70,,1687,,,1,29,,1688,,,1,70,,1689,,,1,30,,1690,,,1,70,,1691,,,1,30,,1692,,,1,70,,1693,,,1
2501,'3-v13',611,,1694,,,1,30,,1695,,,1,70,,1696,,,1,33,,1697,,,1,70,,1698,,,1,30,,1699,,,1,69,,1700,,,1,29,,1701,,,1,71,,1702,,,1,29,,1703,,,1,69,,1704,,,1,29,,1705,,,1,70,,1706,,,1,29,,1707,,,1,69,,1708,,,1,29,,1709,,,1,69,,1710,,,1,31,,1711,,,1,70,,1712,,,1,31,,1713,,,1,71,,1714,,,1,31,,1715,,,1,70,,1716,,,1,31,,1717,,,1,72,,1718,,,1,28,,1719,,,1,70,,1720,,,1,30,,1721,,,1,70,,1722,,,1,29,,1723,,,1,70,,1724,,,1,30,,1725,,,1,70,,1726,,,1,30,,1727,,,1,70,,1728,,,1
2501,'4-v13',611,,1729,,,1,30,,1730,,,1,70,,1731,,,1,33,,1732,,,1,70,,1733,,,1,30,,1734,,,1,69,,1735,,,1,29,,1736,,,1,71,,1737,,,1,29,,1738,,,1,69,,1739,,,1,29,,1740,,,1,70,,1741,,,1,29,,1742,,,1,69,,1743,,,1,29,,1744,,,1,69,,1745,,,1,31,,1746,,,1,70,,1747,,,1,31,,1748,,,1,71,,1749,,,1,31,,1750,,,1,70,,1751,,,1,31,,1752,,,1,72,,1753,,,1,28,,1754,,,1,70,,1755,,,1,30,,1756,,,1,70,,1757,,,1,29,,1758,,,1,70,,1759,,,1,30,,1760,,,1,70,,1761,,,1,30,,1762,,,1,70,,1763,,,1
2501,'5-v13',611,,1764,,,1,30,,1765,,,1,70,,1766,,,1,33,,1767,,,1,70,,1768,,,1,30,,1769,,,1,69,,1770,,,1,29,,1771,,,1,71,,1772,,,1,29,,1773,,,1,69,,1774,,,1,29,,1775,,,1,70,,1776,,,1,29,,1777,,,1,69,,1778,,,1,29,,1779,,,1,69,,1780,,,1,31,,1781,,,1,70,,1782,,,1,31,,1783,,,1,71,,1784,,,1,31,,1785,,,1,70,,1786,,,1,31,,1787,,,1,72,,1788,,,1,28,,1789,,,1,70,,1790,,,1,30,,1791,,,1,70,,1792,,,1,29,,1793,,,1,70,,1794,,,1,30,,1795,,,1,70,,1796,,,1,30,,1797,,,1,70,,1798,,,1
2501,'6-v13',611,,1799,,,1,30,,1800,,,1,70,,1801,,,1,33,,1802,,,1,70,,1803,,,1,30,,1804,,,1,69,,1805,,,1,29,,1806,,,1,71,,1807,,,1,29,,1808,,,1,69,,1809,,,1,29,,1810,,,1,70,,1811,,,1,29,,1812,,,1,69,,1813,,,1,29,,1814,,,1,69,,1815,,,1,31,,1816,,,1,70,,1817,,,1,31,,1818,,,1,71,,1819,,,1,31,,1820,,,1,70,,1821,,,1,31,,1822,,,1,72,,1823,,,1,28,,1824,,,1,70,,1825,,,1,30,,1826,,,1,70,,1827,,,1,29,,1828,,,1,70,,1829,,,1,30,,1830,,,1,70,,1831,,,1,30,,1832,,,1,70,,1833,,,1
2501,'9-v13',814,,1834,,,1,31,,1835,,,1,71,,1836,,,1,30,,1837,,,1,70,,1838,,,1,30,,1839,,,1,71,,1840,,,1,30,,1841,,,1,70,,1842,,,1,30,,1843,,,1,70,,1844,,,1,30,,1845,,,1,70,,1846,,,1,30,,1847,,,1,71,,1848,,,1,30,,1849,,,1,70,,1850,,,1,30,,1851,,,1,70,,1852,,,1,30,,1853,,,1,70,,1854,,,1,100,,1855,,,1
