1101,'2',727,,729,1347,,,1,103,,730,1506,,,1,100,,731,1506,,,1,99,,732,1467,,,1,100,,733,1467,,,1,102,,734,1506,,,1,99,,735,1506,,,1,100,,736,1506,,,1,101,,737,1545,,,1,101,,738,1545,,,1,101,,739,1545,,,1,95,,740,1427,,,1,100,,741,1427,,,1,102,,742,1388,,,1,100,,743,1388,,,1,97,,744,1229,,,1
1101,'3',727,,745,1347,,,1,103,,746,1506,,,1,100,,747,1506,,,1,99,,748,1467,,,1,100,,749,1467,,,1,102,,750,1506,,,1,99,,751,1506,,,1,100,,752,1506,,,1,101,,753,1545,,,1,101,,754,1545,,,1,101,,755,1545,,,1,95,,756,1427,,,1,100,,757,1427,,,1,102,,758,1388,,,1,100,,759,1388,,,1,97,,760,1229,,,1
1101,'4',727,,761,1347,,,1,103,,762,1506,,,1,100,,763,1506,,,1,99,,764,1467,,,1,100,,765,1467,,,1,102,,766,1506,,,1,99,,767,1506,,,1,100,,768,1506,,,1,101,,769,1545,,,1,101,,770,1545,,,1,101,,771,1545,,,1,95,,772,1427,,,1,100,,773,1427,,,1,102,,774,1388,,,1,100,,775,1388,,,1,97,,776,1229,,,1
1101,'5',727,,777,1347,,,1,103,,778,1506,,,1,100,,779,1506,,,1,99,,780,1467,,,1,100,,781,1467,,,1,102,,782,1506,,,1,99,,783,1506,,,1,100,,784,1506,,,1,101,,785,1545,,,1,101,,786,1545,,,1,101,,787,1545,,,1,95,,788,1427,,,1,100,,789,1427,,,1,102,,790,1388,,,1,100,,791,1388,,,1,97,,792,1229,,,1
1101,'6',727,,793,1347,,,1,103,,794,1506,,,1,100,,795,1506,,,1,99,,796,1467,,,1,100,,797,1467,,,1,102,,798,1506,,,1,99,,799,1506,,,1,100,,800,1506,,,1,101,,801,1545,,,1,101,,802,1545,,,1,101,,803,1545,,,1,95,,804,1427,,,1,100,,805,1427,,,1,102,,806,1388,,,1,100,,807,1388,,,1,97,,808,1229,,,1
1101,'9',904,,809,1268,,,1,100,,810,1268,,,1,100,,811,1268,,,1,102,,812,1427,,,1,100,,813,1427,,,1,100,,814,1427,,,1,100,,815,1427,,,1,100,,816,1388,,,1,100,,817,1388,,,1,100,,818,1388,,,1,100,,819,1388,,,1,100,,820,1388,,,1
3001,'2',622,,2175,1071,,,1,15,,2176,1071,,,1,15,,2177,1071,,,1,55,,2178,1071,,,1,15,,2179,1071,,,1,15,,2180,1071,,,1,18,,2181,1230,,,1,55,,2182,1230,,,1,15,,2183,1230,,,1,15,,2184,1230,,,1,15,,2185,1230,,,1,55,,2186,1230,,,1,15,,2187,1230,,,1,15,,2188,1230,,,1,15,,2189,1230,,,1,55,,2190,1230,,,1,15,,2191,1230,,,1,15,,2192,1230,,,1,15,,2193,1230,,,1,55,,2194,1230,,,1,15,,2195,1230,,,1,15,,2196,1230,,,1,15,,2197,1230,,,1,55,,2198,1230,,,1,16,,2199,1290,,,1,15,,2200,1290,,,1,15,,2201,1290,,,1,55,,2202,1290,,,1,15,,2203,1290,,,1,15,,2204,1290,,,1,15,,2205,1290,,,1,55,,2206,1290,,,1,15,,2207,1290,,,1,17,,2208,1329,,,1,16,,2209,1329,,,1,56,,2210,1329,,,1,16,,2211,1329,,,1,16,,2212,1329,,,1,56,,2213,1329,,,1,16,,2214,1329,,,1,16,,2215,1329,,,1,16,,2216,1329,,,1,55,,2217,1290,,,1,16,,2218,1290,,,1,16,,2219,1290,,,1,16,,2220,1290,,,1,56,,2221,1290,,,1,14,,2222,1251,,,1,15,,2223,1251,,,1,15,,2224,1251,,,1,55,,2225,1251,,,1,15,,2226,1251,,,1,30,,2227,1251,,,1,69,,2228,1191,,,1,30,,2229,1191,,,1,70,,2230,1191,,,1,30,,2231,1191,,,1,69,,2232,1091,,,1,100,,2233,1091,,,1
3001,'3',622,,2234,1071,,,1,15,,2235,1071,,,1,15,,2236,1071,,,1,55,,2237,1071,,,1,15,,2238,1071,,,1,15,,2239,1071,,,1,18,,2240,1230,,,1,55,,2241,1230,,,1,15,,2242,1230,,,1,15,,2243,1230,,,1,15,,2244,1230,,,1,55,,2245,1230,,,1,15,,2246,1230,,,1,15,,2247,1230,,,1,15,,2248,1230,,,1,55,,2249,1230,,,1,15,,2250,1230,,,1,15,,2251,1230,,,1,15,,2252,1230,,,1,55,,2253,1230,,,1,15,,2254,1230,,,1,15,,2255,1230,,,1,15,,2256,1230,,,1,55,,2257,1230,,,1,16,,2258,1290,,,1,15,,2259,1290,,,1,15,,2260,1290,,,1,55,,2261,1290,,,1,15,,2262,1290,,,1,15,,2263,1290,,,1,15,,2264,1290,,,1,55,,2265,1290,,,1,15,,2266,1290,,,1,17,,2267,1329,,,1,16,,2268,1329,,,1,56,,2269,1329,,,1,16,,2270,1329,,,1,16,,2271,1329,,,1,56,,2272,1329,,,1,16,,2273,1329,,,1,16,,2274,1329,,,1,16,,2275,1329,,,1,55,,2276,1290,,,1,16,,2277,1290,,,1,16,,2278,1290,,,1,16,,2279,1290,,,1,56,,2280,1290,,,1,14,,2281,1251,,,1,15,,2282,1251,,,1,15,,2283,1251,,,1,55,,2284,1251,,,1,15,,2285,1251,,,1,30,,2286,1251,,,1,69,,2287,1191,,,1,30,,2288,1191,,,1,70,,2289,1191,,,1,30,,2290,1191,,,1,69,,2291,1091,,,1,100,,2292,1091,,,1
3001,'4',622,,2293,1071,,,1,15,,2294,1071,,,1,15,,2295,1071,,,1,55,,2296,1071,,,1,15,,2297,1071,,,1,15,,2298,1071,,,1,18,,2299,1230,,,1,55,,2300,1230,,,1,15,,2301,1230,,,1,15,,2302,1230,,,1,15,,2303,1230,,,1,55,,2304,1230,,,1,15,,2305,1230,,,1,15,,2306,1230,,,1,15,,2307,1230,,,1,55,,2308,1230,,,1,15,,2309,1230,,,1,15,,2310,1230,,,1,15,,2311,1230,,,1,55,,2312,1230,,,1,15,,2313,1230,,,1,15,,2314,1230,,,1,15,,2315,1230,,,1,55,,2316,1230,,,1,16,,2317,1290,,,1,15,,2318,1290,,,1,15,,2319,1290,,,1,55,,2320,1290,,,1,15,,2321,1290,,,1,15,,2322,1290,,,1,15,,2323,1290,,,1,55,,2324,1290,,,1,15,,2325,1290,,,1,17,,2326,1329,,,1,16,,2327,1329,,,1,56,,2328,1329,,,1,16,,2329,1329,,,1,16,,2330,1329,,,1,56,,2331,1329,,,1,16,,2332,1329,,,1,16,,2333,1329,,,1,16,,2334,1329,,,1,55,,2335,1290,,,1,16,,2336,1290,,,1,16,,2337,1290,,,1,16,,2338,1290,,,1,56,,2339,1290,,,1,14,,2340,1251,,,1,15,,2341,1251,,,1,15,,2342,1251,,,1,55,,2343,1251,,,1,15,,2344,1251,,,1,30,,2345,1251,,,1,69,,2346,1191,,,1,30,,2347,1191,,,1,70,,2348,1191,,,1,30,,2349,1191,,,1,69,,2350,1091,,,1,100,,2351,1091,,,1
3001,'5',622,,2352,1071,,,1,15,,2353,1071,,,1,15,,2354,1071,,,1,55,,2355,1071,,,1,15,,2356,1071,,,1,15,,2357,1071,,,1,18,,2358,1230,,,1,55,,2359,1230,,,1,15,,2360,1230,,,1,15,,2361,1230,,,1,15,,2362,1230,,,1,55,,2363,1230,,,1,15,,2364,1230,,,1,15,,2365,1230,,,1,15,,2366,1230,,,1,55,,2367,1230,,,1,15,,2368,1230,,,1,15,,2369,1230,,,1,15,,2370,1230,,,1,55,,2371,1230,,,1,15,,2372,1230,,,1,15,,2373,1230,,,1,15,,2374,1230,,,1,55,,2375,1230,,,1,16,,2376,1290,,,1,15,,2377,1290,,,1,15,,2378,1290,,,1,55,,2379,1290,,,1,15,,2380,1290,,,1,15,,2381,1290,,,1,15,,2382,1290,,,1,55,,2383,1290,,,1,15,,2384,1290,,,1,17,,2385,1329,,,1,16,,2386,1329,,,1,56,,2387,1329,,,1,16,,2388,1329,,,1,16,,2389,1329,,,1,56,,2390,1329,,,1,16,,2391,1329,,,1,16,,2392,1329,,,1,16,,2393,1329,,,1,55,,2394,1290,,,1,16,,2395,1290,,,1,16,,2396,1290,,,1,16,,2397,1290,,,1,56,,2398,1290,,,1,14,,2399,1251,,,1,15,,2400,1251,,,1,15,,2401,1251,,,1,55,,2402,1251,,,1,15,,2403,1251,,,1,30,,2404,1251,,,1,69,,2405,1191,,,1,30,,2406,1191,,,1,70,,2407,1191,,,1,30,,2408,1191,,,1,69,,2409,1091,,,1,100,,2410,1091,,,1
3001,'6',622,,2411,1071,,,1,15,,2412,1071,,,1,15,,2413,1071,,,1,55,,2414,1071,,,1,15,,2415,1071,,,1,15,,2416,1071,,,1,18,,2417,1230,,,1,55,,2418,1230,,,1,15,,2419,1230,,,1,15,,2420,1230,,,1,15,,2421,1230,,,1,55,,2422,1230,,,1,15,,2423,1230,,,1,15,,2424,1230,,,1,15,,2425,1230,,,1,55,,2426,1230,,,1,15,,2427,1230,,,1,15,,2428,1230,,,1,15,,2429,1230,,,1,55,,2430,1230,,,1,15,,2431,1230,,,1,15,,2432,1230,,,1,15,,2433,1230,,,1,55,,2434,1230,,,1,16,,2435,1290,,,1,15,,2436,1290,,,1,15,,2437,1290,,,1,55,,2438,1290,,,1,15,,2439,1290,,,1,15,,2440,1290,,,1,15,,2441,1290,,,1,55,,2442,1290,,,1,15,,2443,1290,,,1,17,,2444,1329,,,1,16,,2445,1329,,,1,56,,2446,1329,,,1,16,,2447,1329,,,1,16,,2448,1329,,,1,56,,2449,1329,,,1,16,,2450,1329,,,1,16,,2451,1329,,,1,16,,2452,1329,,,1,55,,2453,1290,,,1,16,,2454,1290,,,1,16,,2455,1290,,,1,16,,2456,1290,,,1,56,,2457,1290,,,1,14,,2458,1251,,,1,15,,2459,1251,,,1,15,,2460,1251,,,1,55,,2461,1251,,,1,15,,2462,1251,,,1,30,,2463,1251,,,1,69,,2464,1191,,,1,30,,2465,1191,,,1,70,,2466,1191,,,1,30,,2467,1191,,,1,69,,2468,1091,,,1,100,,2469,1091,,,1
3001,'9',846,,2470,1091,,,1,70,,2471,1091,,,1,30,,2472,1091,,,1,70,,2473,1091,,,1,30,,2474,1091,,,1,70,,2475,1091,,,1,32,,2476,1230,,,1,70,,2477,1230,,,1,30,,2478,1230,,,1,70,,2479,1230,,,1,30,,2480,1230,,,1,70,,2481,1230,,,1,30,,2482,1230,,,1,70,,2483,1230,,,1,29,,2484,1191,,,1,70,,2485,1191,,,1,30,,2486,1191,,,1,70,,2487,1191,,,1,30,,2488,1191,,,1,70,,2489,1191,,,1,30,,2490,1191,,,1,70,,2491,1191,,,1,30,,2492,1191,,,1
