4001,'2',643,,3040,2346,,,1,70,,3041,2346,,,1,30,,3042,2346,,,1,71,,3043,2406,,,1,30,,3044,2406,,,1,70,,3045,2406,,,1,30,,3046,2406,,,1,70,,3047,2406,,,1,31,,3048,2466,,,1,70,,3049,2466,,,1,30,,3050,2466,,,1,70,,3051,2466,,,1,32,,3052,2597,,,1,70,,3053,2597,,,1,30,,3054,2597,,,1,70,,3055,2597,,,1,30,,3056,2597,,,1,75,,3057,2897,,,1,30,,3058,2897,,,1,70,,3059,2897,,,1,30,,3060,2897,,,1,66,,3061,2668,,,1,30,,3062,2668,,,1,70,,3063,2668,,,1,27,,3064,2466,,,1,70,,3065,2466,,,1,409,,3066,2237,,,1,30,,3067,2237,,,1
4001,'3',643,,3068,2346,,,1,70,,3069,2346,,,1,30,,3070,2346,,,1,71,,3071,2406,,,1,30,,3072,2406,,,1,70,,3073,2406,,,1,30,,3074,2406,,,1,70,,3075,2406,,,1,31,,3076,2466,,,1,70,,3077,2466,,,1,30,,3078,2466,,,1,70,,3079,2466,,,1,32,,3080,2597,,,1,70,,3081,2597,,,1,30,,3082,2597,,,1,70,,3083,2597,,,1,30,,3084,2597,,,1,75,,3085,2897,,,1,30,,3086,2897,,,1,70,,3087,2897,,,1,30,,3088,2897,,,1,66,,3089,2668,,,1,30,,3090,2668,,,1,70,,3091,2668,,,1,27,,3092,2466,,,1,70,,3093,2466,,,1,409,,3094,2237,,,1,30,,3095,2237,,,1
4001,'4',643,,3096,2346,,,1,70,,3097,2346,,,1,30,,3098,2346,,,1,71,,3099,2406,,,1,30,,3100,2406,,,1,70,,3101,2406,,,1,30,,3102,2406,,,1,70,,3103,2406,,,1,31,,3104,2466,,,1,70,,3105,2466,,,1,30,,3106,2466,,,1,70,,3107,2466,,,1,32,,3108,2597,,,1,70,,3109,2597,,,1,30,,3110,2597,,,1,70,,3111,2597,,,1,30,,3112,2597,,,1,75,,3113,2897,,,1,30,,3114,2897,,,1,70,,3115,2897,,,1,30,,3116,2897,,,1,66,,3117,2668,,,1,30,,3118,2668,,,1,70,,3119,2668,,,1,27,,3120,2466,,,1,70,,3121,2466,,,1,409,,3122,2237,,,1,30,,3123,2237,,,1
4001,'5',643,,3124,2346,,,1,70,,3125,2346,,,1,30,,3126,2346,,,1,71,,3127,2406,,,1,30,,3128,2406,,,1,70,,3129,2406,,,1,30,,3130,2406,,,1,70,,3131,2406,,,1,31,,3132,2466,,,1,70,,3133,2466,,,1,30,,3134,2466,,,1,70,,3135,2466,,,1,32,,3136,2597,,,1,70,,3137,2597,,,1,30,,3138,2597,,,1,70,,3139,2597,,,1,30,,3140,2597,,,1,75,,3141,2897,,,1,30,,3142,2897,,,1,70,,3143,2897,,,1,30,,3144,2897,,,1,66,,3145,2668,,,1,30,,3146,2668,,,1,70,,3147,2668,,,1,27,,3148,2466,,,1,70,,3149,2466,,,1,409,,3150,2237,,,1,30,,3151,2237,,,1
4001,'6',643,,3152,2346,,,1,70,,3153,2346,,,1,30,,3154,2346,,,1,71,,3155,2406,,,1,30,,3156,2406,,,1,70,,3157,2406,,,1,30,,3158,2406,,,1,70,,3159,2406,,,1,31,,3160,2466,,,1,70,,3161,2466,,,1,30,,3162,2466,,,1,70,,3163,2466,,,1,32,,3164,2597,,,1,70,,3165,2597,,,1,30,,3166,2597,,,1,70,,3167,2597,,,1,30,,3168,2597,,,1,75,,3169,2897,,,1,30,,3170,2897,,,1,70,,3171,2897,,,1,30,,3172,2897,,,1,66,,3173,2668,,,1,30,,3174,2668,,,1,70,,3175,2668,,,1,27,,3176,2466,,,1,70,,3177,2466,,,1,409,,3178,2237,,,1,30,,3179,2237,,,1
4001,'9',807,,3180,2477,,,1,100,,3181,2477,,,1,100,,3182,2477,,,1,100,,3183,2477,,,1,102,,3184,2597,,,1,100,,3185,2597,,,1,100,,3186,2597,,,1,100,,3187,2597,,,1,100,,3188,2597,,,1,100,,3189,2597,,,1,100,,3190,2597,,,1,100,,3191,2597,,,1,100,,3192,2597,,,1
6501,'2',701,,4063,2357,,,1,30,,4064,2357,,,1,70,,4065,2357,,,1,31,,4066,2428,,,1,70,,4067,2428,,,1,30,,4068,2428,,,1,70,,4069,2428,,,1,30,,4070,2428,,,1,71,,4071,2477,,,1,30,,4072,2477,,,1,70,,4073,2477,,,1,30,,4074,2477,,,1,69,,4075,2417,,,1,30,,4076,2417,,,1,70,,4077,2417,,,1,30,,4078,2417,,,1,73,,4079,2608,,,1,30,,4080,2608,,,1,70,,4081,2608,,,1,30,,4082,2608,,,1,70,,4083,2608,,,1,28,,4084,2500,,,1,70,,4085,2500,,,1,30,,4086,2500,,,1,68,,4087,2357,,,1,30,,4088,2357,,,1,70,,4089,2357,,,1,30,,4090,2357,,,1,69,,4091,2297,,,1,30,,4092,2297,,,1,70,,4093,2297,,,1,30,,4094,2297,,,1,29,,4095,2237,,,1
6501,'3',701,,4096,2357,,,1,30,,4097,2357,,,1,70,,4098,2357,,,1,31,,4099,2428,,,1,70,,4100,2428,,,1,30,,4101,2428,,,1,70,,4102,2428,,,1,30,,4103,2428,,,1,71,,4104,2477,,,1,30,,4105,2477,,,1,70,,4106,2477,,,1,30,,4107,2477,,,1,69,,4108,2417,,,1,30,,4109,2417,,,1,70,,4110,2417,,,1,30,,4111,2417,,,1,73,,4112,2608,,,1,30,,4113,2608,,,1,70,,4114,2608,,,1,30,,4115,2608,,,1,70,,4116,2608,,,1,28,,4117,2500,,,1,70,,4118,2500,,,1,30,,4119,2500,,,1,68,,4120,2357,,,1,30,,4121,2357,,,1,70,,4122,2357,,,1,30,,4123,2357,,,1,69,,4124,2297,,,1,30,,4125,2297,,,1,70,,4126,2297,,,1,30,,4127,2297,,,1,29,,4128,2237,,,1
6501,'4',701,,4129,2357,,,1,30,,4130,2357,,,1,70,,4131,2357,,,1,31,,4132,2428,,,1,70,,4133,2428,,,1,30,,4134,2428,,,1,70,,4135,2428,,,1,30,,4136,2428,,,1,71,,4137,2477,,,1,30,,4138,2477,,,1,70,,4139,2477,,,1,30,,4140,2477,,,1,69,,4141,2417,,,1,30,,4142,2417,,,1,70,,4143,2417,,,1,30,,4144,2417,,,1,73,,4145,2608,,,1,30,,4146,2608,,,1,70,,4147,2608,,,1,30,,4148,2608,,,1,70,,4149,2608,,,1,28,,4150,2500,,,1,70,,4151,2500,,,1,30,,4152,2500,,,1,68,,4153,2357,,,1,30,,4154,2357,,,1,70,,4155,2357,,,1,30,,4156,2357,,,1,69,,4157,2297,,,1,30,,4158,2297,,,1,70,,4159,2297,,,1,30,,4160,2297,,,1,29,,4161,2237,,,1
6501,'5',701,,4162,2357,,,1,30,,4163,2357,,,1,70,,4164,2357,,,1,31,,4165,2428,,,1,70,,4166,2428,,,1,30,,4167,2428,,,1,70,,4168,2428,,,1,30,,4169,2428,,,1,71,,4170,2477,,,1,30,,4171,2477,,,1,70,,4172,2477,,,1,30,,4173,2477,,,1,69,,4174,2417,,,1,30,,4175,2417,,,1,70,,4176,2417,,,1,30,,4177,2417,,,1,73,,4178,2608,,,1,30,,4179,2608,,,1,70,,4180,2608,,,1,30,,4181,2608,,,1,70,,4182,2608,,,1,28,,4183,2500,,,1,70,,4184,2500,,,1,30,,4185,2500,,,1,68,,4186,2357,,,1,30,,4187,2357,,,1,70,,4188,2357,,,1,30,,4189,2357,,,1,69,,4190,2297,,,1,30,,4191,2297,,,1,70,,4192,2297,,,1,30,,4193,2297,,,1,29,,4194,2237,,,1
6501,'6',701,,4195,2357,,,1,30,,4196,2357,,,1,70,,4197,2357,,,1,31,,4198,2428,,,1,70,,4199,2428,,,1,30,,4200,2428,,,1,70,,4201,2428,,,1,30,,4202,2428,,,1,71,,4203,2477,,,1,30,,4204,2477,,,1,70,,4205,2477,,,1,30,,4206,2477,,,1,69,,4207,2417,,,1,30,,4208,2417,,,1,70,,4209,2417,,,1,30,,4210,2417,,,1,73,,4211,2608,,,1,30,,4212,2608,,,1,70,,4213,2608,,,1,30,,4214,2608,,,1,70,,4215,2608,,,1,28,,4216,2500,,,1,70,,4217,2500,,,1,30,,4218,2500,,,1,68,,4219,2357,,,1,30,,4220,2357,,,1,70,,4221,2357,,,1,30,,4222,2357,,,1,69,,4223,2297,,,1,30,,4224,2297,,,1,70,,4225,2297,,,1,30,,4226,2297,,,1,29,,4227,2237,,,1
6501,'9',837,,4228,2166,,,1,100,,4229,2166,,,1,100,,4230,2166,,,1,103,,4231,2357,,,1,100,,4232,2357,,,1,100,,4233,2357,,,1,100,,4234,2357,,,1,100,,4235,2357,,,1,100,,4236,2357,,,1,100,,4237,2357,,,1,100,,4238,2357,,,1,100,,4239,2357,,,1
