4001,'2',641,,3040,2237,,,1,70,,3041,2237,,,1,30,,3042,2237,,,1,71,,3043,2292,,,1,30,,3044,2292,,,1,70,,3045,2292,,,1,30,,3046,2292,,,1,70,,3047,2292,,,1,31,,3048,2346,,,1,70,,3049,2346,,,1,30,,3050,2346,,,1,70,,3051,2346,,,1,32,,3052,2466,,,1,70,,3053,2466,,,1,30,,3054,2466,,,1,70,,3055,2466,,,1,30,,3056,2466,,,1,75,,3057,2761,,,1,30,,3058,2761,,,1,70,,3059,2761,,,1,30,,3060,2761,,,1,66,,3061,2532,,,1,30,,3062,2532,,,1,70,,3063,2532,,,1,27,,3064,2357,,,1,70,,3065,2357,,,1,409,,3066,2128,,,1,30,,3067,2128,,,1
4001,'3',641,,3068,2237,,,1,70,,3069,2237,,,1,30,,3070,2237,,,1,71,,3071,2292,,,1,30,,3072,2292,,,1,70,,3073,2292,,,1,30,,3074,2292,,,1,70,,3075,2292,,,1,31,,3076,2346,,,1,70,,3077,2346,,,1,30,,3078,2346,,,1,70,,3079,2346,,,1,32,,3080,2466,,,1,70,,3081,2466,,,1,30,,3082,2466,,,1,70,,3083,2466,,,1,30,,3084,2466,,,1,75,,3085,2761,,,1,30,,3086,2761,,,1,70,,3087,2761,,,1,30,,3088,2761,,,1,66,,3089,2532,,,1,30,,3090,2532,,,1,70,,3091,2532,,,1,27,,3092,2357,,,1,70,,3093,2357,,,1,409,,3094,2128,,,1,30,,3095,2128,,,1
4001,'4',641,,3096,2237,,,1,70,,3097,2237,,,1,30,,3098,2237,,,1,71,,3099,2292,,,1,30,,3100,2292,,,1,70,,3101,2292,,,1,30,,3102,2292,,,1,70,,3103,2292,,,1,31,,3104,2346,,,1,70,,3105,2346,,,1,30,,3106,2346,,,1,70,,3107,2346,,,1,32,,3108,2466,,,1,70,,3109,2466,,,1,30,,3110,2466,,,1,70,,3111,2466,,,1,30,,3112,2466,,,1,75,,3113,2761,,,1,30,,3114,2761,,,1,70,,3115,2761,,,1,30,,3116,2761,,,1,66,,3117,2532,,,1,30,,3118,2532,,,1,70,,3119,2532,,,1,27,,3120,2357,,,1,70,,3121,2357,,,1,409,,3122,2128,,,1,30,,3123,2128,,,1
4001,'5',641,,3124,2237,,,1,70,,3125,2237,,,1,30,,3126,2237,,,1,71,,3127,2292,,,1,30,,3128,2292,,,1,70,,3129,2292,,,1,30,,3130,2292,,,1,70,,3131,2292,,,1,31,,3132,2346,,,1,70,,3133,2346,,,1,30,,3134,2346,,,1,70,,3135,2346,,,1,32,,3136,2466,,,1,70,,3137,2466,,,1,30,,3138,2466,,,1,70,,3139,2466,,,1,30,,3140,2466,,,1,75,,3141,2761,,,1,30,,3142,2761,,,1,70,,3143,2761,,,1,30,,3144,2761,,,1,66,,3145,2532,,,1,30,,3146,2532,,,1,70,,3147,2532,,,1,27,,3148,2357,,,1,70,,3149,2357,,,1,409,,3150,2128,,,1,30,,3151,2128,,,1
4001,'6',641,,3152,2237,,,1,70,,3153,2237,,,1,30,,3154,2237,,,1,71,,3155,2292,,,1,30,,3156,2292,,,1,70,,3157,2292,,,1,30,,3158,2292,,,1,70,,3159,2292,,,1,31,,3160,2346,,,1,70,,3161,2346,,,1,30,,3162,2346,,,1,70,,3163,2346,,,1,32,,3164,2466,,,1,70,,3165,2466,,,1,30,,3166,2466,,,1,70,,3167,2466,,,1,30,,3168,2466,,,1,75,,3169,2761,,,1,30,,3170,2761,,,1,70,,3171,2761,,,1,30,,3172,2761,,,1,66,,3173,2532,,,1,30,,3174,2532,,,1,70,,3175,2532,,,1,27,,3176,2357,,,1,70,,3177,2357,,,1,409,,3178,2128,,,1,30,,3179,2128,,,1
4001,'9',805,,3180,2357,,,1,100,,3181,2357,,,1,100,,3182,2357,,,1,100,,3183,2357,,,1,102,,3184,2472,,,1,100,,3185,2472,,,1,100,,3186,2472,,,1,100,,3187,2472,,,1,100,,3188,2472,,,1,100,,3189,2472,,,1,100,,3190,2472,,,1,100,,3191,2472,,,1,100,,3192,2472,,,1
6501,'2',659,,4063,2232,,,1,70,,4064,2232,,,1,30,,4065,2232,,,1,71,,4066,2292,,,1,70,,4067,2292,,,1,30,,4068,2292,,,1,70,,4069,2292,,,1,30,,4070,2292,,,1,71,,4071,2346,,,1,30,,4072,2346,,,1,70,,4073,2346,,,1,30,,4074,2346,,,1,69,,4075,2292,,,1,30,,4076,2292,,,1,70,,4077,2292,,,1,30,,4078,2292,,,1,73,,4079,2466,,,1,30,,4080,2466,,,1,70,,4081,2466,,,1,30,,4082,2466,,,1,70,,4083,2466,,,1,28,,4084,2352,,,1,70,,4085,2352,,,1,30,,4086,2352,,,1,28,,4087,2237,,,1,70,,4088,2237,,,1,30,,4089,2237,,,1,70,,4090,2237,,,1,29,,4091,2177,,,1,70,,4092,2177,,,1,30,,4093,2177,,,1,70,,4094,2177,,,1,29,,4095,2117,,,1
6501,'3',659,,4096,2232,,,1,70,,4097,2232,,,1,30,,4098,2232,,,1,71,,4099,2292,,,1,70,,4100,2292,,,1,30,,4101,2292,,,1,70,,4102,2292,,,1,30,,4103,2292,,,1,71,,4104,2346,,,1,30,,4105,2346,,,1,70,,4106,2346,,,1,30,,4107,2346,,,1,69,,4108,2292,,,1,30,,4109,2292,,,1,70,,4110,2292,,,1,30,,4111,2292,,,1,73,,4112,2466,,,1,30,,4113,2466,,,1,70,,4114,2466,,,1,30,,4115,2466,,,1,70,,4116,2466,,,1,28,,4117,2352,,,1,70,,4118,2352,,,1,30,,4119,2352,,,1,28,,4120,2237,,,1,70,,4121,2237,,,1,30,,4122,2237,,,1,70,,4123,2237,,,1,29,,4124,2177,,,1,70,,4125,2177,,,1,30,,4126,2177,,,1,70,,4127,2177,,,1,29,,4128,2117,,,1
6501,'4',659,,4129,2232,,,1,70,,4130,2232,,,1,30,,4131,2232,,,1,71,,4132,2292,,,1,70,,4133,2292,,,1,30,,4134,2292,,,1,70,,4135,2292,,,1,30,,4136,2292,,,1,71,,4137,2346,,,1,30,,4138,2346,,,1,70,,4139,2346,,,1,30,,4140,2346,,,1,69,,4141,2292,,,1,30,,4142,2292,,,1,70,,4143,2292,,,1,30,,4144,2292,,,1,73,,4145,2466,,,1,30,,4146,2466,,,1,70,,4147,2466,,,1,30,,4148,2466,,,1,70,,4149,2466,,,1,28,,4150,2352,,,1,70,,4151,2352,,,1,30,,4152,2352,,,1,28,,4153,2237,,,1,70,,4154,2237,,,1,30,,4155,2237,,,1,70,,4156,2237,,,1,29,,4157,2177,,,1,70,,4158,2177,,,1,30,,4159,2177,,,1,70,,4160,2177,,,1,29,,4161,2117,,,1
6501,'5',659,,4162,2232,,,1,70,,4163,2232,,,1,30,,4164,2232,,,1,71,,4165,2292,,,1,70,,4166,2292,,,1,30,,4167,2292,,,1,70,,4168,2292,,,1,30,,4169,2292,,,1,71,,4170,2346,,,1,30,,4171,2346,,,1,70,,4172,2346,,,1,30,,4173,2346,,,1,69,,4174,2292,,,1,30,,4175,2292,,,1,70,,4176,2292,,,1,30,,4177,2292,,,1,73,,4178,2466,,,1,30,,4179,2466,,,1,70,,4180,2466,,,1,30,,4181,2466,,,1,70,,4182,2466,,,1,28,,4183,2352,,,1,70,,4184,2352,,,1,30,,4185,2352,,,1,28,,4186,2237,,,1,70,,4187,2237,,,1,30,,4188,2237,,,1,70,,4189,2237,,,1,29,,4190,2177,,,1,70,,4191,2177,,,1,30,,4192,2177,,,1,70,,4193,2177,,,1,29,,4194,2117,,,1
6501,'6',659,,4195,2232,,,1,70,,4196,2232,,,1,30,,4197,2232,,,1,71,,4198,2292,,,1,70,,4199,2292,,,1,30,,4200,2292,,,1,70,,4201,2292,,,1,30,,4202,2292,,,1,71,,4203,2346,,,1,30,,4204,2346,,,1,70,,4205,2346,,,1,30,,4206,2346,,,1,69,,4207,2292,,,1,30,,4208,2292,,,1,70,,4209,2292,,,1,30,,4210,2292,,,1,73,,4211,2466,,,1,30,,4212,2466,,,1,70,,4213,2466,,,1,30,,4214,2466,,,1,70,,4215,2466,,,1,28,,4216,2352,,,1,70,,4217,2352,,,1,30,,4218,2352,,,1,28,,4219,2237,,,1,70,,4220,2237,,,1,30,,4221,2237,,,1,70,,4222,2237,,,1,29,,4223,2177,,,1,70,,4224,2177,,,1,30,,4225,2177,,,1,70,,4226,2177,,,1,29,,4227,2117,,,1
6501,'9',835,,4228,2062,,,1,100,,4229,2062,,,1,100,,4230,2062,,,1,103,,4231,2232,,,1,100,,4232,2232,,,1,100,,4233,2232,,,1,100,,4234,2232,,,1,100,,4235,2232,,,1,100,,4236,2232,,,1,100,,4237,2232,,,1,100,,4238,2232,,,1,100,,4239,2232,,,1
