3101,'2',634,,2493,81,,,1,71,,2494,81,,,1,31,,2495,81,,,1,71,,2496,81,,,1,32,,2497,81,,,1,72,,2498,81,,,1,32,,2499,81,,,1,72,,2500,81,,,1,33,,2501,81,,,1,72,,2502,81,,,1,32,,2503,81,,,1,73,,2504,81,,,1,32,,2505,81,,,1,73,,2506,81,,,1,73,,2507,81,,,1,32,,2508,90,,,1,73,,2509,90,,,1,33,,2510,90,,,1,73,,2511,90,,,1,33,,2512,100,,,1,73,,2513,100,,,1,33,,2514,100,,,1,73,,2515,81,,,1,32,,2516,81,,,1,72,,2517,81,,,1,72,,2518,81,,,1,32,,2519,81,,,1,72,,2520,81,,,1,32,,2521,81,,,1,72,,2522,81,,,1
3101,'3',634,,2523,81,,,1,71,,2524,81,,,1,31,,2525,81,,,1,71,,2526,81,,,1,32,,2527,81,,,1,72,,2528,81,,,1,32,,2529,81,,,1,72,,2530,81,,,1,33,,2531,81,,,1,72,,2532,81,,,1,32,,2533,81,,,1,73,,2534,81,,,1,32,,2535,81,,,1,73,,2536,81,,,1,73,,2537,81,,,1,32,,2538,90,,,1,73,,2539,90,,,1,33,,2540,90,,,1,73,,2541,90,,,1,33,,2542,100,,,1,73,,2543,100,,,1,33,,2544,100,,,1,73,,2545,81,,,1,32,,2546,81,,,1,72,,2547,81,,,1,72,,2548,81,,,1,32,,2549,81,,,1,72,,2550,81,,,1,32,,2551,81,,,1,72,,2552,81,,,1
3101,'4',634,,2553,81,,,1,71,,2554,81,,,1,31,,2555,81,,,1,71,,2556,81,,,1,32,,2557,81,,,1,72,,2558,81,,,1,32,,2559,81,,,1,72,,2560,81,,,1,33,,2561,81,,,1,72,,2562,81,,,1,32,,2563,81,,,1,73,,2564,81,,,1,32,,2565,81,,,1,73,,2566,81,,,1,73,,2567,81,,,1,32,,2568,90,,,1,73,,2569,90,,,1,33,,2570,90,,,1,73,,2571,90,,,1,33,,2572,100,,,1,73,,2573,100,,,1,33,,2574,100,,,1,73,,2575,81,,,1,32,,2576,81,,,1,72,,2577,81,,,1,72,,2578,81,,,1,32,,2579,81,,,1,72,,2580,81,,,1,32,,2581,81,,,1,72,,2582,81,,,1
3101,'5',634,,2583,81,,,1,71,,2584,81,,,1,31,,2585,81,,,1,71,,2586,81,,,1,32,,2587,81,,,1,72,,2588,81,,,1,32,,2589,81,,,1,72,,2590,81,,,1,33,,2591,81,,,1,72,,2592,81,,,1,32,,2593,81,,,1,73,,2594,81,,,1,32,,2595,81,,,1,73,,2596,81,,,1,73,,2597,81,,,1,32,,2598,90,,,1,73,,2599,90,,,1,33,,2600,90,,,1,73,,2601,90,,,1,33,,2602,100,,,1,73,,2603,100,,,1,33,,2604,100,,,1,73,,2605,81,,,1,32,,2606,81,,,1,72,,2607,81,,,1,72,,2608,81,,,1,32,,2609,81,,,1,72,,2610,81,,,1,32,,2611,81,,,1,72,,2612,81,,,1
3101,'6',634,,2613,81,,,1,71,,2614,81,,,1,31,,2615,81,,,1,71,,2616,81,,,1,32,,2617,81,,,1,72,,2618,81,,,1,32,,2619,81,,,1,72,,2620,81,,,1,33,,2621,81,,,1,72,,2622,81,,,1,32,,2623,81,,,1,73,,2624,81,,,1,32,,2625,81,,,1,73,,2626,81,,,1,73,,2627,81,,,1,32,,2628,90,,,1,73,,2629,90,,,1,33,,2630,90,,,1,73,,2631,90,,,1,33,,2632,100,,,1,73,,2633,100,,,1,33,,2634,100,,,1,73,,2635,81,,,1,32,,2636,81,,,1,72,,2637,81,,,1,72,,2638,81,,,1,32,,2639,81,,,1,72,,2640,81,,,1,32,,2641,81,,,1,72,,2642,81,,,1
3101,'9',811,,2643,72,,,1,100,,2644,72,,,1,100,,2645,72,,,1,100,,2646,90,,,1,100,,2647,90,,,1,100,,2648,90,,,1,100,,2649,90,,,1,100,,2650,90,,,1,100,,2651,90,,,1,100,,2652,90,,,1,100,,2653,90,,,1,100,,2654,90,,,1
5101,'2',609,,3370,71,,,1,30,,3371,71,,,1,70,,3372,71,,,1,30,,3373,86,,,1,72,,3374,86,,,1,32,,3375,86,,,1,72,,3376,86,,,1,32,,3377,86,,,1,72,,3378,94,,,1,32,,3379,94,,,1,72,,3380,94,,,1,32,,3381,94,,,1,73,,3382,94,,,1,73,,3383,94,,,1,33,,3384,94,,,1,72,,3385,94,,,1,33,,3386,94,,,1,73,,3387,94,,,1,33,,3388,94,,,1,73,,3389,94,,,1,33,,3390,102,,,1,73,,3391,102,,,1,33,,3392,102,,,1,73,,3393,94,,,1,73,,3394,94,,,1,32,,3395,94,,,1,72,,3396,86,,,1,32,,3397,86,,,1,72,,3398,86,,,1,32,,3399,86,,,1,72,,3400,78,,,1
5101,'3',609,,3401,71,,,1,30,,3402,71,,,1,70,,3403,71,,,1,30,,3404,86,,,1,72,,3405,86,,,1,32,,3406,86,,,1,72,,3407,86,,,1,32,,3408,86,,,1,72,,3409,94,,,1,32,,3410,94,,,1,72,,3411,94,,,1,32,,3412,94,,,1,73,,3413,94,,,1,73,,3414,94,,,1,33,,3415,94,,,1,72,,3416,94,,,1,33,,3417,94,,,1,73,,3418,94,,,1,33,,3419,94,,,1,73,,3420,94,,,1,33,,3421,102,,,1,73,,3422,102,,,1,33,,3423,102,,,1,73,,3424,94,,,1,73,,3425,94,,,1,32,,3426,94,,,1,72,,3427,86,,,1,32,,3428,86,,,1,72,,3429,86,,,1,32,,3430,86,,,1,72,,3431,78,,,1
5101,'4',609,,3432,71,,,1,30,,3433,71,,,1,70,,3434,71,,,1,30,,3435,86,,,1,72,,3436,86,,,1,32,,3437,86,,,1,72,,3438,86,,,1,32,,3439,86,,,1,72,,3440,94,,,1,32,,3441,94,,,1,72,,3442,94,,,1,32,,3443,94,,,1,73,,3444,94,,,1,73,,3445,94,,,1,33,,3446,94,,,1,72,,3447,94,,,1,33,,3448,94,,,1,73,,3449,94,,,1,33,,3450,94,,,1,73,,3451,94,,,1,33,,3452,102,,,1,73,,3453,102,,,1,33,,3454,102,,,1,73,,3455,94,,,1,73,,3456,94,,,1,32,,3457,94,,,1,72,,3458,86,,,1,32,,3459,86,,,1,72,,3460,86,,,1,32,,3461,86,,,1,72,,3462,78,,,1
5101,'5',609,,3463,71,,,1,30,,3464,71,,,1,70,,3465,71,,,1,30,,3466,86,,,1,72,,3467,86,,,1,32,,3468,86,,,1,72,,3469,86,,,1,32,,3470,86,,,1,72,,3471,94,,,1,32,,3472,94,,,1,72,,3473,94,,,1,32,,3474,94,,,1,73,,3475,94,,,1,73,,3476,94,,,1,33,,3477,94,,,1,72,,3478,94,,,1,33,,3479,94,,,1,73,,3480,94,,,1,33,,3481,94,,,1,73,,3482,94,,,1,33,,3483,102,,,1,73,,3484,102,,,1,33,,3485,102,,,1,73,,3486,94,,,1,73,,3487,94,,,1,32,,3488,94,,,1,72,,3489,86,,,1,32,,3490,86,,,1,72,,3491,86,,,1,32,,3492,86,,,1,72,,3493,78,,,1
5101,'6',609,,3494,71,,,1,30,,3495,71,,,1,70,,3496,71,,,1,30,,3497,86,,,1,72,,3498,86,,,1,32,,3499,86,,,1,72,,3500,86,,,1,32,,3501,86,,,1,72,,3502,94,,,1,32,,3503,94,,,1,72,,3504,94,,,1,32,,3505,94,,,1,73,,3506,94,,,1,73,,3507,94,,,1,33,,3508,94,,,1,72,,3509,94,,,1,33,,3510,94,,,1,73,,3511,94,,,1,33,,3512,94,,,1,73,,3513,94,,,1,33,,3514,102,,,1,73,,3515,102,,,1,33,,3516,102,,,1,73,,3517,94,,,1,73,,3518,94,,,1,32,,3519,94,,,1,72,,3520,86,,,1,32,,3521,86,,,1,72,,3522,86,,,1,32,,3523,86,,,1,72,,3524,78,,,1
5101,'9',821,,3525,78,,,1,100,,3526,78,,,1,100,,3527,78,,,1,100,,3528,86,,,1,100,,3529,86,,,1,100,,3530,86,,,1,100,,3531,86,,,1,100,,3532,78,,,1,100,,3533,78,,,1,100,,3534,78,,,1,100,,3535,78,,,1,100,,3536,78,,,1
