1100,'2',645,,637,1131,,,1,103,,638,1268,,,1,100,,639,1268,,,1,100,,640,1268,,,1,100,,641,1268,,,1,102,,642,1268,,,1,99,,643,1328,,,1,100,,644,1328,,,1,101,,645,1388,,,1,102,,646,1388,,,1,101,,647,1328,,,1,96,,648,1328,,,1,99,,649,1268,,,1,102,,650,1268,,,1,99,,651,1208,,,1,100,,652,1208,,,1
1100,'3',645,,653,1131,,,1,103,,654,1268,,,1,100,,655,1268,,,1,100,,656,1268,,,1,100,,657,1268,,,1,102,,658,1268,,,1,99,,659,1328,,,1,100,,660,1328,,,1,101,,661,1388,,,1,102,,662,1388,,,1,101,,663,1328,,,1,96,,664,1328,,,1,99,,665,1268,,,1,102,,666,1268,,,1,99,,667,1208,,,1,100,,668,1208,,,1
1100,'4',645,,669,1131,,,1,103,,670,1268,,,1,100,,671,1268,,,1,100,,672,1268,,,1,100,,673,1268,,,1,102,,674,1268,,,1,99,,675,1328,,,1,100,,676,1328,,,1,101,,677,1388,,,1,102,,678,1388,,,1,101,,679,1328,,,1,96,,680,1328,,,1,99,,681,1268,,,1,102,,682,1268,,,1,99,,683,1208,,,1,100,,684,1208,,,1
1100,'5',645,,685,1131,,,1,103,,686,1268,,,1,100,,687,1268,,,1,100,,688,1268,,,1,100,,689,1268,,,1,102,,690,1268,,,1,99,,691,1328,,,1,100,,692,1328,,,1,101,,693,1388,,,1,102,,694,1388,,,1,101,,695,1328,,,1,96,,696,1328,,,1,99,,697,1268,,,1,102,,698,1268,,,1,99,,699,1208,,,1,100,,700,1208,,,1
1100,'6',645,,701,1131,,,1,103,,702,1268,,,1,100,,703,1268,,,1,100,,704,1268,,,1,100,,705,1268,,,1,102,,706,1268,,,1,99,,707,1328,,,1,100,,708,1328,,,1,101,,709,1388,,,1,102,,710,1388,,,1,101,,711,1328,,,1,96,,712,1328,,,1,99,,713,1268,,,1,102,,714,1268,,,1,99,,715,1208,,,1,100,,716,1208,,,1
1100,'9',826,,717,1131,,,1,100,,718,1131,,,1,100,,719,1131,,,1,102,,720,1208,,,1,100,,721,1208,,,1,100,,722,1208,,,1,100,,723,1208,,,1,100,,724,1208,,,1,100,,725,1208,,,1,100,,726,1208,,,1,100,,727,1208,,,1,100,,728,1208,,,1
3001,'2',620,,2175,906,,,1,15,,2176,906,,,1,15,,2177,906,,,1,55,,2178,906,,,1,15,,2179,906,,,1,15,,2180,906,,,1,17,,2181,1052,,,1,55,,2182,1052,,,1,15,,2183,1052,,,1,15,,2184,1052,,,1,15,,2185,1052,,,1,55,,2186,1052,,,1,15,,2187,1052,,,1,15,,2188,1052,,,1,15,,2189,1052,,,1,55,,2190,1052,,,1,15,,2191,1052,,,1,15,,2192,1052,,,1,15,,2193,1052,,,1,55,,2194,1052,,,1,15,,2195,1052,,,1,15,,2196,1052,,,1,15,,2197,1052,,,1,55,,2198,1052,,,1,16,,2199,1112,,,1,15,,2200,1112,,,1,15,,2201,1112,,,1,55,,2202,1112,,,1,15,,2203,1112,,,1,15,,2204,1112,,,1,15,,2205,1112,,,1,55,,2206,1112,,,1,15,,2207,1112,,,1,16,,2208,1137,,,1,16,,2209,1137,,,1,56,,2210,1137,,,1,16,,2211,1137,,,1,16,,2212,1137,,,1,16,,2213,1137,,,1,56,,2214,1137,,,1,16,,2215,1137,,,1,16,,2216,1137,,,1,56,,2217,1112,,,1,16,,2218,1112,,,1,16,,2219,1112,,,1,16,,2220,1112,,,1,56,,2221,1112,,,1,15,,2222,1086,,,1,15,,2223,1086,,,1,15,,2224,1086,,,1,55,,2225,1086,,,1,15,,2226,1086,,,1,30,,2227,1086,,,1,69,,2228,1026,,,1,30,,2229,1026,,,1,70,,2230,1026,,,1,30,,2231,1026,,,1,68,,2232,940,,,1,100,,2233,940,,,1
3001,'3',620,,2234,906,,,1,15,,2235,906,,,1,15,,2236,906,,,1,55,,2237,906,,,1,15,,2238,906,,,1,15,,2239,906,,,1,17,,2240,1052,,,1,55,,2241,1052,,,1,15,,2242,1052,,,1,15,,2243,1052,,,1,15,,2244,1052,,,1,55,,2245,1052,,,1,15,,2246,1052,,,1,15,,2247,1052,,,1,15,,2248,1052,,,1,55,,2249,1052,,,1,15,,2250,1052,,,1,15,,2251,1052,,,1,15,,2252,1052,,,1,55,,2253,1052,,,1,15,,2254,1052,,,1,15,,2255,1052,,,1,15,,2256,1052,,,1,55,,2257,1052,,,1,16,,2258,1112,,,1,15,,2259,1112,,,1,15,,2260,1112,,,1,55,,2261,1112,,,1,15,,2262,1112,,,1,15,,2263,1112,,,1,15,,2264,1112,,,1,55,,2265,1112,,,1,15,,2266,1112,,,1,16,,2267,1137,,,1,16,,2268,1137,,,1,56,,2269,1137,,,1,16,,2270,1137,,,1,16,,2271,1137,,,1,16,,2272,1137,,,1,56,,2273,1137,,,1,16,,2274,1137,,,1,16,,2275,1137,,,1,56,,2276,1112,,,1,16,,2277,1112,,,1,16,,2278,1112,,,1,16,,2279,1112,,,1,56,,2280,1112,,,1,15,,2281,1086,,,1,15,,2282,1086,,,1,15,,2283,1086,,,1,55,,2284,1086,,,1,15,,2285,1086,,,1,30,,2286,1086,,,1,69,,2287,1026,,,1,30,,2288,1026,,,1,70,,2289,1026,,,1,30,,2290,1026,,,1,68,,2291,940,,,1,100,,2292,940,,,1
3001,'4',620,,2293,906,,,1,15,,2294,906,,,1,15,,2295,906,,,1,55,,2296,906,,,1,15,,2297,906,,,1,15,,2298,906,,,1,17,,2299,1052,,,1,55,,2300,1052,,,1,15,,2301,1052,,,1,15,,2302,1052,,,1,15,,2303,1052,,,1,55,,2304,1052,,,1,15,,2305,1052,,,1,15,,2306,1052,,,1,15,,2307,1052,,,1,55,,2308,1052,,,1,15,,2309,1052,,,1,15,,2310,1052,,,1,15,,2311,1052,,,1,55,,2312,1052,,,1,15,,2313,1052,,,1,15,,2314,1052,,,1,15,,2315,1052,,,1,55,,2316,1052,,,1,16,,2317,1112,,,1,15,,2318,1112,,,1,15,,2319,1112,,,1,55,,2320,1112,,,1,15,,2321,1112,,,1,15,,2322,1112,,,1,15,,2323,1112,,,1,55,,2324,1112,,,1,15,,2325,1112,,,1,16,,2326,1137,,,1,16,,2327,1137,,,1,56,,2328,1137,,,1,16,,2329,1137,,,1,16,,2330,1137,,,1,16,,2331,1137,,,1,56,,2332,1137,,,1,16,,2333,1137,,,1,16,,2334,1137,,,1,56,,2335,1112,,,1,16,,2336,1112,,,1,16,,2337,1112,,,1,16,,2338,1112,,,1,56,,2339,1112,,,1,15,,2340,1086,,,1,15,,2341,1086,,,1,15,,2342,1086,,,1,55,,2343,1086,,,1,15,,2344,1086,,,1,30,,2345,1086,,,1,69,,2346,1026,,,1,30,,2347,1026,,,1,70,,2348,1026,,,1,30,,2349,1026,,,1,68,,2350,940,,,1,100,,2351,940,,,1
3001,'5',620,,2352,906,,,1,15,,2353,906,,,1,15,,2354,906,,,1,55,,2355,906,,,1,15,,2356,906,,,1,15,,2357,906,,,1,17,,2358,1052,,,1,55,,2359,1052,,,1,15,,2360,1052,,,1,15,,2361,1052,,,1,15,,2362,1052,,,1,55,,2363,1052,,,1,15,,2364,1052,,,1,15,,2365,1052,,,1,15,,2366,1052,,,1,55,,2367,1052,,,1,15,,2368,1052,,,1,15,,2369,1052,,,1,15,,2370,1052,,,1,55,,2371,1052,,,1,15,,2372,1052,,,1,15,,2373,1052,,,1,15,,2374,1052,,,1,55,,2375,1052,,,1,16,,2376,1112,,,1,15,,2377,1112,,,1,15,,2378,1112,,,1,55,,2379,1112,,,1,15,,2380,1112,,,1,15,,2381,1112,,,1,15,,2382,1112,,,1,55,,2383,1112,,,1,15,,2384,1112,,,1,16,,2385,1137,,,1,16,,2386,1137,,,1,56,,2387,1137,,,1,16,,2388,1137,,,1,16,,2389,1137,,,1,16,,2390,1137,,,1,56,,2391,1137,,,1,16,,2392,1137,,,1,16,,2393,1137,,,1,56,,2394,1112,,,1,16,,2395,1112,,,1,16,,2396,1112,,,1,16,,2397,1112,,,1,56,,2398,1112,,,1,15,,2399,1086,,,1,15,,2400,1086,,,1,15,,2401,1086,,,1,55,,2402,1086,,,1,15,,2403,1086,,,1,30,,2404,1086,,,1,69,,2405,1026,,,1,30,,2406,1026,,,1,70,,2407,1026,,,1,30,,2408,1026,,,1,68,,2409,940,,,1,100,,2410,940,,,1
3001,'6',620,,2411,906,,,1,15,,2412,906,,,1,15,,2413,906,,,1,55,,2414,906,,,1,15,,2415,906,,,1,15,,2416,906,,,1,17,,2417,1052,,,1,55,,2418,1052,,,1,15,,2419,1052,,,1,15,,2420,1052,,,1,15,,2421,1052,,,1,55,,2422,1052,,,1,15,,2423,1052,,,1,15,,2424,1052,,,1,15,,2425,1052,,,1,55,,2426,1052,,,1,15,,2427,1052,,,1,15,,2428,1052,,,1,15,,2429,1052,,,1,55,,2430,1052,,,1,15,,2431,1052,,,1,15,,2432,1052,,,1,15,,2433,1052,,,1,55,,2434,1052,,,1,16,,2435,1112,,,1,15,,2436,1112,,,1,15,,2437,1112,,,1,55,,2438,1112,,,1,15,,2439,1112,,,1,15,,2440,1112,,,1,15,,2441,1112,,,1,55,,2442,1112,,,1,15,,2443,1112,,,1,16,,2444,1137,,,1,16,,2445,1137,,,1,56,,2446,1137,,,1,16,,2447,1137,,,1,16,,2448,1137,,,1,16,,2449,1137,,,1,56,,2450,1137,,,1,16,,2451,1137,,,1,16,,2452,1137,,,1,56,,2453,1112,,,1,16,,2454,1112,,,1,16,,2455,1112,,,1,16,,2456,1112,,,1,56,,2457,1112,,,1,15,,2458,1086,,,1,15,,2459,1086,,,1,15,,2460,1086,,,1,55,,2461,1086,,,1,15,,2462,1086,,,1,30,,2463,1086,,,1,69,,2464,1026,,,1,30,,2465,1026,,,1,70,,2466,1026,,,1,30,,2467,1026,,,1,68,,2468,940,,,1,100,,2469,940,,,1
3001,'9',843,,2470,940,,,1,70,,2471,940,,,1,30,,2472,940,,,1,70,,2473,940,,,1,30,,2474,940,,,1,70,,2475,940,,,1,32,,2476,1052,,,1,70,,2477,1052,,,1,30,,2478,1052,,,1,70,,2479,1052,,,1,30,,2480,1052,,,1,70,,2481,1052,,,1,30,,2482,1052,,,1,70,,2483,1052,,,1,30,,2484,1026,,,1,70,,2485,1026,,,1,30,,2486,1026,,,1,70,,2487,1026,,,1,30,,2488,1026,,,1,70,,2489,1026,,,1,30,,2490,1026,,,1,70,,2491,1026,,,1,30,,2492,1026,,,1
