9200,'2',703,,4444,2160,4,,1,56,,4445,2160,4,,1,72,,4446,2220,4,,1,94,,4447,2220,4,,1,695,,4448,2460,4,,1,30,,4449,2460,4,,1,105,,4450,2580,4,,1,90,,4451,2220,4,,1,76,,4452,2220,4,,1
9200,'3',703,,4453,2160,4,,1,56,,4454,2160,4,,1,72,,4455,2220,4,,1,94,,4456,2220,4,,1,695,,4457,2460,4,,1,30,,4458,2460,4,,1,105,,4459,2580,4,,1,90,,4460,2220,4,,1,76,,4461,2220,4,,1
9200,'4',703,,4462,2160,4,,1,56,,4463,2160,4,,1,72,,4464,2220,4,,1,94,,4465,2220,4,,1,695,,4466,2460,4,,1,30,,4467,2460,4,,1,105,,4468,2580,4,,1,90,,4469,2220,4,,1,76,,4470,2220,4,,1
9200,'5',703,,4471,2160,4,,1,56,,4472,2160,4,,1,72,,4473,2220,4,,1,94,,4474,2220,4,,1,695,,4475,2460,4,,1,30,,4476,2460,4,,1,105,,4477,2580,4,,1,90,,4478,2220,4,,1,76,,4479,2220,4,,1
9200,'6',703,,4480,2160,4,,1,56,,4481,2160,4,,1,72,,4482,2220,4,,1,94,,4483,2220,4,,1,695,,4484,2460,4,,1,30,,4485,2460,4,,1,105,,4486,2580,4,,1,90,,4487,2220,4,,1,76,,4488,2220,4,,1
9201,'2',547,,4489,0,,,1,94,,4490,0,,,1,70,,4491,0,,,1,97,,4492,0,,,1,29,,4493,0,,,1,94,,4494,0,,,1,693,,4495,0,,,1,31,,4496,0,,,1,104,,4497,0,,,1,90,,4498,0,,,1
9201,'3',547,,4499,0,,,1,94,,4500,0,,,1,70,,4501,0,,,1,97,,4502,0,,,1,29,,4503,0,,,1,94,,4504,0,,,1,693,,4505,0,,,1,31,,4506,0,,,1,104,,4507,0,,,1,90,,4508,0,,,1
9201,'4',547,,4509,0,,,1,94,,4510,0,,,1,70,,4511,0,,,1,97,,4512,0,,,1,29,,4513,0,,,1,94,,4514,0,,,1,693,,4515,0,,,1,31,,4516,0,,,1,104,,4517,0,,,1,90,,4518,0,,,1
9201,'5',547,,4519,0,,,1,94,,4520,0,,,1,70,,4521,0,,,1,97,,4522,0,,,1,29,,4523,0,,,1,94,,4524,0,,,1,693,,4525,0,,,1,31,,4526,0,,,1,104,,4527,0,,,1,90,,4528,0,,,1
9201,'6',547,,4529,0,,,1,94,,4530,0,,,1,70,,4531,0,,,1,97,,4532,0,,,1,29,,4533,0,,,1,94,,4534,0,,,1,693,,4535,0,,,1,31,,4536,0,,,1,104,,4537,0,,,1,90,,4538,0,,,1
