4001,'2',636,,3040,1943,,,1,70,,3041,1943,,,1,30,,3042,1943,,,1,70,,3043,1961,,,1,30,,3044,1961,,,1,70,,3045,1961,,,1,30,,3046,1961,,,1,70,,3047,1961,,,1,30,,3048,1979,,,1,70,,3049,1979,,,1,30,,3050,1979,,,1,70,,3051,1979,,,1,32,,3052,2099,,,1,70,,3053,2099,,,1,30,,3054,2099,,,1,70,,3055,2099,,,1,30,,3056,2099,,,1,75,,3057,2357,,,1,30,,3058,2357,,,1,70,,3059,2357,,,1,30,,3060,2357,,,1,67,,3061,2201,,,1,30,,3062,2201,,,1,70,,3063,2201,,,1,28,,3064,2063,,,1,70,,3065,2063,,,1,410,,3066,1907,,,1,30,,3067,1907,,,1
4001,'3',636,,3068,1943,,,1,70,,3069,1943,,,1,30,,3070,1943,,,1,70,,3071,1961,,,1,30,,3072,1961,,,1,70,,3073,1961,,,1,30,,3074,1961,,,1,70,,3075,1961,,,1,30,,3076,1979,,,1,70,,3077,1979,,,1,30,,3078,1979,,,1,70,,3079,1979,,,1,32,,3080,2099,,,1,70,,3081,2099,,,1,30,,3082,2099,,,1,70,,3083,2099,,,1,30,,3084,2099,,,1,75,,3085,2357,,,1,30,,3086,2357,,,1,70,,3087,2357,,,1,30,,3088,2357,,,1,67,,3089,2201,,,1,30,,3090,2201,,,1,70,,3091,2201,,,1,28,,3092,2063,,,1,70,,3093,2063,,,1,410,,3094,1907,,,1,30,,3095,1907,,,1
4001,'4',636,,3096,1943,,,1,70,,3097,1943,,,1,30,,3098,1943,,,1,70,,3099,1961,,,1,30,,3100,1961,,,1,70,,3101,1961,,,1,30,,3102,1961,,,1,70,,3103,1961,,,1,30,,3104,1979,,,1,70,,3105,1979,,,1,30,,3106,1979,,,1,70,,3107,1979,,,1,32,,3108,2099,,,1,70,,3109,2099,,,1,30,,3110,2099,,,1,70,,3111,2099,,,1,30,,3112,2099,,,1,75,,3113,2357,,,1,30,,3114,2357,,,1,70,,3115,2357,,,1,30,,3116,2357,,,1,67,,3117,2201,,,1,30,,3118,2201,,,1,70,,3119,2201,,,1,28,,3120,2063,,,1,70,,3121,2063,,,1,410,,3122,1907,,,1,30,,3123,1907,,,1
4001,'5',636,,3124,1943,,,1,70,,3125,1943,,,1,30,,3126,1943,,,1,70,,3127,1961,,,1,30,,3128,1961,,,1,70,,3129,1961,,,1,30,,3130,1961,,,1,70,,3131,1961,,,1,30,,3132,1979,,,1,70,,3133,1979,,,1,30,,3134,1979,,,1,70,,3135,1979,,,1,32,,3136,2099,,,1,70,,3137,2099,,,1,30,,3138,2099,,,1,70,,3139,2099,,,1,30,,3140,2099,,,1,75,,3141,2357,,,1,30,,3142,2357,,,1,70,,3143,2357,,,1,30,,3144,2357,,,1,67,,3145,2201,,,1,30,,3146,2201,,,1,70,,3147,2201,,,1,28,,3148,2063,,,1,70,,3149,2063,,,1,410,,3150,1907,,,1,30,,3151,1907,,,1
4001,'6',636,,3152,1943,,,1,70,,3153,1943,,,1,30,,3154,1943,,,1,70,,3155,1961,,,1,30,,3156,1961,,,1,70,,3157,1961,,,1,30,,3158,1961,,,1,70,,3159,1961,,,1,30,,3160,1979,,,1,70,,3161,1979,,,1,30,,3162,1979,,,1,70,,3163,1979,,,1,32,,3164,2099,,,1,70,,3165,2099,,,1,30,,3166,2099,,,1,70,,3167,2099,,,1,30,,3168,2099,,,1,75,,3169,2357,,,1,30,,3170,2357,,,1,70,,3171,2357,,,1,30,,3172,2357,,,1,67,,3173,2201,,,1,30,,3174,2201,,,1,70,,3175,2201,,,1,28,,3176,2063,,,1,70,,3177,2063,,,1,410,,3178,1907,,,1,30,,3179,1907,,,1
4001,'9',800,,3180,2063,,,1,100,,3181,2063,,,1,100,,3182,2063,,,1,100,,3183,2063,,,1,101,,3184,2141,,,1,100,,3185,2141,,,1,100,,3186,2141,,,1,100,,3187,2141,,,1,100,,3188,2141,,,1,100,,3189,2141,,,1,100,,3190,2141,,,1,100,,3191,2141,,,1,100,,3192,2141,,,1
6501,'2',653,,4063,1901,,,1,70,,4064,1901,,,1,30,,4065,1901,,,1,71,,4066,1961,,,1,30,,4067,1961,,,1,70,,4068,1961,,,1,30,,4069,1961,,,1,70,,4070,1961,,,1,30,,4071,1979,,,1,70,,4072,1979,,,1,30,,4073,1979,,,1,70,,4074,1979,,,1,30,,4075,1961,,,1,70,,4076,1961,,,1,30,,4077,1961,,,1,70,,4078,1961,,,1,32,,4079,2099,,,1,70,,4080,2099,,,1,30,,4081,2099,,,1,70,,4082,2099,,,1,30,,4083,2099,,,1,69,,4084,2021,,,1,30,,4085,2021,,,1,70,,4086,2021,,,1,29,,4087,1943,,,1,70,,4088,1943,,,1,30,,4089,1943,,,1,70,,4090,1943,,,1,29,,4091,1883,,,1,70,,4092,1883,,,1,30,,4093,1883,,,1,70,,4094,1883,,,1,29,,4095,1823,,,1
6501,'3',653,,4096,1901,,,1,70,,4097,1901,,,1,30,,4098,1901,,,1,71,,4099,1961,,,1,30,,4100,1961,,,1,70,,4101,1961,,,1,30,,4102,1961,,,1,70,,4103,1961,,,1,30,,4104,1979,,,1,70,,4105,1979,,,1,30,,4106,1979,,,1,70,,4107,1979,,,1,30,,4108,1961,,,1,70,,4109,1961,,,1,30,,4110,1961,,,1,70,,4111,1961,,,1,32,,4112,2099,,,1,70,,4113,2099,,,1,30,,4114,2099,,,1,70,,4115,2099,,,1,30,,4116,2099,,,1,69,,4117,2021,,,1,30,,4118,2021,,,1,70,,4119,2021,,,1,29,,4120,1943,,,1,70,,4121,1943,,,1,30,,4122,1943,,,1,70,,4123,1943,,,1,29,,4124,1883,,,1,70,,4125,1883,,,1,30,,4126,1883,,,1,70,,4127,1883,,,1,29,,4128,1823,,,1
6501,'4',653,,4129,1901,,,1,70,,4130,1901,,,1,30,,4131,1901,,,1,71,,4132,1961,,,1,30,,4133,1961,,,1,70,,4134,1961,,,1,30,,4135,1961,,,1,70,,4136,1961,,,1,30,,4137,1979,,,1,70,,4138,1979,,,1,30,,4139,1979,,,1,70,,4140,1979,,,1,30,,4141,1961,,,1,70,,4142,1961,,,1,30,,4143,1961,,,1,70,,4144,1961,,,1,32,,4145,2099,,,1,70,,4146,2099,,,1,30,,4147,2099,,,1,70,,4148,2099,,,1,30,,4149,2099,,,1,69,,4150,2021,,,1,30,,4151,2021,,,1,70,,4152,2021,,,1,29,,4153,1943,,,1,70,,4154,1943,,,1,30,,4155,1943,,,1,70,,4156,1943,,,1,29,,4157,1883,,,1,70,,4158,1883,,,1,30,,4159,1883,,,1,70,,4160,1883,,,1,29,,4161,1823,,,1
6501,'5',653,,4162,1901,,,1,70,,4163,1901,,,1,30,,4164,1901,,,1,71,,4165,1961,,,1,30,,4166,1961,,,1,70,,4167,1961,,,1,30,,4168,1961,,,1,70,,4169,1961,,,1,30,,4170,1979,,,1,70,,4171,1979,,,1,30,,4172,1979,,,1,70,,4173,1979,,,1,30,,4174,1961,,,1,70,,4175,1961,,,1,30,,4176,1961,,,1,70,,4177,1961,,,1,32,,4178,2099,,,1,70,,4179,2099,,,1,30,,4180,2099,,,1,70,,4181,2099,,,1,30,,4182,2099,,,1,69,,4183,2021,,,1,30,,4184,2021,,,1,70,,4185,2021,,,1,29,,4186,1943,,,1,70,,4187,1943,,,1,30,,4188,1943,,,1,70,,4189,1943,,,1,29,,4190,1883,,,1,70,,4191,1883,,,1,30,,4192,1883,,,1,70,,4193,1883,,,1,29,,4194,1823,,,1
6501,'6',653,,4195,1901,,,1,70,,4196,1901,,,1,30,,4197,1901,,,1,71,,4198,1961,,,1,30,,4199,1961,,,1,70,,4200,1961,,,1,30,,4201,1961,,,1,70,,4202,1961,,,1,30,,4203,1979,,,1,70,,4204,1979,,,1,30,,4205,1979,,,1,70,,4206,1979,,,1,30,,4207,1961,,,1,70,,4208,1961,,,1,30,,4209,1961,,,1,70,,4210,1961,,,1,32,,4211,2099,,,1,70,,4212,2099,,,1,30,,4213,2099,,,1,70,,4214,2099,,,1,30,,4215,2099,,,1,69,,4216,2021,,,1,30,,4217,2021,,,1,70,,4218,2021,,,1,29,,4219,1943,,,1,70,,4220,1943,,,1,30,,4221,1943,,,1,70,,4222,1943,,,1,29,,4223,1883,,,1,70,,4224,1883,,,1,30,,4225,1883,,,1,70,,4226,1883,,,1,29,,4227,1823,,,1
6501,'9',831,,4228,1805,,,1,100,,4229,1805,,,1,100,,4230,1805,,,1,101,,4231,1901,,,1,100,,4232,1901,,,1,100,,4233,1901,,,1,100,,4234,1901,,,1,100,,4235,1901,,,1,100,,4236,1901,,,1,100,,4237,1901,,,1,100,,4238,1901,,,1,100,,4239,1901,,,1
8500,'2',614,,4240,1077,,,1,100,,4241,1077,,,1,103,,4242,1217,,,1,100,,4243,1217,,,1,98,,4244,1097,,,1,100,,4245,1097,,,1,100,,4246,1097,,,1,100,,4247,1097,,,1,100,,4248,1097,,,1,104,,4249,1337,,,1,100,,4250,1337,,,1,99,,4251,1277,,,1,100,,4252,1277,,,1,97,,4253,1137,,,1,100,,4254,1137,,,1,98,,4255,1017,,,1,100,,4256,1017,,,1,100,,4257,997,,,1
8500,'3',614,,4258,1077,,,1,100,,4259,1077,,,1,103,,4260,1217,,,1,100,,4261,1217,,,1,98,,4262,1097,,,1,100,,4263,1097,,,1,100,,4264,1097,,,1,100,,4265,1097,,,1,100,,4266,1097,,,1,104,,4267,1337,,,1,100,,4268,1337,,,1,99,,4269,1277,,,1,100,,4270,1277,,,1,97,,4271,1137,,,1,100,,4272,1137,,,1,98,,4273,1017,,,1,100,,4274,1017,,,1,100,,4275,997,,,1
8500,'4',614,,4276,1077,,,1,100,,4277,1077,,,1,103,,4278,1217,,,1,100,,4279,1217,,,1,98,,4280,1097,,,1,100,,4281,1097,,,1,100,,4282,1097,,,1,100,,4283,1097,,,1,100,,4284,1097,,,1,104,,4285,1337,,,1,100,,4286,1337,,,1,99,,4287,1277,,,1,100,,4288,1277,,,1,97,,4289,1137,,,1,100,,4290,1137,,,1,98,,4291,1017,,,1,100,,4292,1017,,,1,100,,4293,997,,,1
8500,'5',614,,4294,1077,,,1,100,,4295,1077,,,1,103,,4296,1217,,,1,100,,4297,1217,,,1,98,,4298,1097,,,1,100,,4299,1097,,,1,100,,4300,1097,,,1,100,,4301,1097,,,1,100,,4302,1097,,,1,104,,4303,1337,,,1,100,,4304,1337,,,1,99,,4305,1277,,,1,100,,4306,1277,,,1,97,,4307,1137,,,1,100,,4308,1137,,,1,98,,4309,1017,,,1,100,,4310,1017,,,1,100,,4311,997,,,1
8500,'6',614,,4312,1077,,,1,100,,4313,1077,,,1,103,,4314,1217,,,1,100,,4315,1217,,,1,98,,4316,1097,,,1,100,,4317,1097,,,1,100,,4318,1097,,,1,100,,4319,1097,,,1,100,,4320,1097,,,1,104,,4321,1337,,,1,100,,4322,1337,,,1,99,,4323,1277,,,1,100,,4324,1277,,,1,97,,4325,1137,,,1,100,,4326,1137,,,1,98,,4327,1017,,,1,100,,4328,1017,,,1,100,,4329,997,,,1
8500,'9',826,,4330,1097,,,1,100,,4331,1097,,,1,100,,4332,1097,,,1,101,,4333,1157,,,1,100,,4334,1157,,,1,100,,4335,1157,,,1,100,,4336,1157,,,1,100,,4337,1157,,,1,100,,4338,1157,,,1,100,,4339,1157,,,1,100,,4340,1157,,,1,100,,4341,1157,,,1
