4001,'2',632,,3040,1726,,,1,70,,3041,1726,,,1,30,,3042,1726,,,1,70,,3043,1726,,,1,30,,3044,1726,,,1,70,,3045,1726,,,1,30,,3046,1726,,,1,70,,3047,1726,,,1,30,,3048,1726,,,1,70,,3049,1726,,,1,30,,3050,1726,,,1,70,,3051,1726,,,1,32,,3052,1846,,,1,70,,3053,1846,,,1,30,,3054,1846,,,1,70,,3055,1846,,,1,30,,3056,1846,,,1,74,,3057,2073,,,1,30,,3058,2073,,,1,70,,3059,2073,,,1,30,,3060,2073,,,1,68,,3061,1966,,,1,30,,3062,1966,,,1,70,,3063,1966,,,1,28,,3064,1846,,,1,70,,3065,1846,,,1,411,,3066,1738,,,1,30,,3067,1738,,,1
4001,'3',632,,3068,1726,,,1,70,,3069,1726,,,1,30,,3070,1726,,,1,70,,3071,1726,,,1,30,,3072,1726,,,1,70,,3073,1726,,,1,30,,3074,1726,,,1,70,,3075,1726,,,1,30,,3076,1726,,,1,70,,3077,1726,,,1,30,,3078,1726,,,1,70,,3079,1726,,,1,32,,3080,1846,,,1,70,,3081,1846,,,1,30,,3082,1846,,,1,70,,3083,1846,,,1,30,,3084,1846,,,1,74,,3085,2073,,,1,30,,3086,2073,,,1,70,,3087,2073,,,1,30,,3088,2073,,,1,68,,3089,1966,,,1,30,,3090,1966,,,1,70,,3091,1966,,,1,28,,3092,1846,,,1,70,,3093,1846,,,1,411,,3094,1738,,,1,30,,3095,1738,,,1
4001,'4',632,,3096,1726,,,1,70,,3097,1726,,,1,30,,3098,1726,,,1,70,,3099,1726,,,1,30,,3100,1726,,,1,70,,3101,1726,,,1,30,,3102,1726,,,1,70,,3103,1726,,,1,30,,3104,1726,,,1,70,,3105,1726,,,1,30,,3106,1726,,,1,70,,3107,1726,,,1,32,,3108,1846,,,1,70,,3109,1846,,,1,30,,3110,1846,,,1,70,,3111,1846,,,1,30,,3112,1846,,,1,74,,3113,2073,,,1,30,,3114,2073,,,1,70,,3115,2073,,,1,30,,3116,2073,,,1,68,,3117,1966,,,1,30,,3118,1966,,,1,70,,3119,1966,,,1,28,,3120,1846,,,1,70,,3121,1846,,,1,411,,3122,1738,,,1,30,,3123,1738,,,1
4001,'5',632,,3124,1726,,,1,70,,3125,1726,,,1,30,,3126,1726,,,1,70,,3127,1726,,,1,30,,3128,1726,,,1,70,,3129,1726,,,1,30,,3130,1726,,,1,70,,3131,1726,,,1,30,,3132,1726,,,1,70,,3133,1726,,,1,30,,3134,1726,,,1,70,,3135,1726,,,1,32,,3136,1846,,,1,70,,3137,1846,,,1,30,,3138,1846,,,1,70,,3139,1846,,,1,30,,3140,1846,,,1,74,,3141,2073,,,1,30,,3142,2073,,,1,70,,3143,2073,,,1,30,,3144,2073,,,1,68,,3145,1966,,,1,30,,3146,1966,,,1,70,,3147,1966,,,1,28,,3148,1846,,,1,70,,3149,1846,,,1,411,,3150,1738,,,1,30,,3151,1738,,,1
4001,'6',632,,3152,1726,,,1,70,,3153,1726,,,1,30,,3154,1726,,,1,70,,3155,1726,,,1,30,,3156,1726,,,1,70,,3157,1726,,,1,30,,3158,1726,,,1,70,,3159,1726,,,1,30,,3160,1726,,,1,70,,3161,1726,,,1,30,,3162,1726,,,1,70,,3163,1726,,,1,32,,3164,1846,,,1,70,,3165,1846,,,1,30,,3166,1846,,,1,70,,3167,1846,,,1,30,,3168,1846,,,1,74,,3169,2073,,,1,30,,3170,2073,,,1,70,,3171,2073,,,1,30,,3172,2073,,,1,68,,3173,1966,,,1,30,,3174,1966,,,1,70,,3175,1966,,,1,28,,3176,1846,,,1,70,,3177,1846,,,1,411,,3178,1738,,,1,30,,3179,1738,,,1
4001,'9',756,,3180,1846,,,1,100,,3181,1846,,,1,100,,3182,1846,,,1,100,,3183,1846,,,1,101,,3184,1906,,,1,100,,3185,1906,,,1,100,,3186,1906,,,1,100,,3187,1906,,,1,100,,3188,1906,,,1,100,,3189,1906,,,1,100,,3190,1906,,,1,100,,3191,1906,,,1,100,,3192,1906,,,1
6501,'2',649,,4063,1666,,,1,70,,4064,1666,,,1,30,,4065,1666,,,1,71,,4066,1726,,,1,30,,4067,1726,,,1,70,,4068,1726,,,1,30,,4069,1726,,,1,70,,4070,1726,,,1,30,,4071,1726,,,1,70,,4072,1726,,,1,30,,4073,1726,,,1,70,,4074,1726,,,1,30,,4075,1726,,,1,70,,4076,1726,,,1,30,,4077,1726,,,1,70,,4078,1726,,,1,32,,4079,1833,,,1,70,,4080,1833,,,1,30,,4081,1833,,,1,70,,4082,1833,,,1,30,,4083,1833,,,1,69,,4084,1786,,,1,30,,4085,1786,,,1,70,,4086,1786,,,1,29,,4087,1726,,,1,70,,4088,1726,,,1,30,,4089,1726,,,1,70,,4090,1726,,,1,29,,4091,1666,,,1,70,,4092,1666,,,1,30,,4093,1666,,,1,70,,4094,1666,,,1,29,,4095,1606,,,1
6501,'3',649,,4096,1666,,,1,70,,4097,1666,,,1,30,,4098,1666,,,1,71,,4099,1726,,,1,30,,4100,1726,,,1,70,,4101,1726,,,1,30,,4102,1726,,,1,70,,4103,1726,,,1,30,,4104,1726,,,1,70,,4105,1726,,,1,30,,4106,1726,,,1,70,,4107,1726,,,1,30,,4108,1726,,,1,70,,4109,1726,,,1,30,,4110,1726,,,1,70,,4111,1726,,,1,32,,4112,1833,,,1,70,,4113,1833,,,1,30,,4114,1833,,,1,70,,4115,1833,,,1,30,,4116,1833,,,1,69,,4117,1786,,,1,30,,4118,1786,,,1,70,,4119,1786,,,1,29,,4120,1726,,,1,70,,4121,1726,,,1,30,,4122,1726,,,1,70,,4123,1726,,,1,29,,4124,1666,,,1,70,,4125,1666,,,1,30,,4126,1666,,,1,70,,4127,1666,,,1,29,,4128,1606,,,1
6501,'4',649,,4129,1666,,,1,70,,4130,1666,,,1,30,,4131,1666,,,1,71,,4132,1726,,,1,30,,4133,1726,,,1,70,,4134,1726,,,1,30,,4135,1726,,,1,70,,4136,1726,,,1,30,,4137,1726,,,1,70,,4138,1726,,,1,30,,4139,1726,,,1,70,,4140,1726,,,1,30,,4141,1726,,,1,70,,4142,1726,,,1,30,,4143,1726,,,1,70,,4144,1726,,,1,32,,4145,1833,,,1,70,,4146,1833,,,1,30,,4147,1833,,,1,70,,4148,1833,,,1,30,,4149,1833,,,1,69,,4150,1786,,,1,30,,4151,1786,,,1,70,,4152,1786,,,1,29,,4153,1726,,,1,70,,4154,1726,,,1,30,,4155,1726,,,1,70,,4156,1726,,,1,29,,4157,1666,,,1,70,,4158,1666,,,1,30,,4159,1666,,,1,70,,4160,1666,,,1,29,,4161,1606,,,1
6501,'5',649,,4162,1666,,,1,70,,4163,1666,,,1,30,,4164,1666,,,1,71,,4165,1726,,,1,30,,4166,1726,,,1,70,,4167,1726,,,1,30,,4168,1726,,,1,70,,4169,1726,,,1,30,,4170,1726,,,1,70,,4171,1726,,,1,30,,4172,1726,,,1,70,,4173,1726,,,1,30,,4174,1726,,,1,70,,4175,1726,,,1,30,,4176,1726,,,1,70,,4177,1726,,,1,32,,4178,1833,,,1,70,,4179,1833,,,1,30,,4180,1833,,,1,70,,4181,1833,,,1,30,,4182,1833,,,1,69,,4183,1786,,,1,30,,4184,1786,,,1,70,,4185,1786,,,1,29,,4186,1726,,,1,70,,4187,1726,,,1,30,,4188,1726,,,1,70,,4189,1726,,,1,29,,4190,1666,,,1,70,,4191,1666,,,1,30,,4192,1666,,,1,70,,4193,1666,,,1,29,,4194,1606,,,1
6501,'6',649,,4195,1666,,,1,70,,4196,1666,,,1,30,,4197,1666,,,1,71,,4198,1726,,,1,30,,4199,1726,,,1,70,,4200,1726,,,1,30,,4201,1726,,,1,70,,4202,1726,,,1,30,,4203,1726,,,1,70,,4204,1726,,,1,30,,4205,1726,,,1,70,,4206,1726,,,1,30,,4207,1726,,,1,70,,4208,1726,,,1,30,,4209,1726,,,1,70,,4210,1726,,,1,32,,4211,1833,,,1,70,,4212,1833,,,1,30,,4213,1833,,,1,70,,4214,1833,,,1,30,,4215,1833,,,1,69,,4216,1786,,,1,30,,4217,1786,,,1,70,,4218,1786,,,1,29,,4219,1726,,,1,70,,4220,1726,,,1,30,,4221,1726,,,1,70,,4222,1726,,,1,29,,4223,1666,,,1,70,,4224,1666,,,1,30,,4225,1666,,,1,70,,4226,1666,,,1,29,,4227,1606,,,1
6501,'9',827,,4228,1606,,,1,100,,4229,1606,,,1,100,,4230,1606,,,1,101,,4231,1666,,,1,100,,4232,1666,,,1,100,,4233,1666,,,1,100,,4234,1666,,,1,100,,4235,1666,,,1,100,,4236,1666,,,1,100,,4237,1666,,,1,100,,4238,1666,,,1,100,,4239,1666,,,1
