4001,'2',615,,3040,660,,,1,30,,3041,660,,,1,70,,3042,660,,,1,30,,3043,660,,,1,70,,3044,660,,,1,30,,3045,660,,,1,70,,3046,660,,,1,30,,3047,660,,,1,70,,3048,660,,,1,30,,3049,660,,,1,70,,3050,660,,,1,30,,3051,660,,,1,71,,3052,720,,,1,30,,3053,720,,,1,70,,3054,720,,,1,30,,3055,720,,,1,70,,3056,720,,,1,32,,3057,840,,,1,70,,3058,840,,,1,30,,3059,840,,,1,70,,3060,840,,,1,29,,3061,780,,,1,70,,3062,780,,,1,30,,3063,780,,,1,69,,3064,720,,,1,30,,3065,720,,,1,413,,3066,720,,,1,70,,3067,720,,,1
4001,'3',615,,3068,660,,,1,30,,3069,660,,,1,70,,3070,660,,,1,30,,3071,660,,,1,70,,3072,660,,,1,30,,3073,660,,,1,70,,3074,660,,,1,30,,3075,660,,,1,70,,3076,660,,,1,30,,3077,660,,,1,70,,3078,660,,,1,30,,3079,660,,,1,71,,3080,720,,,1,30,,3081,720,,,1,70,,3082,720,,,1,30,,3083,720,,,1,70,,3084,720,,,1,32,,3085,840,,,1,70,,3086,840,,,1,30,,3087,840,,,1,70,,3088,840,,,1,29,,3089,780,,,1,70,,3090,780,,,1,30,,3091,780,,,1,69,,3092,720,,,1,30,,3093,720,,,1,413,,3094,720,,,1,70,,3095,720,,,1
4001,'4',615,,3096,660,,,1,30,,3097,660,,,1,70,,3098,660,,,1,30,,3099,660,,,1,70,,3100,660,,,1,30,,3101,660,,,1,70,,3102,660,,,1,30,,3103,660,,,1,70,,3104,660,,,1,30,,3105,660,,,1,70,,3106,660,,,1,30,,3107,660,,,1,71,,3108,720,,,1,30,,3109,720,,,1,70,,3110,720,,,1,30,,3111,720,,,1,70,,3112,720,,,1,32,,3113,840,,,1,70,,3114,840,,,1,30,,3115,840,,,1,70,,3116,840,,,1,29,,3117,780,,,1,70,,3118,780,,,1,30,,3119,780,,,1,69,,3120,720,,,1,30,,3121,720,,,1,413,,3122,720,,,1,70,,3123,720,,,1
4001,'5',615,,3124,660,,,1,30,,3125,660,,,1,70,,3126,660,,,1,30,,3127,660,,,1,70,,3128,660,,,1,30,,3129,660,,,1,70,,3130,660,,,1,30,,3131,660,,,1,70,,3132,660,,,1,30,,3133,660,,,1,70,,3134,660,,,1,30,,3135,660,,,1,71,,3136,720,,,1,30,,3137,720,,,1,70,,3138,720,,,1,30,,3139,720,,,1,70,,3140,720,,,1,32,,3141,840,,,1,70,,3142,840,,,1,30,,3143,840,,,1,70,,3144,840,,,1,29,,3145,780,,,1,70,,3146,780,,,1,30,,3147,780,,,1,69,,3148,720,,,1,30,,3149,720,,,1,413,,3150,720,,,1,70,,3151,720,,,1
4001,'6',615,,3152,660,,,1,30,,3153,660,,,1,70,,3154,660,,,1,30,,3155,660,,,1,70,,3156,660,,,1,30,,3157,660,,,1,70,,3158,660,,,1,30,,3159,660,,,1,70,,3160,660,,,1,30,,3161,660,,,1,70,,3162,660,,,1,30,,3163,660,,,1,71,,3164,720,,,1,30,,3165,720,,,1,70,,3166,720,,,1,30,,3167,720,,,1,70,,3168,720,,,1,32,,3169,840,,,1,70,,3170,840,,,1,30,,3171,840,,,1,70,,3172,840,,,1,29,,3173,780,,,1,70,,3174,780,,,1,30,,3175,780,,,1,69,,3176,720,,,1,30,,3177,720,,,1,413,,3178,720,,,1,70,,3179,720,,,1
4001,'9',738,,3180,720,,,1,100,,3181,720,,,1,100,,3182,720,,,1,100,,3183,720,,,1,100,,3184,720,,,1,100,,3185,720,,,1,100,,3186,720,,,1,100,,3187,720,,,1,100,,3188,720,,,1,100,,3189,720,,,1,100,,3190,720,,,1,100,,3191,720,,,1,100,,3192,720,,,1
6500,'2',631,,3886,720,,,1,70,,3887,720,,,1,30,,3888,720,,,1,70,,3889,720,,,1,30,,3890,720,,,1,70,,3891,720,,,1,30,,3892,720,,,1,70,,3893,720,,,1,29,,3894,660,,,1,70,,3895,660,,,1,30,,3896,660,,,1,70,,3897,660,,,1,31,,3898,720,,,1,70,,3899,720,,,1,30,,3900,720,,,1,70,,3901,720,,,1,30,,3902,720,,,1,71,,3903,780,,,1,30,,3904,780,,,1,70,,3905,780,,,1,30,,3906,780,,,1,70,,3907,780,,,1,30,,3908,780,,,1,70,,3909,780,,,1,29,,3910,720,,,1,70,,3911,720,,,1,30,,3912,720,,,1,70,,3913,720,,,1,29,,3914,660,,,1,70,,3915,660,,,1,30,,3916,660,,,1,70,,3917,660,,,1,30,,3918,660,,,1
6500,'3',631,,3919,720,,,1,70,,3920,720,,,1,30,,3921,720,,,1,70,,3922,720,,,1,30,,3923,720,,,1,70,,3924,720,,,1,30,,3925,720,,,1,70,,3926,720,,,1,29,,3927,660,,,1,70,,3928,660,,,1,30,,3929,660,,,1,70,,3930,660,,,1,31,,3931,720,,,1,70,,3932,720,,,1,30,,3933,720,,,1,70,,3934,720,,,1,30,,3935,720,,,1,71,,3936,780,,,1,30,,3937,780,,,1,70,,3938,780,,,1,30,,3939,780,,,1,70,,3940,780,,,1,30,,3941,780,,,1,70,,3942,780,,,1,29,,3943,720,,,1,70,,3944,720,,,1,30,,3945,720,,,1,70,,3946,720,,,1,29,,3947,660,,,1,70,,3948,660,,,1,30,,3949,660,,,1,70,,3950,660,,,1,30,,3951,660,,,1
6500,'4',631,,3952,720,,,1,70,,3953,720,,,1,30,,3954,720,,,1,70,,3955,720,,,1,30,,3956,720,,,1,70,,3957,720,,,1,30,,3958,720,,,1,70,,3959,720,,,1,29,,3960,660,,,1,70,,3961,660,,,1,30,,3962,660,,,1,70,,3963,660,,,1,31,,3964,720,,,1,70,,3965,720,,,1,30,,3966,720,,,1,70,,3967,720,,,1,30,,3968,720,,,1,71,,3969,780,,,1,30,,3970,780,,,1,70,,3971,780,,,1,30,,3972,780,,,1,70,,3973,780,,,1,30,,3974,780,,,1,70,,3975,780,,,1,29,,3976,720,,,1,70,,3977,720,,,1,30,,3978,720,,,1,70,,3979,720,,,1,29,,3980,660,,,1,70,,3981,660,,,1,30,,3982,660,,,1,70,,3983,660,,,1,30,,3984,660,,,1
6500,'5',631,,3985,720,,,1,70,,3986,720,,,1,30,,3987,720,,,1,70,,3988,720,,,1,30,,3989,720,,,1,70,,3990,720,,,1,30,,3991,720,,,1,70,,3992,720,,,1,29,,3993,660,,,1,70,,3994,660,,,1,30,,3995,660,,,1,70,,3996,660,,,1,31,,3997,720,,,1,70,,3998,720,,,1,30,,3999,720,,,1,70,,4000,720,,,1,30,,4001,720,,,1,71,,4002,780,,,1,30,,4003,780,,,1,70,,4004,780,,,1,30,,4005,780,,,1,70,,4006,780,,,1,30,,4007,780,,,1,70,,4008,780,,,1,29,,4009,720,,,1,70,,4010,720,,,1,30,,4011,720,,,1,70,,4012,720,,,1,29,,4013,660,,,1,70,,4014,660,,,1,30,,4015,660,,,1,70,,4016,660,,,1,30,,4017,660,,,1
6500,'6',631,,4018,720,,,1,70,,4019,720,,,1,30,,4020,720,,,1,70,,4021,720,,,1,30,,4022,720,,,1,70,,4023,720,,,1,30,,4024,720,,,1,70,,4025,720,,,1,29,,4026,660,,,1,70,,4027,660,,,1,30,,4028,660,,,1,70,,4029,660,,,1,31,,4030,720,,,1,70,,4031,720,,,1,30,,4032,720,,,1,70,,4033,720,,,1,30,,4034,720,,,1,71,,4035,780,,,1,30,,4036,780,,,1,70,,4037,780,,,1,30,,4038,780,,,1,70,,4039,780,,,1,30,,4040,780,,,1,70,,4041,780,,,1,29,,4042,720,,,1,70,,4043,720,,,1,30,,4044,720,,,1,70,,4045,720,,,1,29,,4046,660,,,1,70,,4047,660,,,1,30,,4048,660,,,1,70,,4049,660,,,1,30,,4050,660,,,1
6500,'9',809,,4051,660,,,1,100,,4052,660,,,1,100,,4053,660,,,1,100,,4054,660,,,1,101,,4055,720,,,1,100,,4056,720,,,1,100,,4057,720,,,1,100,,4058,720,,,1,101,,4059,780,,,1,100,,4060,780,,,1,100,,4061,780,,,1,100,,4062,780,,,1
