1101,'2',729,,729,1464,,,1,103,,730,1631,,,1,100,,731,1631,,,1,99,,732,1584,,,1,100,,733,1584,,,1,102,,734,1631,,,1,99,,735,1631,,,1,100,,736,1631,,,1,101,,737,1677,,,1,101,,738,1677,,,1,101,,739,1677,,,1,95,,740,1538,,,1,100,,741,1538,,,1,101,,742,1491,,,1,100,,743,1491,,,1,98,,744,1325,,,1
1101,'3',729,,745,1464,,,1,103,,746,1631,,,1,100,,747,1631,,,1,99,,748,1584,,,1,100,,749,1584,,,1,102,,750,1631,,,1,99,,751,1631,,,1,100,,752,1631,,,1,101,,753,1677,,,1,101,,754,1677,,,1,101,,755,1677,,,1,95,,756,1538,,,1,100,,757,1538,,,1,101,,758,1491,,,1,100,,759,1491,,,1,98,,760,1325,,,1
1101,'4',729,,761,1464,,,1,103,,762,1631,,,1,100,,763,1631,,,1,99,,764,1584,,,1,100,,765,1584,,,1,102,,766,1631,,,1,99,,767,1631,,,1,100,,768,1631,,,1,101,,769,1677,,,1,101,,770,1677,,,1,101,,771,1677,,,1,95,,772,1538,,,1,100,,773,1538,,,1,101,,774,1491,,,1,100,,775,1491,,,1,98,,776,1325,,,1
1101,'5',729,,777,1464,,,1,103,,778,1631,,,1,100,,779,1631,,,1,99,,780,1584,,,1,100,,781,1584,,,1,102,,782,1631,,,1,99,,783,1631,,,1,100,,784,1631,,,1,101,,785,1677,,,1,101,,786,1677,,,1,101,,787,1677,,,1,95,,788,1538,,,1,100,,789,1538,,,1,101,,790,1491,,,1,100,,791,1491,,,1,98,,792,1325,,,1
1101,'6',729,,793,1464,,,1,103,,794,1631,,,1,100,,795,1631,,,1,99,,796,1584,,,1,100,,797,1584,,,1,102,,798,1631,,,1,99,,799,1631,,,1,100,,800,1631,,,1,101,,801,1677,,,1,101,,802,1677,,,1,101,,803,1677,,,1,95,,804,1538,,,1,100,,805,1538,,,1,101,,806,1491,,,1,100,,807,1491,,,1,98,,808,1325,,,1
1101,'9',905,,809,1371,,,1,100,,810,1371,,,1,100,,811,1371,,,1,103,,812,1538,,,1,100,,813,1538,,,1,100,,814,1538,,,1,100,,815,1538,,,1,99,,816,1491,,,1,100,,817,1491,,,1,100,,818,1491,,,1,100,,819,1491,,,1,100,,820,1491,,,1
3001,'2',624,,2175,1153,,,1,15,,2176,1153,,,1,15,,2177,1153,,,1,55,,2178,1153,,,1,15,,2179,1153,,,1,15,,2180,1153,,,1,17,,2181,1319,,,1,55,,2182,1319,,,1,15,,2183,1319,,,1,15,,2184,1319,,,1,15,,2185,1319,,,1,55,,2186,1319,,,1,15,,2187,1319,,,1,15,,2188,1319,,,1,15,,2189,1319,,,1,55,,2190,1319,,,1,15,,2191,1319,,,1,15,,2192,1319,,,1,15,,2193,1319,,,1,55,,2194,1319,,,1,15,,2195,1319,,,1,15,,2196,1319,,,1,15,,2197,1319,,,1,55,,2198,1319,,,1,16,,2199,1379,,,1,15,,2200,1379,,,1,15,,2201,1379,,,1,55,,2202,1379,,,1,15,,2203,1379,,,1,15,,2204,1379,,,1,15,,2205,1379,,,1,55,,2206,1379,,,1,15,,2207,1379,,,1,17,,2208,1426,,,1,56,,2209,1426,,,1,16,,2210,1426,,,1,16,,2211,1426,,,1,16,,2212,1426,,,1,56,,2213,1426,,,1,16,,2214,1426,,,1,16,,2215,1426,,,1,16,,2216,1426,,,1,55,,2217,1379,,,1,16,,2218,1379,,,1,16,,2219,1379,,,1,16,,2220,1379,,,1,56,,2221,1379,,,1,15,,2222,1333,,,1,15,,2223,1333,,,1,15,,2224,1333,,,1,55,,2225,1333,,,1,15,,2226,1333,,,1,30,,2227,1333,,,1,69,,2228,1273,,,1,30,,2229,1273,,,1,70,,2230,1273,,,1,30,,2231,1273,,,1,68,,2232,1167,,,1,100,,2233,1167,,,1
3001,'3',624,,2234,1153,,,1,15,,2235,1153,,,1,15,,2236,1153,,,1,55,,2237,1153,,,1,15,,2238,1153,,,1,15,,2239,1153,,,1,17,,2240,1319,,,1,55,,2241,1319,,,1,15,,2242,1319,,,1,15,,2243,1319,,,1,15,,2244,1319,,,1,55,,2245,1319,,,1,15,,2246,1319,,,1,15,,2247,1319,,,1,15,,2248,1319,,,1,55,,2249,1319,,,1,15,,2250,1319,,,1,15,,2251,1319,,,1,15,,2252,1319,,,1,55,,2253,1319,,,1,15,,2254,1319,,,1,15,,2255,1319,,,1,15,,2256,1319,,,1,55,,2257,1319,,,1,16,,2258,1379,,,1,15,,2259,1379,,,1,15,,2260,1379,,,1,55,,2261,1379,,,1,15,,2262,1379,,,1,15,,2263,1379,,,1,15,,2264,1379,,,1,55,,2265,1379,,,1,15,,2266,1379,,,1,17,,2267,1426,,,1,56,,2268,1426,,,1,16,,2269,1426,,,1,16,,2270,1426,,,1,16,,2271,1426,,,1,56,,2272,1426,,,1,16,,2273,1426,,,1,16,,2274,1426,,,1,16,,2275,1426,,,1,55,,2276,1379,,,1,16,,2277,1379,,,1,16,,2278,1379,,,1,16,,2279,1379,,,1,56,,2280,1379,,,1,15,,2281,1333,,,1,15,,2282,1333,,,1,15,,2283,1333,,,1,55,,2284,1333,,,1,15,,2285,1333,,,1,30,,2286,1333,,,1,69,,2287,1273,,,1,30,,2288,1273,,,1,70,,2289,1273,,,1,30,,2290,1273,,,1,68,,2291,1167,,,1,100,,2292,1167,,,1
3001,'4',624,,2293,1153,,,1,15,,2294,1153,,,1,15,,2295,1153,,,1,55,,2296,1153,,,1,15,,2297,1153,,,1,15,,2298,1153,,,1,17,,2299,1319,,,1,55,,2300,1319,,,1,15,,2301,1319,,,1,15,,2302,1319,,,1,15,,2303,1319,,,1,55,,2304,1319,,,1,15,,2305,1319,,,1,15,,2306,1319,,,1,15,,2307,1319,,,1,55,,2308,1319,,,1,15,,2309,1319,,,1,15,,2310,1319,,,1,15,,2311,1319,,,1,55,,2312,1319,,,1,15,,2313,1319,,,1,15,,2314,1319,,,1,15,,2315,1319,,,1,55,,2316,1319,,,1,16,,2317,1379,,,1,15,,2318,1379,,,1,15,,2319,1379,,,1,55,,2320,1379,,,1,15,,2321,1379,,,1,15,,2322,1379,,,1,15,,2323,1379,,,1,55,,2324,1379,,,1,15,,2325,1379,,,1,17,,2326,1426,,,1,56,,2327,1426,,,1,16,,2328,1426,,,1,16,,2329,1426,,,1,16,,2330,1426,,,1,56,,2331,1426,,,1,16,,2332,1426,,,1,16,,2333,1426,,,1,16,,2334,1426,,,1,55,,2335,1379,,,1,16,,2336,1379,,,1,16,,2337,1379,,,1,16,,2338,1379,,,1,56,,2339,1379,,,1,15,,2340,1333,,,1,15,,2341,1333,,,1,15,,2342,1333,,,1,55,,2343,1333,,,1,15,,2344,1333,,,1,30,,2345,1333,,,1,69,,2346,1273,,,1,30,,2347,1273,,,1,70,,2348,1273,,,1,30,,2349,1273,,,1,68,,2350,1167,,,1,100,,2351,1167,,,1
3001,'5',624,,2352,1153,,,1,15,,2353,1153,,,1,15,,2354,1153,,,1,55,,2355,1153,,,1,15,,2356,1153,,,1,15,,2357,1153,,,1,17,,2358,1319,,,1,55,,2359,1319,,,1,15,,2360,1319,,,1,15,,2361,1319,,,1,15,,2362,1319,,,1,55,,2363,1319,,,1,15,,2364,1319,,,1,15,,2365,1319,,,1,15,,2366,1319,,,1,55,,2367,1319,,,1,15,,2368,1319,,,1,15,,2369,1319,,,1,15,,2370,1319,,,1,55,,2371,1319,,,1,15,,2372,1319,,,1,15,,2373,1319,,,1,15,,2374,1319,,,1,55,,2375,1319,,,1,16,,2376,1379,,,1,15,,2377,1379,,,1,15,,2378,1379,,,1,55,,2379,1379,,,1,15,,2380,1379,,,1,15,,2381,1379,,,1,15,,2382,1379,,,1,55,,2383,1379,,,1,15,,2384,1379,,,1,17,,2385,1426,,,1,56,,2386,1426,,,1,16,,2387,1426,,,1,16,,2388,1426,,,1,16,,2389,1426,,,1,56,,2390,1426,,,1,16,,2391,1426,,,1,16,,2392,1426,,,1,16,,2393,1426,,,1,55,,2394,1379,,,1,16,,2395,1379,,,1,16,,2396,1379,,,1,16,,2397,1379,,,1,56,,2398,1379,,,1,15,,2399,1333,,,1,15,,2400,1333,,,1,15,,2401,1333,,,1,55,,2402,1333,,,1,15,,2403,1333,,,1,30,,2404,1333,,,1,69,,2405,1273,,,1,30,,2406,1273,,,1,70,,2407,1273,,,1,30,,2408,1273,,,1,68,,2409,1167,,,1,100,,2410,1167,,,1
3001,'6',624,,2411,1153,,,1,15,,2412,1153,,,1,15,,2413,1153,,,1,55,,2414,1153,,,1,15,,2415,1153,,,1,15,,2416,1153,,,1,17,,2417,1319,,,1,55,,2418,1319,,,1,15,,2419,1319,,,1,15,,2420,1319,,,1,15,,2421,1319,,,1,55,,2422,1319,,,1,15,,2423,1319,,,1,15,,2424,1319,,,1,15,,2425,1319,,,1,55,,2426,1319,,,1,15,,2427,1319,,,1,15,,2428,1319,,,1,15,,2429,1319,,,1,55,,2430,1319,,,1,15,,2431,1319,,,1,15,,2432,1319,,,1,15,,2433,1319,,,1,55,,2434,1319,,,1,16,,2435,1379,,,1,15,,2436,1379,,,1,15,,2437,1379,,,1,55,,2438,1379,,,1,15,,2439,1379,,,1,15,,2440,1379,,,1,15,,2441,1379,,,1,55,,2442,1379,,,1,15,,2443,1379,,,1,17,,2444,1426,,,1,56,,2445,1426,,,1,16,,2446,1426,,,1,16,,2447,1426,,,1,16,,2448,1426,,,1,56,,2449,1426,,,1,16,,2450,1426,,,1,16,,2451,1426,,,1,16,,2452,1426,,,1,55,,2453,1379,,,1,16,,2454,1379,,,1,16,,2455,1379,,,1,16,,2456,1379,,,1,56,,2457,1379,,,1,15,,2458,1333,,,1,15,,2459,1333,,,1,15,,2460,1333,,,1,55,,2461,1333,,,1,15,,2462,1333,,,1,30,,2463,1333,,,1,69,,2464,1273,,,1,30,,2465,1273,,,1,70,,2466,1273,,,1,30,,2467,1273,,,1,68,,2468,1167,,,1,100,,2469,1167,,,1
3001,'9',847,,2470,1167,,,1,70,,2471,1167,,,1,30,,2472,1167,,,1,70,,2473,1167,,,1,30,,2474,1167,,,1,70,,2475,1167,,,1,32,,2476,1319,,,1,70,,2477,1319,,,1,30,,2478,1319,,,1,70,,2479,1319,,,1,30,,2480,1319,,,1,70,,2481,1319,,,1,30,,2482,1319,,,1,70,,2483,1319,,,1,30,,2484,1273,,,1,70,,2485,1273,,,1,30,,2486,1273,,,1,70,,2487,1273,,,1,30,,2488,1273,,,1,70,,2489,1273,,,1,30,,2490,1273,,,1,70,,2491,1273,,,1,30,,2492,1273,,,1
