4001,'2',629,,3040,1544,,,1,30,,3041,1544,,,1,70,,3042,1544,,,1,30,,3043,1544,,,1,70,,3044,1544,,,1,30,,3045,1544,,,1,70,,3046,1544,,,1,30,,3047,1544,,,1,70,,3048,1544,,,1,30,,3049,1544,,,1,70,,3050,1544,,,1,30,,3051,1544,,,1,72,,3052,1664,,,1,70,,3053,1664,,,1,30,,3054,1664,,,1,70,,3055,1664,,,1,30,,3056,1664,,,1,74,,3057,1862,,,1,30,,3058,1862,,,1,70,,3059,1862,,,1,30,,3060,1862,,,1,68,,3061,1784,,,1,30,,3062,1784,,,1,70,,3063,1784,,,1,28,,3064,1664,,,1,70,,3065,1664,,,1,412,,3066,1587,,,1,30,,3067,1587,,,1
4001,'3',629,,3068,1544,,,1,30,,3069,1544,,,1,70,,3070,1544,,,1,30,,3071,1544,,,1,70,,3072,1544,,,1,30,,3073,1544,,,1,70,,3074,1544,,,1,30,,3075,1544,,,1,70,,3076,1544,,,1,30,,3077,1544,,,1,70,,3078,1544,,,1,30,,3079,1544,,,1,72,,3080,1664,,,1,70,,3081,1664,,,1,30,,3082,1664,,,1,70,,3083,1664,,,1,30,,3084,1664,,,1,74,,3085,1862,,,1,30,,3086,1862,,,1,70,,3087,1862,,,1,30,,3088,1862,,,1,68,,3089,1784,,,1,30,,3090,1784,,,1,70,,3091,1784,,,1,28,,3092,1664,,,1,70,,3093,1664,,,1,412,,3094,1587,,,1,30,,3095,1587,,,1
4001,'4',629,,3096,1544,,,1,30,,3097,1544,,,1,70,,3098,1544,,,1,30,,3099,1544,,,1,70,,3100,1544,,,1,30,,3101,1544,,,1,70,,3102,1544,,,1,30,,3103,1544,,,1,70,,3104,1544,,,1,30,,3105,1544,,,1,70,,3106,1544,,,1,30,,3107,1544,,,1,72,,3108,1664,,,1,70,,3109,1664,,,1,30,,3110,1664,,,1,70,,3111,1664,,,1,30,,3112,1664,,,1,74,,3113,1862,,,1,30,,3114,1862,,,1,70,,3115,1862,,,1,30,,3116,1862,,,1,68,,3117,1784,,,1,30,,3118,1784,,,1,70,,3119,1784,,,1,28,,3120,1664,,,1,70,,3121,1664,,,1,412,,3122,1587,,,1,30,,3123,1587,,,1
4001,'5',629,,3124,1544,,,1,30,,3125,1544,,,1,70,,3126,1544,,,1,30,,3127,1544,,,1,70,,3128,1544,,,1,30,,3129,1544,,,1,70,,3130,1544,,,1,30,,3131,1544,,,1,70,,3132,1544,,,1,30,,3133,1544,,,1,70,,3134,1544,,,1,30,,3135,1544,,,1,72,,3136,1664,,,1,70,,3137,1664,,,1,30,,3138,1664,,,1,70,,3139,1664,,,1,30,,3140,1664,,,1,74,,3141,1862,,,1,30,,3142,1862,,,1,70,,3143,1862,,,1,30,,3144,1862,,,1,68,,3145,1784,,,1,30,,3146,1784,,,1,70,,3147,1784,,,1,28,,3148,1664,,,1,70,,3149,1664,,,1,412,,3150,1587,,,1,30,,3151,1587,,,1
4001,'6',629,,3152,1544,,,1,30,,3153,1544,,,1,70,,3154,1544,,,1,30,,3155,1544,,,1,70,,3156,1544,,,1,30,,3157,1544,,,1,70,,3158,1544,,,1,30,,3159,1544,,,1,70,,3160,1544,,,1,30,,3161,1544,,,1,70,,3162,1544,,,1,30,,3163,1544,,,1,72,,3164,1664,,,1,70,,3165,1664,,,1,30,,3166,1664,,,1,70,,3167,1664,,,1,30,,3168,1664,,,1,74,,3169,1862,,,1,30,,3170,1862,,,1,70,,3171,1862,,,1,30,,3172,1862,,,1,68,,3173,1784,,,1,30,,3174,1784,,,1,70,,3175,1784,,,1,28,,3176,1664,,,1,70,,3177,1664,,,1,412,,3178,1587,,,1,30,,3179,1587,,,1
4001,'9',753,,3180,1664,,,1,100,,3181,1664,,,1,100,,3182,1664,,,1,100,,3183,1664,,,1,101,,3184,1724,,,1,100,,3185,1724,,,1,100,,3186,1724,,,1,100,,3187,1724,,,1,100,,3188,1724,,,1,100,,3189,1724,,,1,100,,3190,1724,,,1,100,,3191,1724,,,1,100,,3192,1724,,,1
6500,'2',646,,3886,1628,,,1,70,,3887,1628,,,1,30,,3888,1628,,,1,70,,3889,1628,,,1,30,,3890,1628,,,1,70,,3891,1628,,,1,30,,3892,1628,,,1,70,,3893,1628,,,1,29,,3894,1568,,,1,70,,3895,1568,,,1,30,,3896,1568,,,1,70,,3897,1568,,,1,31,,3898,1628,,,1,70,,3899,1628,,,1,30,,3900,1628,,,1,70,,3901,1628,,,1,30,,3902,1628,,,1,72,,3903,1760,,,1,30,,3904,1760,,,1,70,,3905,1760,,,1,30,,3906,1760,,,1,71,,3907,1820,,,1,30,,3908,1820,,,1,70,,3909,1820,,,1,27,,3910,1628,,,1,70,,3911,1628,,,1,30,,3912,1628,,,1,70,,3913,1628,,,1,28,,3914,1508,,,1,70,,3915,1508,,,1,30,,3916,1508,,,1,70,,3917,1508,,,1,31,,3918,1568,,,1
6500,'3',646,,3919,1628,,,1,70,,3920,1628,,,1,30,,3921,1628,,,1,70,,3922,1628,,,1,30,,3923,1628,,,1,70,,3924,1628,,,1,30,,3925,1628,,,1,70,,3926,1628,,,1,29,,3927,1568,,,1,70,,3928,1568,,,1,30,,3929,1568,,,1,70,,3930,1568,,,1,31,,3931,1628,,,1,70,,3932,1628,,,1,30,,3933,1628,,,1,70,,3934,1628,,,1,30,,3935,1628,,,1,72,,3936,1760,,,1,30,,3937,1760,,,1,70,,3938,1760,,,1,30,,3939,1760,,,1,71,,3940,1820,,,1,30,,3941,1820,,,1,70,,3942,1820,,,1,27,,3943,1628,,,1,70,,3944,1628,,,1,30,,3945,1628,,,1,70,,3946,1628,,,1,28,,3947,1508,,,1,70,,3948,1508,,,1,30,,3949,1508,,,1,70,,3950,1508,,,1,31,,3951,1568,,,1
6500,'4',646,,3952,1628,,,1,70,,3953,1628,,,1,30,,3954,1628,,,1,70,,3955,1628,,,1,30,,3956,1628,,,1,70,,3957,1628,,,1,30,,3958,1628,,,1,70,,3959,1628,,,1,29,,3960,1568,,,1,70,,3961,1568,,,1,30,,3962,1568,,,1,70,,3963,1568,,,1,31,,3964,1628,,,1,70,,3965,1628,,,1,30,,3966,1628,,,1,70,,3967,1628,,,1,30,,3968,1628,,,1,72,,3969,1760,,,1,30,,3970,1760,,,1,70,,3971,1760,,,1,30,,3972,1760,,,1,71,,3973,1820,,,1,30,,3974,1820,,,1,70,,3975,1820,,,1,27,,3976,1628,,,1,70,,3977,1628,,,1,30,,3978,1628,,,1,70,,3979,1628,,,1,28,,3980,1508,,,1,70,,3981,1508,,,1,30,,3982,1508,,,1,70,,3983,1508,,,1,31,,3984,1568,,,1
6500,'5',646,,3985,1628,,,1,70,,3986,1628,,,1,30,,3987,1628,,,1,70,,3988,1628,,,1,30,,3989,1628,,,1,70,,3990,1628,,,1,30,,3991,1628,,,1,70,,3992,1628,,,1,29,,3993,1568,,,1,70,,3994,1568,,,1,30,,3995,1568,,,1,70,,3996,1568,,,1,31,,3997,1628,,,1,70,,3998,1628,,,1,30,,3999,1628,,,1,70,,4000,1628,,,1,30,,4001,1628,,,1,72,,4002,1760,,,1,30,,4003,1760,,,1,70,,4004,1760,,,1,30,,4005,1760,,,1,71,,4006,1820,,,1,30,,4007,1820,,,1,70,,4008,1820,,,1,27,,4009,1628,,,1,70,,4010,1628,,,1,30,,4011,1628,,,1,70,,4012,1628,,,1,28,,4013,1508,,,1,70,,4014,1508,,,1,30,,4015,1508,,,1,70,,4016,1508,,,1,31,,4017,1568,,,1
6500,'6',646,,4018,1628,,,1,70,,4019,1628,,,1,30,,4020,1628,,,1,70,,4021,1628,,,1,30,,4022,1628,,,1,70,,4023,1628,,,1,30,,4024,1628,,,1,70,,4025,1628,,,1,29,,4026,1568,,,1,70,,4027,1568,,,1,30,,4028,1568,,,1,70,,4029,1568,,,1,31,,4030,1628,,,1,70,,4031,1628,,,1,30,,4032,1628,,,1,70,,4033,1628,,,1,30,,4034,1628,,,1,72,,4035,1760,,,1,30,,4036,1760,,,1,70,,4037,1760,,,1,30,,4038,1760,,,1,71,,4039,1820,,,1,30,,4040,1820,,,1,70,,4041,1820,,,1,27,,4042,1628,,,1,70,,4043,1628,,,1,30,,4044,1628,,,1,70,,4045,1628,,,1,28,,4046,1508,,,1,70,,4047,1508,,,1,30,,4048,1508,,,1,70,,4049,1508,,,1,31,,4050,1568,,,1
6500,'9',823,,4051,1508,,,1,100,,4052,1508,,,1,100,,4053,1508,,,1,100,,4054,1508,,,1,101,,4055,1568,,,1,100,,4056,1568,,,1,100,,4057,1568,,,1,100,,4058,1568,,,1,102,,4059,1688,,,1,100,,4060,1688,,,1,100,,4061,1688,,,1,100,,4062,1688,,,1
6501,'2',646,,4063,1484,,,1,70,,4064,1484,,,1,30,,4065,1484,,,1,71,,4066,1544,,,1,30,,4067,1544,,,1,70,,4068,1544,,,1,30,,4069,1544,,,1,70,,4070,1544,,,1,30,,4071,1544,,,1,70,,4072,1544,,,1,30,,4073,1544,,,1,70,,4074,1544,,,1,30,,4075,1544,,,1,70,,4076,1544,,,1,30,,4077,1544,,,1,70,,4078,1544,,,1,32,,4079,1622,,,1,70,,4080,1622,,,1,30,,4081,1622,,,1,70,,4082,1622,,,1,30,,4083,1622,,,1,69,,4084,1604,,,1,30,,4085,1604,,,1,70,,4086,1604,,,1,29,,4087,1544,,,1,70,,4088,1544,,,1,30,,4089,1544,,,1,70,,4090,1544,,,1,29,,4091,1484,,,1,70,,4092,1484,,,1,30,,4093,1484,,,1,70,,4094,1484,,,1,29,,4095,1424,,,1
6501,'3',646,,4096,1484,,,1,70,,4097,1484,,,1,30,,4098,1484,,,1,71,,4099,1544,,,1,30,,4100,1544,,,1,70,,4101,1544,,,1,30,,4102,1544,,,1,70,,4103,1544,,,1,30,,4104,1544,,,1,70,,4105,1544,,,1,30,,4106,1544,,,1,70,,4107,1544,,,1,30,,4108,1544,,,1,70,,4109,1544,,,1,30,,4110,1544,,,1,70,,4111,1544,,,1,32,,4112,1622,,,1,70,,4113,1622,,,1,30,,4114,1622,,,1,70,,4115,1622,,,1,30,,4116,1622,,,1,69,,4117,1604,,,1,30,,4118,1604,,,1,70,,4119,1604,,,1,29,,4120,1544,,,1,70,,4121,1544,,,1,30,,4122,1544,,,1,70,,4123,1544,,,1,29,,4124,1484,,,1,70,,4125,1484,,,1,30,,4126,1484,,,1,70,,4127,1484,,,1,29,,4128,1424,,,1
6501,'4',646,,4129,1484,,,1,70,,4130,1484,,,1,30,,4131,1484,,,1,71,,4132,1544,,,1,30,,4133,1544,,,1,70,,4134,1544,,,1,30,,4135,1544,,,1,70,,4136,1544,,,1,30,,4137,1544,,,1,70,,4138,1544,,,1,30,,4139,1544,,,1,70,,4140,1544,,,1,30,,4141,1544,,,1,70,,4142,1544,,,1,30,,4143,1544,,,1,70,,4144,1544,,,1,32,,4145,1622,,,1,70,,4146,1622,,,1,30,,4147,1622,,,1,70,,4148,1622,,,1,30,,4149,1622,,,1,69,,4150,1604,,,1,30,,4151,1604,,,1,70,,4152,1604,,,1,29,,4153,1544,,,1,70,,4154,1544,,,1,30,,4155,1544,,,1,70,,4156,1544,,,1,29,,4157,1484,,,1,70,,4158,1484,,,1,30,,4159,1484,,,1,70,,4160,1484,,,1,29,,4161,1424,,,1
6501,'5',646,,4162,1484,,,1,70,,4163,1484,,,1,30,,4164,1484,,,1,71,,4165,1544,,,1,30,,4166,1544,,,1,70,,4167,1544,,,1,30,,4168,1544,,,1,70,,4169,1544,,,1,30,,4170,1544,,,1,70,,4171,1544,,,1,30,,4172,1544,,,1,70,,4173,1544,,,1,30,,4174,1544,,,1,70,,4175,1544,,,1,30,,4176,1544,,,1,70,,4177,1544,,,1,32,,4178,1622,,,1,70,,4179,1622,,,1,30,,4180,1622,,,1,70,,4181,1622,,,1,30,,4182,1622,,,1,69,,4183,1604,,,1,30,,4184,1604,,,1,70,,4185,1604,,,1,29,,4186,1544,,,1,70,,4187,1544,,,1,30,,4188,1544,,,1,70,,4189,1544,,,1,29,,4190,1484,,,1,70,,4191,1484,,,1,30,,4192,1484,,,1,70,,4193,1484,,,1,29,,4194,1424,,,1
6501,'6',646,,4195,1484,,,1,70,,4196,1484,,,1,30,,4197,1484,,,1,71,,4198,1544,,,1,30,,4199,1544,,,1,70,,4200,1544,,,1,30,,4201,1544,,,1,70,,4202,1544,,,1,30,,4203,1544,,,1,70,,4204,1544,,,1,30,,4205,1544,,,1,70,,4206,1544,,,1,30,,4207,1544,,,1,70,,4208,1544,,,1,30,,4209,1544,,,1,70,,4210,1544,,,1,32,,4211,1622,,,1,70,,4212,1622,,,1,30,,4213,1622,,,1,70,,4214,1622,,,1,30,,4215,1622,,,1,69,,4216,1604,,,1,30,,4217,1604,,,1,70,,4218,1604,,,1,29,,4219,1544,,,1,70,,4220,1544,,,1,30,,4221,1544,,,1,70,,4222,1544,,,1,29,,4223,1484,,,1,70,,4224,1484,,,1,30,,4225,1484,,,1,70,,4226,1484,,,1,29,,4227,1424,,,1
6501,'9',824,,4228,1424,,,1,100,,4229,1424,,,1,100,,4230,1424,,,1,101,,4231,1484,,,1,100,,4232,1484,,,1,100,,4233,1484,,,1,100,,4234,1484,,,1,100,,4235,1484,,,1,100,,4236,1484,,,1,100,,4237,1484,,,1,100,,4238,1484,,,1,100,,4239,1484,,,1
