3000,'2',622,,1856,,,1,15,,1857,,,1,15,,1858,,,1,55,,1859,,,1,15,,1860,,,1,15,,1861,,,1,16,,1862,,,1,56,,1863,,,1,16,,1864,,,1,16,,1865,,,1,16,,1866,,,1,56,,1867,,,1,16,,1868,,,1,16,,1869,,,1,56,,1870,,,1,16,,1871,,,1,16,,1872,,,1,15,,1873,,,1,55,,1874,,,1,15,,1875,,,1,15,,1876,,,1,15,,1877,,,1,55,,1878,,,1,15,,1879,,,1,16,,1880,,,1,15,,1881,,,1,55,,1882,,,1,15,,1883,,,1,15,,1884,,,1,16,,1885,,,1,55,,1886,,,1,15,,1887,,,1,15,,1888,,,1,17,,1889,,,1,56,,1890,,,1,16,,1891,,,1,16,,1892,,,1,16,,1893,,,1,56,,1894,,,1,16,,1895,,,1,16,,1896,,,1,56,,1897,,,1,16,,1898,,,1,16,,1899,,,1,15,,1900,,,1,55,,1901,,,1,15,,1902,,,1,12,,1903,,,1,15,,1904,,,1,15,,1905,,,1,55,,1906,,,1,15,,1907,,,1,30,,1908,,,1,68,,1909,,,1,30,,1910,,,1,70,,1911,,,1,30,,1912,,,1,68,,1913,,,1,100,,1914,,,1
3000,'3',622,,1915,,,1,15,,1916,,,1,15,,1917,,,1,55,,1918,,,1,15,,1919,,,1,15,,1920,,,1,16,,1921,,,1,56,,1922,,,1,16,,1923,,,1,16,,1924,,,1,16,,1925,,,1,56,,1926,,,1,16,,1927,,,1,16,,1928,,,1,56,,1929,,,1,16,,1930,,,1,16,,1931,,,1,15,,1932,,,1,55,,1933,,,1,15,,1934,,,1,15,,1935,,,1,15,,1936,,,1,55,,1937,,,1,15,,1938,,,1,16,,1939,,,1,15,,1940,,,1,55,,1941,,,1,15,,1942,,,1,15,,1943,,,1,16,,1944,,,1,55,,1945,,,1,15,,1946,,,1,15,,1947,,,1,17,,1948,,,1,56,,1949,,,1,16,,1950,,,1,16,,1951,,,1,16,,1952,,,1,56,,1953,,,1,16,,1954,,,1,16,,1955,,,1,56,,1956,,,1,16,,1957,,,1,16,,1958,,,1,15,,1959,,,1,55,,1960,,,1,15,,1961,,,1,12,,1962,,,1,15,,1963,,,1,15,,1964,,,1,55,,1965,,,1,15,,1966,,,1,30,,1967,,,1,68,,1968,,,1,30,,1969,,,1,70,,1970,,,1,30,,1971,,,1,68,,1972,,,1,100,,1973,,,1
3000,'4',622,,1974,,,1,15,,1975,,,1,15,,1976,,,1,55,,1977,,,1,15,,1978,,,1,15,,1979,,,1,16,,1980,,,1,56,,1981,,,1,16,,1982,,,1,16,,1983,,,1,16,,1984,,,1,56,,1985,,,1,16,,1986,,,1,16,,1987,,,1,56,,1988,,,1,16,,1989,,,1,16,,1990,,,1,15,,1991,,,1,55,,1992,,,1,15,,1993,,,1,15,,1994,,,1,15,,1995,,,1,55,,1996,,,1,15,,1997,,,1,16,,1998,,,1,15,,1999,,,1,55,,2000,,,1,15,,2001,,,1,15,,2002,,,1,16,,2003,,,1,55,,2004,,,1,15,,2005,,,1,15,,2006,,,1,17,,2007,,,1,56,,2008,,,1,16,,2009,,,1,16,,2010,,,1,16,,2011,,,1,56,,2012,,,1,16,,2013,,,1,16,,2014,,,1,56,,2015,,,1,16,,2016,,,1,16,,2017,,,1,15,,2018,,,1,55,,2019,,,1,15,,2020,,,1,12,,2021,,,1,15,,2022,,,1,15,,2023,,,1,55,,2024,,,1,15,,2025,,,1,30,,2026,,,1,68,,2027,,,1,30,,2028,,,1,70,,2029,,,1,30,,2030,,,1,68,,2031,,,1,100,,2032,,,1
3000,'5',622,,2033,,,1,15,,2034,,,1,15,,2035,,,1,55,,2036,,,1,15,,2037,,,1,15,,2038,,,1,16,,2039,,,1,56,,2040,,,1,16,,2041,,,1,16,,2042,,,1,16,,2043,,,1,56,,2044,,,1,16,,2045,,,1,16,,2046,,,1,56,,2047,,,1,16,,2048,,,1,16,,2049,,,1,15,,2050,,,1,55,,2051,,,1,15,,2052,,,1,15,,2053,,,1,15,,2054,,,1,55,,2055,,,1,15,,2056,,,1,16,,2057,,,1,15,,2058,,,1,55,,2059,,,1,15,,2060,,,1,15,,2061,,,1,16,,2062,,,1,55,,2063,,,1,15,,2064,,,1,15,,2065,,,1,17,,2066,,,1,56,,2067,,,1,16,,2068,,,1,16,,2069,,,1,16,,2070,,,1,56,,2071,,,1,16,,2072,,,1,16,,2073,,,1,56,,2074,,,1,16,,2075,,,1,16,,2076,,,1,15,,2077,,,1,55,,2078,,,1,15,,2079,,,1,12,,2080,,,1,15,,2081,,,1,15,,2082,,,1,55,,2083,,,1,15,,2084,,,1,30,,2085,,,1,68,,2086,,,1,30,,2087,,,1,70,,2088,,,1,30,,2089,,,1,68,,2090,,,1,100,,2091,,,1
3000,'6',622,,2092,,,1,15,,2093,,,1,15,,2094,,,1,55,,2095,,,1,15,,2096,,,1,15,,2097,,,1,16,,2098,,,1,56,,2099,,,1,16,,2100,,,1,16,,2101,,,1,16,,2102,,,1,56,,2103,,,1,16,,2104,,,1,16,,2105,,,1,56,,2106,,,1,16,,2107,,,1,16,,2108,,,1,15,,2109,,,1,55,,2110,,,1,15,,2111,,,1,15,,2112,,,1,15,,2113,,,1,55,,2114,,,1,15,,2115,,,1,16,,2116,,,1,15,,2117,,,1,55,,2118,,,1,15,,2119,,,1,15,,2120,,,1,16,,2121,,,1,55,,2122,,,1,15,,2123,,,1,15,,2124,,,1,17,,2125,,,1,56,,2126,,,1,16,,2127,,,1,16,,2128,,,1,16,,2129,,,1,56,,2130,,,1,16,,2131,,,1,16,,2132,,,1,56,,2133,,,1,16,,2134,,,1,16,,2135,,,1,15,,2136,,,1,55,,2137,,,1,15,,2138,,,1,12,,2139,,,1,15,,2140,,,1,15,,2141,,,1,55,,2142,,,1,15,,2143,,,1,30,,2144,,,1,68,,2145,,,1,30,,2146,,,1,70,,2147,,,1,30,,2148,,,1,68,,2149,,,1,100,,2150,,,1
3000,'9',807,,2151,,,1,30,,2152,,,1,70,,2153,,,1,30,,2154,,,1,70,,2155,,,1,30,,2156,,,1,70,,2157,,,1,32,,2158,,,1,70,,2159,,,1,30,,2160,,,1,70,,2161,,,1,30,,2162,,,1,70,,2163,,,1,30,,2164,,,1,70,,2165,,,1,30,,2166,,,1,70,,2167,,,1,30,,2168,,,1,70,,2169,,,1,30,,2170,,,1,70,,2171,,,1,30,,2172,,,1,70,,2173,,,1,30,,2174,,,1
3101,'2',709,,2493,,,1,31,,2494,,,1,71,,2495,,,1,31,,2496,,,1,72,,2497,,,1,32,,2498,,,1,72,,2499,,,1,32,,2500,,,1,73,,2501,,,1,32,,2502,,,1,72,,2503,,,1,74,,2504,,,1,32,,2505,,,1,73,,2506,,,1,33,,2507,,,1,74,,2508,,,1,33,,2509,,,1,73,,2510,,,1,33,,2511,,,1,73,,2512,,,1,33,,2513,,,1,73,,2514,,,1,69,,2515,,,1,32,,2516,,,1,72,,2517,,,1,30,,2518,,,1,72,,2519,,,1,32,,2520,,,1,72,,2521,,,1,32,,2522,,,1
3101,'3',709,,2523,,,1,31,,2524,,,1,71,,2525,,,1,31,,2526,,,1,72,,2527,,,1,32,,2528,,,1,72,,2529,,,1,32,,2530,,,1,73,,2531,,,1,32,,2532,,,1,72,,2533,,,1,74,,2534,,,1,32,,2535,,,1,73,,2536,,,1,33,,2537,,,1,74,,2538,,,1,33,,2539,,,1,73,,2540,,,1,33,,2541,,,1,73,,2542,,,1,33,,2543,,,1,73,,2544,,,1,69,,2545,,,1,32,,2546,,,1,72,,2547,,,1,30,,2548,,,1,72,,2549,,,1,32,,2550,,,1,72,,2551,,,1,32,,2552,,,1
3101,'4',709,,2553,,,1,31,,2554,,,1,71,,2555,,,1,31,,2556,,,1,72,,2557,,,1,32,,2558,,,1,72,,2559,,,1,32,,2560,,,1,73,,2561,,,1,32,,2562,,,1,72,,2563,,,1,74,,2564,,,1,32,,2565,,,1,73,,2566,,,1,33,,2567,,,1,74,,2568,,,1,33,,2569,,,1,73,,2570,,,1,33,,2571,,,1,73,,2572,,,1,33,,2573,,,1,73,,2574,,,1,69,,2575,,,1,32,,2576,,,1,72,,2577,,,1,30,,2578,,,1,72,,2579,,,1,32,,2580,,,1,72,,2581,,,1,32,,2582,,,1
3101,'5',709,,2583,,,1,31,,2584,,,1,71,,2585,,,1,31,,2586,,,1,72,,2587,,,1,32,,2588,,,1,72,,2589,,,1,32,,2590,,,1,73,,2591,,,1,32,,2592,,,1,72,,2593,,,1,74,,2594,,,1,32,,2595,,,1,73,,2596,,,1,33,,2597,,,1,74,,2598,,,1,33,,2599,,,1,73,,2600,,,1,33,,2601,,,1,73,,2602,,,1,33,,2603,,,1,73,,2604,,,1,69,,2605,,,1,32,,2606,,,1,72,,2607,,,1,30,,2608,,,1,72,,2609,,,1,32,,2610,,,1,72,,2611,,,1,32,,2612,,,1
3101,'6',709,,2613,,,1,31,,2614,,,1,71,,2615,,,1,31,,2616,,,1,72,,2617,,,1,32,,2618,,,1,72,,2619,,,1,32,,2620,,,1,73,,2621,,,1,32,,2622,,,1,72,,2623,,,1,74,,2624,,,1,32,,2625,,,1,73,,2626,,,1,33,,2627,,,1,74,,2628,,,1,33,,2629,,,1,73,,2630,,,1,33,,2631,,,1,73,,2632,,,1,33,,2633,,,1,73,,2634,,,1,69,,2635,,,1,32,,2636,,,1,72,,2637,,,1,30,,2638,,,1,72,,2639,,,1,32,,2640,,,1,72,,2641,,,1,32,,2642,,,1
3101,'9',844,,2643,,,1,100,,2644,,,1,100,,2645,,,1,105,,2646,,,1,100,,2647,,,1,100,,2648,,,1,100,,2649,,,1,99,,2650,,,1,100,,2651,,,1,100,,2652,,,1,100,,2653,,,1,100,,2654,,,1
