3101,'2',730,,2493,3447,,,1,71,,2494,3447,,,1,33,,2495,3555,,,1,71,,2496,3555,,,1,32,,2497,3555,,,1,72,,2498,3555,,,1,32,,2499,3555,,,1,72,,2500,3555,,,1,33,,2501,3555,,,1,72,,2502,3555,,,1,32,,2503,3555,,,1,74,,2504,3615,,,1,32,,2505,3615,,,1,73,,2506,3615,,,1,73,,2507,3615,,,1,34,,2508,3735,,,1,73,,2509,3735,,,1,33,,2510,3735,,,1,73,,2511,3735,,,1,33,,2512,3735,,,1,73,,2513,3735,,,1,33,,2514,3735,,,1,68,,2515,3435,,,1,32,,2516,3435,,,1,72,,2517,3435,,,1,30,,2518,3315,,,1,72,,2519,3315,,,1,72,,2520,3315,,,1,32,,2521,3315,,,1,70,,2522,3207,,,1
3101,'3',730,,2523,3447,,,1,71,,2524,3447,,,1,33,,2525,3555,,,1,71,,2526,3555,,,1,32,,2527,3555,,,1,72,,2528,3555,,,1,32,,2529,3555,,,1,72,,2530,3555,,,1,33,,2531,3555,,,1,72,,2532,3555,,,1,32,,2533,3555,,,1,74,,2534,3615,,,1,32,,2535,3615,,,1,73,,2536,3615,,,1,73,,2537,3615,,,1,34,,2538,3735,,,1,73,,2539,3735,,,1,33,,2540,3735,,,1,73,,2541,3735,,,1,33,,2542,3735,,,1,73,,2543,3735,,,1,33,,2544,3735,,,1,68,,2545,3435,,,1,32,,2546,3435,,,1,72,,2547,3435,,,1,30,,2548,3315,,,1,72,,2549,3315,,,1,72,,2550,3315,,,1,32,,2551,3315,,,1,70,,2552,3207,,,1
3101,'4',730,,2553,3447,,,1,71,,2554,3447,,,1,33,,2555,3555,,,1,71,,2556,3555,,,1,32,,2557,3555,,,1,72,,2558,3555,,,1,32,,2559,3555,,,1,72,,2560,3555,,,1,33,,2561,3555,,,1,72,,2562,3555,,,1,32,,2563,3555,,,1,74,,2564,3615,,,1,32,,2565,3615,,,1,73,,2566,3615,,,1,73,,2567,3615,,,1,34,,2568,3735,,,1,73,,2569,3735,,,1,33,,2570,3735,,,1,73,,2571,3735,,,1,33,,2572,3735,,,1,73,,2573,3735,,,1,33,,2574,3735,,,1,68,,2575,3435,,,1,32,,2576,3435,,,1,72,,2577,3435,,,1,30,,2578,3315,,,1,72,,2579,3315,,,1,72,,2580,3315,,,1,32,,2581,3315,,,1,70,,2582,3207,,,1
3101,'5',730,,2583,3447,,,1,71,,2584,3447,,,1,33,,2585,3555,,,1,71,,2586,3555,,,1,32,,2587,3555,,,1,72,,2588,3555,,,1,32,,2589,3555,,,1,72,,2590,3555,,,1,33,,2591,3555,,,1,72,,2592,3555,,,1,32,,2593,3555,,,1,74,,2594,3615,,,1,32,,2595,3615,,,1,73,,2596,3615,,,1,73,,2597,3615,,,1,34,,2598,3735,,,1,73,,2599,3735,,,1,33,,2600,3735,,,1,73,,2601,3735,,,1,33,,2602,3735,,,1,73,,2603,3735,,,1,33,,2604,3735,,,1,68,,2605,3435,,,1,32,,2606,3435,,,1,72,,2607,3435,,,1,30,,2608,3315,,,1,72,,2609,3315,,,1,72,,2610,3315,,,1,32,,2611,3315,,,1,70,,2612,3207,,,1
3101,'6',730,,2613,3447,,,1,71,,2614,3447,,,1,33,,2615,3555,,,1,71,,2616,3555,,,1,32,,2617,3555,,,1,72,,2618,3555,,,1,32,,2619,3555,,,1,72,,2620,3555,,,1,33,,2621,3555,,,1,72,,2622,3555,,,1,32,,2623,3555,,,1,74,,2624,3615,,,1,32,,2625,3615,,,1,73,,2626,3615,,,1,73,,2627,3615,,,1,34,,2628,3735,,,1,73,,2629,3735,,,1,33,,2630,3735,,,1,73,,2631,3735,,,1,33,,2632,3735,,,1,73,,2633,3735,,,1,33,,2634,3735,,,1,68,,2635,3435,,,1,32,,2636,3435,,,1,72,,2637,3435,,,1,30,,2638,3315,,,1,72,,2639,3315,,,1,72,,2640,3315,,,1,32,,2641,3315,,,1,70,,2642,3207,,,1
3101,'9',905,,2643,3315,,,1,100,,2644,3315,,,1,100,,2645,3315,,,1,106,,2646,3675,,,1,100,,2647,3675,,,1,100,,2648,3675,,,1,100,,2649,3675,,,1,99,,2650,3615,,,1,100,,2651,3615,,,1,100,,2652,3615,,,1,100,,2653,3615,,,1,100,,2654,3615,,,1
5101,'2',625,,3370,1054,,,1,30,,3371,1054,,,1,70,,3372,1054,,,1,34,,3373,1276,,,1,72,,3374,1276,,,1,72,,3375,1276,,,1,32,,3376,1276,,,1,72,,3377,1276,,,1,33,,3378,1336,,,1,72,,3379,1336,,,1,32,,3380,1336,,,1,72,,3381,1336,,,1,33,,3382,1336,,,1,73,,3383,1336,,,1,33,,3384,1336,,,1,72,,3385,1336,,,1,74,,3386,1388,,,1,33,,3387,1388,,,1,73,,3388,1388,,,1,33,,3389,1388,,,1,73,,3390,1396,,,1,33,,3391,1396,,,1,73,,3392,1396,,,1,31,,3393,1285,,,1,73,,3394,1285,,,1,32,,3395,1285,,,1,70,,3396,1174,,,1,32,,3397,1174,,,1,72,,3398,1174,,,1,72,,3399,1174,,,1,31,,3400,1114,,,1
5101,'3',625,,3401,1054,,,1,30,,3402,1054,,,1,70,,3403,1054,,,1,34,,3404,1276,,,1,72,,3405,1276,,,1,72,,3406,1276,,,1,32,,3407,1276,,,1,72,,3408,1276,,,1,33,,3409,1336,,,1,72,,3410,1336,,,1,32,,3411,1336,,,1,72,,3412,1336,,,1,33,,3413,1336,,,1,73,,3414,1336,,,1,33,,3415,1336,,,1,72,,3416,1336,,,1,74,,3417,1388,,,1,33,,3418,1388,,,1,73,,3419,1388,,,1,33,,3420,1388,,,1,73,,3421,1396,,,1,33,,3422,1396,,,1,73,,3423,1396,,,1,31,,3424,1285,,,1,73,,3425,1285,,,1,32,,3426,1285,,,1,70,,3427,1174,,,1,32,,3428,1174,,,1,72,,3429,1174,,,1,72,,3430,1174,,,1,31,,3431,1114,,,1
5101,'4',625,,3432,1054,,,1,30,,3433,1054,,,1,70,,3434,1054,,,1,34,,3435,1276,,,1,72,,3436,1276,,,1,72,,3437,1276,,,1,32,,3438,1276,,,1,72,,3439,1276,,,1,33,,3440,1336,,,1,72,,3441,1336,,,1,32,,3442,1336,,,1,72,,3443,1336,,,1,33,,3444,1336,,,1,73,,3445,1336,,,1,33,,3446,1336,,,1,72,,3447,1336,,,1,74,,3448,1388,,,1,33,,3449,1388,,,1,73,,3450,1388,,,1,33,,3451,1388,,,1,73,,3452,1396,,,1,33,,3453,1396,,,1,73,,3454,1396,,,1,31,,3455,1285,,,1,73,,3456,1285,,,1,32,,3457,1285,,,1,70,,3458,1174,,,1,32,,3459,1174,,,1,72,,3460,1174,,,1,72,,3461,1174,,,1,31,,3462,1114,,,1
5101,'5',625,,3463,1054,,,1,30,,3464,1054,,,1,70,,3465,1054,,,1,34,,3466,1276,,,1,72,,3467,1276,,,1,72,,3468,1276,,,1,32,,3469,1276,,,1,72,,3470,1276,,,1,33,,3471,1336,,,1,72,,3472,1336,,,1,32,,3473,1336,,,1,72,,3474,1336,,,1,33,,3475,1336,,,1,73,,3476,1336,,,1,33,,3477,1336,,,1,72,,3478,1336,,,1,74,,3479,1388,,,1,33,,3480,1388,,,1,73,,3481,1388,,,1,33,,3482,1388,,,1,73,,3483,1396,,,1,33,,3484,1396,,,1,73,,3485,1396,,,1,31,,3486,1285,,,1,73,,3487,1285,,,1,32,,3488,1285,,,1,70,,3489,1174,,,1,32,,3490,1174,,,1,72,,3491,1174,,,1,72,,3492,1174,,,1,31,,3493,1114,,,1
5101,'6',625,,3494,1054,,,1,30,,3495,1054,,,1,70,,3496,1054,,,1,34,,3497,1276,,,1,72,,3498,1276,,,1,72,,3499,1276,,,1,32,,3500,1276,,,1,72,,3501,1276,,,1,33,,3502,1336,,,1,72,,3503,1336,,,1,32,,3504,1336,,,1,72,,3505,1336,,,1,33,,3506,1336,,,1,73,,3507,1336,,,1,33,,3508,1336,,,1,72,,3509,1336,,,1,74,,3510,1388,,,1,33,,3511,1388,,,1,73,,3512,1388,,,1,33,,3513,1388,,,1,73,,3514,1396,,,1,33,,3515,1396,,,1,73,,3516,1396,,,1,31,,3517,1285,,,1,73,,3518,1285,,,1,32,,3519,1285,,,1,70,,3520,1174,,,1,32,,3521,1174,,,1,72,,3522,1174,,,1,72,,3523,1174,,,1,31,,3524,1114,,,1
5101,'9',839,,3525,1165,,,1,100,,3526,1165,,,1,100,,3527,1165,,,1,103,,3528,1328,,,1,100,,3529,1328,,,1,100,,3530,1328,,,1,100,,3531,1328,,,1,97,,3532,1165,,,1,100,,3533,1165,,,1,100,,3534,1165,,,1,100,,3535,1165,,,1,100,,3536,1165,,,1
