4001,'2',622,,3040,1097,,,1,30,,3041,1097,,,1,70,,3042,1097,,,1,30,,3043,1097,,,1,70,,3044,1097,,,1,30,,3045,1097,,,1,70,,3046,1097,,,1,30,,3047,1097,,,1,70,,3048,1097,,,1,30,,3049,1097,,,1,70,,3050,1097,,,1,30,,3051,1097,,,1,71,,3052,1168,,,1,30,,3053,1168,,,1,70,,3054,1168,,,1,30,,3055,1168,,,1,70,,3056,1168,,,1,33,,3057,1348,,,1,70,,3058,1348,,,1,30,,3059,1348,,,1,70,,3060,1348,,,1,29,,3061,1288,,,1,70,,3062,1288,,,1,30,,3063,1288,,,1,68,,3064,1168,,,1,30,,3065,1168,,,1,453,,3066,1157,,,1,30,,3067,1157,,,1
4001,'3',622,,3068,1097,,,1,30,,3069,1097,,,1,70,,3070,1097,,,1,30,,3071,1097,,,1,70,,3072,1097,,,1,30,,3073,1097,,,1,70,,3074,1097,,,1,30,,3075,1097,,,1,70,,3076,1097,,,1,30,,3077,1097,,,1,70,,3078,1097,,,1,30,,3079,1097,,,1,71,,3080,1168,,,1,30,,3081,1168,,,1,70,,3082,1168,,,1,30,,3083,1168,,,1,70,,3084,1168,,,1,33,,3085,1348,,,1,70,,3086,1348,,,1,30,,3087,1348,,,1,70,,3088,1348,,,1,29,,3089,1288,,,1,70,,3090,1288,,,1,30,,3091,1288,,,1,68,,3092,1168,,,1,30,,3093,1168,,,1,453,,3094,1157,,,1,30,,3095,1157,,,1
4001,'4',622,,3096,1097,,,1,30,,3097,1097,,,1,70,,3098,1097,,,1,30,,3099,1097,,,1,70,,3100,1097,,,1,30,,3101,1097,,,1,70,,3102,1097,,,1,30,,3103,1097,,,1,70,,3104,1097,,,1,30,,3105,1097,,,1,70,,3106,1097,,,1,30,,3107,1097,,,1,71,,3108,1168,,,1,30,,3109,1168,,,1,70,,3110,1168,,,1,30,,3111,1168,,,1,70,,3112,1168,,,1,33,,3113,1348,,,1,70,,3114,1348,,,1,30,,3115,1348,,,1,70,,3116,1348,,,1,29,,3117,1288,,,1,70,,3118,1288,,,1,30,,3119,1288,,,1,68,,3120,1168,,,1,30,,3121,1168,,,1,453,,3122,1157,,,1,30,,3123,1157,,,1
4001,'5',622,,3124,1097,,,1,30,,3125,1097,,,1,70,,3126,1097,,,1,30,,3127,1097,,,1,70,,3128,1097,,,1,30,,3129,1097,,,1,70,,3130,1097,,,1,30,,3131,1097,,,1,70,,3132,1097,,,1,30,,3133,1097,,,1,70,,3134,1097,,,1,30,,3135,1097,,,1,71,,3136,1168,,,1,30,,3137,1168,,,1,70,,3138,1168,,,1,30,,3139,1168,,,1,70,,3140,1168,,,1,33,,3141,1348,,,1,70,,3142,1348,,,1,30,,3143,1348,,,1,70,,3144,1348,,,1,29,,3145,1288,,,1,70,,3146,1288,,,1,30,,3147,1288,,,1,68,,3148,1168,,,1,30,,3149,1168,,,1,453,,3150,1157,,,1,30,,3151,1157,,,1
4001,'6',622,,3152,1097,,,1,30,,3153,1097,,,1,70,,3154,1097,,,1,30,,3155,1097,,,1,70,,3156,1097,,,1,30,,3157,1097,,,1,70,,3158,1097,,,1,30,,3159,1097,,,1,70,,3160,1097,,,1,30,,3161,1097,,,1,70,,3162,1097,,,1,30,,3163,1097,,,1,71,,3164,1168,,,1,30,,3165,1168,,,1,70,,3166,1168,,,1,30,,3167,1168,,,1,70,,3168,1168,,,1,33,,3169,1348,,,1,70,,3170,1348,,,1,30,,3171,1348,,,1,70,,3172,1348,,,1,29,,3173,1288,,,1,70,,3174,1288,,,1,30,,3175,1288,,,1,68,,3176,1168,,,1,30,,3177,1168,,,1,453,,3178,1157,,,1,30,,3179,1157,,,1
4001,'9',745,,3180,1168,,,1,100,,3181,1168,,,1,100,,3182,1168,,,1,100,,3183,1168,,,1,101,,3184,1228,,,1,100,,3185,1228,,,1,100,,3186,1228,,,1,100,,3187,1228,,,1,100,,3188,1228,,,1,100,,3189,1228,,,1,100,,3190,1228,,,1,100,,3191,1228,,,1,100,,3192,1228,,,1
6500,'2',638,,3886,1168,,,1,70,,3887,1168,,,1,30,,3888,1168,,,1,70,,3889,1168,,,1,30,,3890,1168,,,1,70,,3891,1168,,,1,30,,3892,1168,,,1,70,,3893,1168,,,1,29,,3894,1108,,,1,70,,3895,1108,,,1,30,,3896,1108,,,1,70,,3897,1108,,,1,31,,3898,1168,,,1,70,,3899,1168,,,1,30,,3900,1168,,,1,70,,3901,1168,,,1,30,,3902,1168,,,1,72,,3903,1288,,,1,30,,3904,1288,,,1,70,,3905,1288,,,1,30,,3906,1288,,,1,70,,3907,1300,,,1,30,,3908,1300,,,1,70,,3909,1300,,,1,29,,3910,1217,,,1,70,,3911,1217,,,1,30,,3912,1217,,,1,70,,3913,1217,,,1,28,,3914,1097,,,1,70,,3915,1097,,,1,30,,3916,1097,,,1,70,,3917,1097,,,1,30,,3918,1108,,,1
6500,'3',638,,3919,1168,,,1,70,,3920,1168,,,1,30,,3921,1168,,,1,70,,3922,1168,,,1,30,,3923,1168,,,1,70,,3924,1168,,,1,30,,3925,1168,,,1,70,,3926,1168,,,1,29,,3927,1108,,,1,70,,3928,1108,,,1,30,,3929,1108,,,1,70,,3930,1108,,,1,31,,3931,1168,,,1,70,,3932,1168,,,1,30,,3933,1168,,,1,70,,3934,1168,,,1,30,,3935,1168,,,1,72,,3936,1288,,,1,30,,3937,1288,,,1,70,,3938,1288,,,1,30,,3939,1288,,,1,70,,3940,1300,,,1,30,,3941,1300,,,1,70,,3942,1300,,,1,29,,3943,1217,,,1,70,,3944,1217,,,1,30,,3945,1217,,,1,70,,3946,1217,,,1,28,,3947,1097,,,1,70,,3948,1097,,,1,30,,3949,1097,,,1,70,,3950,1097,,,1,30,,3951,1108,,,1
6500,'4',638,,3952,1168,,,1,70,,3953,1168,,,1,30,,3954,1168,,,1,70,,3955,1168,,,1,30,,3956,1168,,,1,70,,3957,1168,,,1,30,,3958,1168,,,1,70,,3959,1168,,,1,29,,3960,1108,,,1,70,,3961,1108,,,1,30,,3962,1108,,,1,70,,3963,1108,,,1,31,,3964,1168,,,1,70,,3965,1168,,,1,30,,3966,1168,,,1,70,,3967,1168,,,1,30,,3968,1168,,,1,72,,3969,1288,,,1,30,,3970,1288,,,1,70,,3971,1288,,,1,30,,3972,1288,,,1,70,,3973,1300,,,1,30,,3974,1300,,,1,70,,3975,1300,,,1,29,,3976,1217,,,1,70,,3977,1217,,,1,30,,3978,1217,,,1,70,,3979,1217,,,1,28,,3980,1097,,,1,70,,3981,1097,,,1,30,,3982,1097,,,1,70,,3983,1097,,,1,30,,3984,1108,,,1
6500,'5',638,,3985,1168,,,1,70,,3986,1168,,,1,30,,3987,1168,,,1,70,,3988,1168,,,1,30,,3989,1168,,,1,70,,3990,1168,,,1,30,,3991,1168,,,1,70,,3992,1168,,,1,29,,3993,1108,,,1,70,,3994,1108,,,1,30,,3995,1108,,,1,70,,3996,1108,,,1,31,,3997,1168,,,1,70,,3998,1168,,,1,30,,3999,1168,,,1,70,,4000,1168,,,1,30,,4001,1168,,,1,72,,4002,1288,,,1,30,,4003,1288,,,1,70,,4004,1288,,,1,30,,4005,1288,,,1,70,,4006,1300,,,1,30,,4007,1300,,,1,70,,4008,1300,,,1,29,,4009,1217,,,1,70,,4010,1217,,,1,30,,4011,1217,,,1,70,,4012,1217,,,1,28,,4013,1097,,,1,70,,4014,1097,,,1,30,,4015,1097,,,1,70,,4016,1097,,,1,30,,4017,1108,,,1
6500,'6',638,,4018,1168,,,1,70,,4019,1168,,,1,30,,4020,1168,,,1,70,,4021,1168,,,1,30,,4022,1168,,,1,70,,4023,1168,,,1,30,,4024,1168,,,1,70,,4025,1168,,,1,29,,4026,1108,,,1,70,,4027,1108,,,1,30,,4028,1108,,,1,70,,4029,1108,,,1,31,,4030,1168,,,1,70,,4031,1168,,,1,30,,4032,1168,,,1,70,,4033,1168,,,1,30,,4034,1168,,,1,72,,4035,1288,,,1,30,,4036,1288,,,1,70,,4037,1288,,,1,30,,4038,1288,,,1,70,,4039,1300,,,1,30,,4040,1300,,,1,70,,4041,1300,,,1,29,,4042,1217,,,1,70,,4043,1217,,,1,30,,4044,1217,,,1,70,,4045,1217,,,1,28,,4046,1097,,,1,70,,4047,1097,,,1,30,,4048,1097,,,1,70,,4049,1097,,,1,30,,4050,1108,,,1
6500,'9',816,,4051,1097,,,1,100,,4052,1097,,,1,100,,4053,1097,,,1,100,,4054,1097,,,1,101,,4055,1157,,,1,100,,4056,1157,,,1,100,,4057,1157,,,1,100,,4058,1157,,,1,102,,4059,1277,,,1,100,,4060,1277,,,1,100,,4061,1277,,,1,100,,4062,1277,,,1
