1100,'2',644,,637,1037,,,1,102,,638,1167,,,1,100,,639,1167,,,1,100,,640,1167,,,1,100,,641,1167,,,1,102,,642,1167,,,1,99,,643,1227,,,1,100,,644,1227,,,1,101,,645,1287,,,1,102,,646,1287,,,1,101,,647,1227,,,1,96,,648,1227,,,1,99,,649,1167,,,1,102,,650,1167,,,1,99,,651,1107,,,1,100,,652,1107,,,1
1100,'3',644,,653,1037,,,1,102,,654,1167,,,1,100,,655,1167,,,1,100,,656,1167,,,1,100,,657,1167,,,1,102,,658,1167,,,1,99,,659,1227,,,1,100,,660,1227,,,1,101,,661,1287,,,1,102,,662,1287,,,1,101,,663,1227,,,1,96,,664,1227,,,1,99,,665,1167,,,1,102,,666,1167,,,1,99,,667,1107,,,1,100,,668,1107,,,1
1100,'4',644,,669,1037,,,1,102,,670,1167,,,1,100,,671,1167,,,1,100,,672,1167,,,1,100,,673,1167,,,1,102,,674,1167,,,1,99,,675,1227,,,1,100,,676,1227,,,1,101,,677,1287,,,1,102,,678,1287,,,1,101,,679,1227,,,1,96,,680,1227,,,1,99,,681,1167,,,1,102,,682,1167,,,1,99,,683,1107,,,1,100,,684,1107,,,1
1100,'5',644,,685,1037,,,1,102,,686,1167,,,1,100,,687,1167,,,1,100,,688,1167,,,1,100,,689,1167,,,1,102,,690,1167,,,1,99,,691,1227,,,1,100,,692,1227,,,1,101,,693,1287,,,1,102,,694,1287,,,1,101,,695,1227,,,1,96,,696,1227,,,1,99,,697,1167,,,1,102,,698,1167,,,1,99,,699,1107,,,1,100,,700,1107,,,1
1100,'6',644,,701,1037,,,1,102,,702,1167,,,1,100,,703,1167,,,1,100,,704,1167,,,1,100,,705,1167,,,1,102,,706,1167,,,1,99,,707,1227,,,1,100,,708,1227,,,1,101,,709,1287,,,1,102,,710,1287,,,1,101,,711,1227,,,1,96,,712,1227,,,1,99,,713,1167,,,1,102,,714,1167,,,1,99,,715,1107,,,1,100,,716,1107,,,1
1100,'9',825,,717,1037,,,1,100,,718,1037,,,1,100,,719,1037,,,1,101,,720,1107,,,1,100,,721,1107,,,1,100,,722,1107,,,1,100,,723,1107,,,1,100,,724,1107,,,1,100,,725,1107,,,1,100,,726,1107,,,1,100,,727,1107,,,1,100,,728,1107,,,1
1101,'2',719,,729,851,,,1,102,,730,979,,,1,100,,731,979,,,1,100,,732,971,,,1,100,,733,971,,,1,101,,734,979,,,1,99,,735,979,,,1,100,,736,979,,,1,101,,737,987,,,1,101,,738,987,,,1,101,,739,987,,,1,97,,740,963,,,1,100,,741,963,,,1,101,,742,954,,,1,100,,743,954,,,1,98,,744,826,,,1
1101,'3',719,,745,851,,,1,102,,746,979,,,1,100,,747,979,,,1,100,,748,971,,,1,100,,749,971,,,1,101,,750,979,,,1,99,,751,979,,,1,100,,752,979,,,1,101,,753,987,,,1,101,,754,987,,,1,101,,755,987,,,1,97,,756,963,,,1,100,,757,963,,,1,101,,758,954,,,1,100,,759,954,,,1,98,,760,826,,,1
1101,'4',719,,761,851,,,1,102,,762,979,,,1,100,,763,979,,,1,100,,764,971,,,1,100,,765,971,,,1,101,,766,979,,,1,99,,767,979,,,1,100,,768,979,,,1,101,,769,987,,,1,101,,770,987,,,1,101,,771,987,,,1,97,,772,963,,,1,100,,773,963,,,1,101,,774,954,,,1,100,,775,954,,,1,98,,776,826,,,1
1101,'5',719,,777,851,,,1,102,,778,979,,,1,100,,779,979,,,1,100,,780,971,,,1,100,,781,971,,,1,101,,782,979,,,1,99,,783,979,,,1,100,,784,979,,,1,101,,785,987,,,1,101,,786,987,,,1,101,,787,987,,,1,97,,788,963,,,1,100,,789,963,,,1,101,,790,954,,,1,100,,791,954,,,1,98,,792,826,,,1
1101,'6',719,,793,851,,,1,102,,794,979,,,1,100,,795,979,,,1,100,,796,971,,,1,100,,797,971,,,1,101,,798,979,,,1,99,,799,979,,,1,100,,800,979,,,1,101,,801,987,,,1,101,,802,987,,,1,101,,803,987,,,1,97,,804,963,,,1,100,,805,963,,,1,101,,806,954,,,1,100,,807,954,,,1,98,,808,826,,,1
1101,'9',856,,809,834,,,1,100,,810,834,,,1,100,,811,834,,,1,103,,812,963,,,1,100,,813,963,,,1,100,,814,963,,,1,100,,815,963,,,1,99,,816,954,,,1,100,,817,954,,,1,100,,818,954,,,1,100,,819,954,,,1,100,,820,954,,,1
