2000,'2-v13',621,,821,,,1,15,,822,,,1,15,,823,,,1,55,,824,,,1,15,,825,,,1,15,,826,,,1,15,,827,,,1,59,,828,,,1,16,,829,,,1,15,,830,,,1,15,,831,,,1,55,,832,,,1,15,,833,,,1,15,,834,,,1,15,,835,,,1,55,,836,,,1,13,,837,,,1,15,,838,,,1,15,,839,,,1,55,,840,,,1,15,,841,,,1,15,,842,,,1,15,,843,,,1,55,,844,,,1,15,,845,,,1,17,,846,,,1,15,,847,,,1,55,,848,,,1,15,,849,,,1,15,,850,,,1,15,,851,,,1,55,,852,,,1,16,,853,,,1,16,,854,,,1,57,,855,,,1,16,,856,,,1,16,,857,,,1,16,,858,,,1,56,,859,,,1,16,,860,,,1,16,,861,,,1,16,,862,,,1,54,,863,,,1,16,,864,,,1,16,,865,,,1,16,,866,,,1,56,,867,,,1,16,,868,,,1,15,,869,,,1,15,,870,,,1,55,,871,,,1,15,,872,,,1,15,,873,,,1,70,,874,,,1,29,,875,,,1,70,,876,,,1,30,,877,,,1,70,,878,,,1,29,,879,,,1,100,,880,,,1
2000,'3-v13',621,,881,,,1,15,,882,,,1,15,,883,,,1,55,,884,,,1,15,,885,,,1,15,,886,,,1,15,,887,,,1,59,,888,,,1,16,,889,,,1,15,,890,,,1,15,,891,,,1,55,,892,,,1,15,,893,,,1,15,,894,,,1,15,,895,,,1,55,,896,,,1,13,,897,,,1,15,,898,,,1,15,,899,,,1,55,,900,,,1,15,,901,,,1,15,,902,,,1,15,,903,,,1,55,,904,,,1,15,,905,,,1,17,,906,,,1,15,,907,,,1,55,,908,,,1,15,,909,,,1,15,,910,,,1,15,,911,,,1,55,,912,,,1,16,,913,,,1,16,,914,,,1,57,,915,,,1,16,,916,,,1,16,,917,,,1,16,,918,,,1,56,,919,,,1,16,,920,,,1,16,,921,,,1,16,,922,,,1,54,,923,,,1,16,,924,,,1,16,,925,,,1,16,,926,,,1,56,,927,,,1,16,,928,,,1,15,,929,,,1,15,,930,,,1,55,,931,,,1,15,,932,,,1,15,,933,,,1,70,,934,,,1,29,,935,,,1,70,,936,,,1,30,,937,,,1,70,,938,,,1,29,,939,,,1,100,,940,,,1
2000,'4-v13',621,,941,,,1,15,,942,,,1,15,,943,,,1,55,,944,,,1,15,,945,,,1,15,,946,,,1,15,,947,,,1,59,,948,,,1,16,,949,,,1,15,,950,,,1,15,,951,,,1,55,,952,,,1,15,,953,,,1,15,,954,,,1,15,,955,,,1,55,,956,,,1,13,,957,,,1,15,,958,,,1,15,,959,,,1,55,,960,,,1,15,,961,,,1,15,,962,,,1,15,,963,,,1,55,,964,,,1,15,,965,,,1,17,,966,,,1,15,,967,,,1,55,,968,,,1,15,,969,,,1,15,,970,,,1,15,,971,,,1,55,,972,,,1,16,,973,,,1,16,,974,,,1,57,,975,,,1,16,,976,,,1,16,,977,,,1,16,,978,,,1,56,,979,,,1,16,,980,,,1,16,,981,,,1,16,,982,,,1,54,,983,,,1,16,,984,,,1,16,,985,,,1,16,,986,,,1,56,,987,,,1,16,,988,,,1,15,,989,,,1,15,,990,,,1,55,,991,,,1,15,,992,,,1,15,,993,,,1,70,,994,,,1,29,,995,,,1,70,,996,,,1,30,,997,,,1,70,,998,,,1,29,,999,,,1,100,,1000,,,1
2000,'5-v13',621,,1001,,,1,15,,1002,,,1,15,,1003,,,1,55,,1004,,,1,15,,1005,,,1,15,,1006,,,1,15,,1007,,,1,59,,1008,,,1,16,,1009,,,1,15,,1010,,,1,15,,1011,,,1,55,,1012,,,1,15,,1013,,,1,15,,1014,,,1,15,,1015,,,1,55,,1016,,,1,13,,1017,,,1,15,,1018,,,1,15,,1019,,,1,55,,1020,,,1,15,,1021,,,1,15,,1022,,,1,15,,1023,,,1,55,,1024,,,1,15,,1025,,,1,17,,1026,,,1,15,,1027,,,1,55,,1028,,,1,15,,1029,,,1,15,,1030,,,1,15,,1031,,,1,55,,1032,,,1,16,,1033,,,1,16,,1034,,,1,57,,1035,,,1,16,,1036,,,1,16,,1037,,,1,16,,1038,,,1,56,,1039,,,1,16,,1040,,,1,16,,1041,,,1,16,,1042,,,1,54,,1043,,,1,16,,1044,,,1,16,,1045,,,1,16,,1046,,,1,56,,1047,,,1,16,,1048,,,1,15,,1049,,,1,15,,1050,,,1,55,,1051,,,1,15,,1052,,,1,15,,1053,,,1,70,,1054,,,1,29,,1055,,,1,70,,1056,,,1,30,,1057,,,1,70,,1058,,,1,29,,1059,,,1,100,,1060,,,1
2000,'6-v13',621,,1061,,,1,15,,1062,,,1,15,,1063,,,1,55,,1064,,,1,15,,1065,,,1,15,,1066,,,1,15,,1067,,,1,59,,1068,,,1,16,,1069,,,1,15,,1070,,,1,15,,1071,,,1,55,,1072,,,1,15,,1073,,,1,15,,1074,,,1,15,,1075,,,1,55,,1076,,,1,13,,1077,,,1,15,,1078,,,1,15,,1079,,,1,55,,1080,,,1,15,,1081,,,1,15,,1082,,,1,15,,1083,,,1,55,,1084,,,1,15,,1085,,,1,17,,1086,,,1,15,,1087,,,1,55,,1088,,,1,15,,1089,,,1,15,,1090,,,1,15,,1091,,,1,55,,1092,,,1,16,,1093,,,1,16,,1094,,,1,57,,1095,,,1,16,,1096,,,1,16,,1097,,,1,16,,1098,,,1,56,,1099,,,1,16,,1100,,,1,16,,1101,,,1,16,,1102,,,1,54,,1103,,,1,16,,1104,,,1,16,,1105,,,1,16,,1106,,,1,56,,1107,,,1,16,,1108,,,1,15,,1109,,,1,15,,1110,,,1,55,,1111,,,1,15,,1112,,,1,15,,1113,,,1,70,,1114,,,1,29,,1115,,,1,70,,1116,,,1,30,,1117,,,1,70,,1118,,,1,29,,1119,,,1,100,,1120,,,1
2000,'9-v13',828,,1121,,,1,30,,1122,,,1,70,,1123,,,1,30,,1124,,,1,70,,1125,,,1,30,,1126,,,1,71,,1127,,,1,30,,1128,,,1,70,,1129,,,1,30,,1130,,,1,70,,1131,,,1,30,,1132,,,1,70,,1133,,,1,30,,1134,,,1,70,,1135,,,1,30,,1136,,,1,70,,1137,,,1,30,,1138,,,1,70,,1139,,,1,30,,1140,,,1,70,,1141,,,1,30,,1142,,,1,71,,1143,,,1
2500,'2-v13',626,,1462,,,1,30,,1463,,,1,70,,1464,,,1,33,,1465,,,1,69,,1466,,,1,29,,1467,,,1,69,,1468,,,1,29,,1469,,,1,68,,1470,,,1,29,,1471,,,1,69,,1472,,,1,29,,1473,,,1,69,,1474,,,1,29,,1475,,,1,71,,1476,,,1,30,,1477,,,1,69,,1478,,,1,28,,1479,,,1,72,,1480,,,1,31,,1481,,,1,71,,1482,,,1,31,,1483,,,1,72,,1484,,,1,30,,1485,,,1,71,,1486,,,1,26,,1487,,,1,70,,1488,,,1,30,,1489,,,1,70,,1490,,,1,27,,1491,,,1,70,,1492,,,1,30,,1493,,,1,70,,1494,,,1,29,,1495,,,1,78,,1496,,,1
2500,'3-v13',626,,1497,,,1,30,,1498,,,1,70,,1499,,,1,33,,1500,,,1,69,,1501,,,1,29,,1502,,,1,69,,1503,,,1,29,,1504,,,1,68,,1505,,,1,29,,1506,,,1,69,,1507,,,1,29,,1508,,,1,69,,1509,,,1,29,,1510,,,1,71,,1511,,,1,30,,1512,,,1,69,,1513,,,1,28,,1514,,,1,72,,1515,,,1,31,,1516,,,1,71,,1517,,,1,31,,1518,,,1,72,,1519,,,1,30,,1520,,,1,71,,1521,,,1,26,,1522,,,1,70,,1523,,,1,30,,1524,,,1,70,,1525,,,1,27,,1526,,,1,70,,1527,,,1,30,,1528,,,1,70,,1529,,,1,29,,1530,,,1,78,,1531,,,1
2500,'4-v13',626,,1532,,,1,30,,1533,,,1,70,,1534,,,1,33,,1535,,,1,69,,1536,,,1,29,,1537,,,1,69,,1538,,,1,29,,1539,,,1,68,,1540,,,1,29,,1541,,,1,69,,1542,,,1,29,,1543,,,1,69,,1544,,,1,29,,1545,,,1,71,,1546,,,1,30,,1547,,,1,69,,1548,,,1,28,,1549,,,1,72,,1550,,,1,31,,1551,,,1,71,,1552,,,1,31,,1553,,,1,72,,1554,,,1,30,,1555,,,1,71,,1556,,,1,26,,1557,,,1,70,,1558,,,1,30,,1559,,,1,70,,1560,,,1,27,,1561,,,1,70,,1562,,,1,30,,1563,,,1,70,,1564,,,1,29,,1565,,,1,78,,1566,,,1
2500,'5-v13',626,,1567,,,1,30,,1568,,,1,70,,1569,,,1,33,,1570,,,1,69,,1571,,,1,29,,1572,,,1,69,,1573,,,1,29,,1574,,,1,68,,1575,,,1,29,,1576,,,1,69,,1577,,,1,29,,1578,,,1,69,,1579,,,1,29,,1580,,,1,71,,1581,,,1,30,,1582,,,1,69,,1583,,,1,28,,1584,,,1,72,,1585,,,1,31,,1586,,,1,71,,1587,,,1,31,,1588,,,1,72,,1589,,,1,30,,1590,,,1,71,,1591,,,1,26,,1592,,,1,70,,1593,,,1,30,,1594,,,1,70,,1595,,,1,27,,1596,,,1,70,,1597,,,1,30,,1598,,,1,70,,1599,,,1,29,,1600,,,1,78,,1601,,,1
2500,'6-v13',626,,1602,,,1,30,,1603,,,1,70,,1604,,,1,33,,1605,,,1,69,,1606,,,1,29,,1607,,,1,69,,1608,,,1,29,,1609,,,1,68,,1610,,,1,29,,1611,,,1,69,,1612,,,1,29,,1613,,,1,69,,1614,,,1,29,,1615,,,1,71,,1616,,,1,30,,1617,,,1,69,,1618,,,1,28,,1619,,,1,72,,1620,,,1,31,,1621,,,1,71,,1622,,,1,31,,1623,,,1,72,,1624,,,1,30,,1625,,,1,71,,1626,,,1,26,,1627,,,1,70,,1628,,,1,30,,1629,,,1,70,,1630,,,1,27,,1631,,,1,70,,1632,,,1,30,,1633,,,1,70,,1634,,,1,29,,1635,,,1,78,,1636,,,1
2500,'9-v13',836,,1637,,,1,70,,1638,,,1,30,,1639,,,1,70,,1640,,,1,30,,1641,,,1,70,,1642,,,1,30,,1643,,,1,70,,1644,,,1,30,,1645,,,1,70,,1646,,,1,30,,1647,,,1,70,,1648,,,1,30,,1649,,,1,70,,1650,,,1,31,,1651,,,1,70,,1652,,,1,30,,1653,,,1,70,,1654,,,1,30,,1655,,,1,70,,1656,,,1,30,,1657,,,1,100,,1658,,,1
5500,'2-v13',609,,3537,,,1,30,,3538,,,1,70,,3539,,,1,29,,3540,,,1,71,,3541,,,1,30,,3542,,,1,70,,3543,,,1,30,,3544,,,1,70,,3545,,,1,30,,3546,,,1,70,,3547,,,1,30,,3548,,,1,69,,3549,,,1,31,,3550,,,1,69,,3551,,,1,29,,3552,,,1,70,,3553,,,1,28,,3554,,,1,71,,3555,,,1,29,,3556,,,1,70,,3557,,,1,31,,3558,,,1,73,,3559,,,1,31,,3560,,,1,71,,3561,,,1,23,,3562,,,1,70,,3563,,,1,30,,3564,,,1,70,,3565,,,1,27,,3566,,,1,70,,3567,,,1,30,,3568,,,1,70,,3569,,,1
5500,'3-v13',609,,3570,,,1,30,,3571,,,1,70,,3572,,,1,29,,3573,,,1,71,,3574,,,1,30,,3575,,,1,70,,3576,,,1,30,,3577,,,1,70,,3578,,,1,30,,3579,,,1,70,,3580,,,1,30,,3581,,,1,69,,3582,,,1,31,,3583,,,1,69,,3584,,,1,29,,3585,,,1,70,,3586,,,1,28,,3587,,,1,71,,3588,,,1,29,,3589,,,1,70,,3590,,,1,31,,3591,,,1,73,,3592,,,1,31,,3593,,,1,71,,3594,,,1,23,,3595,,,1,70,,3596,,,1,30,,3597,,,1,70,,3598,,,1,27,,3599,,,1,70,,3600,,,1,30,,3601,,,1,70,,3602,,,1
5500,'4-v13',609,,3603,,,1,30,,3604,,,1,70,,3605,,,1,29,,3606,,,1,71,,3607,,,1,30,,3608,,,1,70,,3609,,,1,30,,3610,,,1,70,,3611,,,1,30,,3612,,,1,70,,3613,,,1,30,,3614,,,1,69,,3615,,,1,31,,3616,,,1,69,,3617,,,1,29,,3618,,,1,70,,3619,,,1,28,,3620,,,1,71,,3621,,,1,29,,3622,,,1,70,,3623,,,1,31,,3624,,,1,73,,3625,,,1,31,,3626,,,1,71,,3627,,,1,23,,3628,,,1,70,,3629,,,1,30,,3630,,,1,70,,3631,,,1,27,,3632,,,1,70,,3633,,,1,30,,3634,,,1,70,,3635,,,1
5500,'5-v13',609,,3636,,,1,30,,3637,,,1,70,,3638,,,1,29,,3639,,,1,71,,3640,,,1,30,,3641,,,1,70,,3642,,,1,30,,3643,,,1,70,,3644,,,1,30,,3645,,,1,70,,3646,,,1,30,,3647,,,1,69,,3648,,,1,31,,3649,,,1,69,,3650,,,1,29,,3651,,,1,70,,3652,,,1,28,,3653,,,1,71,,3654,,,1,29,,3655,,,1,70,,3656,,,1,31,,3657,,,1,73,,3658,,,1,31,,3659,,,1,71,,3660,,,1,23,,3661,,,1,70,,3662,,,1,30,,3663,,,1,70,,3664,,,1,27,,3665,,,1,70,,3666,,,1,30,,3667,,,1,70,,3668,,,1
5500,'6-v13',609,,3669,,,1,30,,3670,,,1,70,,3671,,,1,29,,3672,,,1,71,,3673,,,1,30,,3674,,,1,70,,3675,,,1,30,,3676,,,1,70,,3677,,,1,30,,3678,,,1,70,,3679,,,1,30,,3680,,,1,69,,3681,,,1,31,,3682,,,1,69,,3683,,,1,29,,3684,,,1,70,,3685,,,1,28,,3686,,,1,71,,3687,,,1,29,,3688,,,1,70,,3689,,,1,31,,3690,,,1,73,,3691,,,1,31,,3692,,,1,71,,3693,,,1,23,,3694,,,1,70,,3695,,,1,30,,3696,,,1,70,,3697,,,1,27,,3698,,,1,70,,3699,,,1,30,,3700,,,1,70,,3701,,,1
5500,'9-v13',812,,3702,,,1,100,,3703,,,1,100,,3704,,,1,100,,3705,,,1,102,,3706,,,1,100,,3707,,,1,100,,3708,,,1,100,,3709,,,1,101,,3710,,,1,100,,3711,,,1,100,,3712,,,1,100,,3713,,,1
