1100,'2',642,,637,947,,,1,102,,638,1070,,,1,100,,639,1070,,,1,100,,640,1070,,,1,100,,641,1070,,,1,102,,642,1070,,,1,99,,643,1130,,,1,100,,644,1130,,,1,101,,645,1190,,,1,102,,646,1190,,,1,101,,647,1130,,,1,96,,648,1130,,,1,99,,649,1070,,,1,102,,650,1070,,,1,99,,651,1010,,,1,100,,652,1010,,,1
1100,'3',642,,653,947,,,1,102,,654,1070,,,1,100,,655,1070,,,1,100,,656,1070,,,1,100,,657,1070,,,1,102,,658,1070,,,1,99,,659,1130,,,1,100,,660,1130,,,1,101,,661,1190,,,1,102,,662,1190,,,1,101,,663,1130,,,1,96,,664,1130,,,1,99,,665,1070,,,1,102,,666,1070,,,1,99,,667,1010,,,1,100,,668,1010,,,1
1100,'4',642,,669,947,,,1,102,,670,1070,,,1,100,,671,1070,,,1,100,,672,1070,,,1,100,,673,1070,,,1,102,,674,1070,,,1,99,,675,1130,,,1,100,,676,1130,,,1,101,,677,1190,,,1,102,,678,1190,,,1,101,,679,1130,,,1,96,,680,1130,,,1,99,,681,1070,,,1,102,,682,1070,,,1,99,,683,1010,,,1,100,,684,1010,,,1
1100,'5',642,,685,947,,,1,102,,686,1070,,,1,100,,687,1070,,,1,100,,688,1070,,,1,100,,689,1070,,,1,102,,690,1070,,,1,99,,691,1130,,,1,100,,692,1130,,,1,101,,693,1190,,,1,102,,694,1190,,,1,101,,695,1130,,,1,96,,696,1130,,,1,99,,697,1070,,,1,102,,698,1070,,,1,99,,699,1010,,,1,100,,700,1010,,,1
1100,'6',642,,701,947,,,1,102,,702,1070,,,1,100,,703,1070,,,1,100,,704,1070,,,1,100,,705,1070,,,1,102,,706,1070,,,1,99,,707,1130,,,1,100,,708,1130,,,1,101,,709,1190,,,1,102,,710,1190,,,1,101,,711,1130,,,1,96,,712,1130,,,1,99,,713,1070,,,1,102,,714,1070,,,1,99,,715,1010,,,1,100,,716,1010,,,1
1100,'9',823,,717,947,,,1,100,,718,947,,,1,100,,719,947,,,1,101,,720,1010,,,1,100,,721,1010,,,1,100,,722,1010,,,1,100,,723,1010,,,1,100,,724,1010,,,1,100,,725,1010,,,1,100,,726,1010,,,1,100,,727,1010,,,1,100,,728,1010,,,1
1101,'2',717,,729,765,,,1,102,,730,888,,,1,100,,731,888,,,1,100,,732,885,,,1,100,,733,885,,,1,101,,734,888,,,1,99,,735,888,,,1,100,,736,888,,,1,101,,737,890,,,1,101,,738,890,,,1,101,,739,890,,,1,97,,740,882,,,1,100,,741,882,,,1,102,,742,879,,,1,100,,743,879,,,1,98,,744,756,,,1
1101,'3',717,,745,765,,,1,102,,746,888,,,1,100,,747,888,,,1,100,,748,885,,,1,100,,749,885,,,1,101,,750,888,,,1,99,,751,888,,,1,100,,752,888,,,1,101,,753,890,,,1,101,,754,890,,,1,101,,755,890,,,1,97,,756,882,,,1,100,,757,882,,,1,102,,758,879,,,1,100,,759,879,,,1,98,,760,756,,,1
1101,'4',717,,761,765,,,1,102,,762,888,,,1,100,,763,888,,,1,100,,764,885,,,1,100,,765,885,,,1,101,,766,888,,,1,99,,767,888,,,1,100,,768,888,,,1,101,,769,890,,,1,101,,770,890,,,1,101,,771,890,,,1,97,,772,882,,,1,100,,773,882,,,1,102,,774,879,,,1,100,,775,879,,,1,98,,776,756,,,1
1101,'5',717,,777,765,,,1,102,,778,888,,,1,100,,779,888,,,1,100,,780,885,,,1,100,,781,885,,,1,101,,782,888,,,1,99,,783,888,,,1,100,,784,888,,,1,101,,785,890,,,1,101,,786,890,,,1,101,,787,890,,,1,97,,788,882,,,1,100,,789,882,,,1,102,,790,879,,,1,100,,791,879,,,1,98,,792,756,,,1
1101,'6',717,,793,765,,,1,102,,794,888,,,1,100,,795,888,,,1,100,,796,885,,,1,100,,797,885,,,1,101,,798,888,,,1,99,,799,888,,,1,100,,800,888,,,1,101,,801,890,,,1,101,,802,890,,,1,101,,803,890,,,1,97,,804,882,,,1,100,,805,882,,,1,102,,806,879,,,1,100,,807,879,,,1,98,,808,756,,,1
1101,'9',855,,809,759,,,1,100,,810,759,,,1,100,,811,759,,,1,102,,812,882,,,1,100,,813,882,,,1,100,,814,882,,,1,100,,815,882,,,1,100,,816,879,,,1,100,,817,879,,,1,100,,818,879,,,1,100,,819,879,,,1,100,,820,879,,,1
