4001,'2',613,,3040,543,,,1,30,,3041,543,,,1,70,,3042,543,,,1,30,,3043,543,,,1,70,,3044,543,,,1,30,,3045,543,,,1,70,,3046,543,,,1,30,,3047,543,,,1,70,,3048,543,,,1,30,,3049,543,,,1,70,,3050,543,,,1,30,,3051,543,,,1,71,,3052,603,,,1,30,,3053,603,,,1,70,,3054,603,,,1,30,,3055,603,,,1,70,,3056,603,,,1,31,,3057,697,,,1,70,,3058,697,,,1,30,,3059,697,,,1,70,,3060,697,,,1,29,,3061,650,,,1,70,,3062,650,,,1,30,,3063,650,,,1,70,,3064,603,,,1,30,,3065,603,,,1,413,,3066,603,,,1,70,,3067,603,,,1
4001,'3',613,,3068,543,,,1,30,,3069,543,,,1,70,,3070,543,,,1,30,,3071,543,,,1,70,,3072,543,,,1,30,,3073,543,,,1,70,,3074,543,,,1,30,,3075,543,,,1,70,,3076,543,,,1,30,,3077,543,,,1,70,,3078,543,,,1,30,,3079,543,,,1,71,,3080,603,,,1,30,,3081,603,,,1,70,,3082,603,,,1,30,,3083,603,,,1,70,,3084,603,,,1,31,,3085,697,,,1,70,,3086,697,,,1,30,,3087,697,,,1,70,,3088,697,,,1,29,,3089,650,,,1,70,,3090,650,,,1,30,,3091,650,,,1,70,,3092,603,,,1,30,,3093,603,,,1,413,,3094,603,,,1,70,,3095,603,,,1
4001,'4',613,,3096,543,,,1,30,,3097,543,,,1,70,,3098,543,,,1,30,,3099,543,,,1,70,,3100,543,,,1,30,,3101,543,,,1,70,,3102,543,,,1,30,,3103,543,,,1,70,,3104,543,,,1,30,,3105,543,,,1,70,,3106,543,,,1,30,,3107,543,,,1,71,,3108,603,,,1,30,,3109,603,,,1,70,,3110,603,,,1,30,,3111,603,,,1,70,,3112,603,,,1,31,,3113,697,,,1,70,,3114,697,,,1,30,,3115,697,,,1,70,,3116,697,,,1,29,,3117,650,,,1,70,,3118,650,,,1,30,,3119,650,,,1,70,,3120,603,,,1,30,,3121,603,,,1,413,,3122,603,,,1,70,,3123,603,,,1
4001,'5',613,,3124,543,,,1,30,,3125,543,,,1,70,,3126,543,,,1,30,,3127,543,,,1,70,,3128,543,,,1,30,,3129,543,,,1,70,,3130,543,,,1,30,,3131,543,,,1,70,,3132,543,,,1,30,,3133,543,,,1,70,,3134,543,,,1,30,,3135,543,,,1,71,,3136,603,,,1,30,,3137,603,,,1,70,,3138,603,,,1,30,,3139,603,,,1,70,,3140,603,,,1,31,,3141,697,,,1,70,,3142,697,,,1,30,,3143,697,,,1,70,,3144,697,,,1,29,,3145,650,,,1,70,,3146,650,,,1,30,,3147,650,,,1,70,,3148,603,,,1,30,,3149,603,,,1,413,,3150,603,,,1,70,,3151,603,,,1
4001,'6',613,,3152,543,,,1,30,,3153,543,,,1,70,,3154,543,,,1,30,,3155,543,,,1,70,,3156,543,,,1,30,,3157,543,,,1,70,,3158,543,,,1,30,,3159,543,,,1,70,,3160,543,,,1,30,,3161,543,,,1,70,,3162,543,,,1,30,,3163,543,,,1,71,,3164,603,,,1,30,,3165,603,,,1,70,,3166,603,,,1,30,,3167,603,,,1,70,,3168,603,,,1,31,,3169,697,,,1,70,,3170,697,,,1,30,,3171,697,,,1,70,,3172,697,,,1,29,,3173,650,,,1,70,,3174,650,,,1,30,,3175,650,,,1,70,,3176,603,,,1,30,,3177,603,,,1,413,,3178,603,,,1,70,,3179,603,,,1
4001,'9',736,,3180,603,,,1,100,,3181,603,,,1,100,,3182,603,,,1,100,,3183,603,,,1,100,,3184,603,,,1,100,,3185,603,,,1,100,,3186,603,,,1,100,,3187,603,,,1,100,,3188,603,,,1,100,,3189,603,,,1,100,,3190,603,,,1,100,,3191,603,,,1,100,,3192,603,,,1
6500,'2',629,,3886,603,,,1,30,,3887,603,,,1,70,,3888,603,,,1,29,,3889,590,,,1,70,,3890,590,,,1,30,,3891,590,,,1,70,,3892,590,,,1,30,,3893,590,,,1,70,,3894,543,,,1,30,,3895,543,,,1,70,,3896,543,,,1,30,,3897,543,,,1,71,,3898,603,,,1,30,,3899,603,,,1,70,,3900,603,,,1,30,,3901,603,,,1,70,,3902,603,,,1,30,,3903,650,,,1,70,,3904,650,,,1,30,,3905,650,,,1,70,,3906,650,,,1,30,,3907,650,,,1,70,,3908,650,,,1,30,,3909,650,,,1,70,,3910,603,,,1,30,,3911,603,,,1,70,,3912,603,,,1,30,,3913,603,,,1,69,,3914,543,,,1,30,,3915,543,,,1,70,,3916,543,,,1,30,,3917,543,,,1,70,,3918,543,,,1
6500,'3',629,,3919,603,,,1,30,,3920,603,,,1,70,,3921,603,,,1,29,,3922,590,,,1,70,,3923,590,,,1,30,,3924,590,,,1,70,,3925,590,,,1,30,,3926,590,,,1,70,,3927,543,,,1,30,,3928,543,,,1,70,,3929,543,,,1,30,,3930,543,,,1,71,,3931,603,,,1,30,,3932,603,,,1,70,,3933,603,,,1,30,,3934,603,,,1,70,,3935,603,,,1,30,,3936,650,,,1,70,,3937,650,,,1,30,,3938,650,,,1,70,,3939,650,,,1,30,,3940,650,,,1,70,,3941,650,,,1,30,,3942,650,,,1,70,,3943,603,,,1,30,,3944,603,,,1,70,,3945,603,,,1,30,,3946,603,,,1,69,,3947,543,,,1,30,,3948,543,,,1,70,,3949,543,,,1,30,,3950,543,,,1,70,,3951,543,,,1
6500,'4',629,,3952,603,,,1,30,,3953,603,,,1,70,,3954,603,,,1,29,,3955,590,,,1,70,,3956,590,,,1,30,,3957,590,,,1,70,,3958,590,,,1,30,,3959,590,,,1,70,,3960,543,,,1,30,,3961,543,,,1,70,,3962,543,,,1,30,,3963,543,,,1,71,,3964,603,,,1,30,,3965,603,,,1,70,,3966,603,,,1,30,,3967,603,,,1,70,,3968,603,,,1,30,,3969,650,,,1,70,,3970,650,,,1,30,,3971,650,,,1,70,,3972,650,,,1,30,,3973,650,,,1,70,,3974,650,,,1,30,,3975,650,,,1,70,,3976,603,,,1,30,,3977,603,,,1,70,,3978,603,,,1,30,,3979,603,,,1,69,,3980,543,,,1,30,,3981,543,,,1,70,,3982,543,,,1,30,,3983,543,,,1,70,,3984,543,,,1
6500,'5',629,,3985,603,,,1,30,,3986,603,,,1,70,,3987,603,,,1,29,,3988,590,,,1,70,,3989,590,,,1,30,,3990,590,,,1,70,,3991,590,,,1,30,,3992,590,,,1,70,,3993,543,,,1,30,,3994,543,,,1,70,,3995,543,,,1,30,,3996,543,,,1,71,,3997,603,,,1,30,,3998,603,,,1,70,,3999,603,,,1,30,,4000,603,,,1,70,,4001,603,,,1,30,,4002,650,,,1,70,,4003,650,,,1,30,,4004,650,,,1,70,,4005,650,,,1,30,,4006,650,,,1,70,,4007,650,,,1,30,,4008,650,,,1,70,,4009,603,,,1,30,,4010,603,,,1,70,,4011,603,,,1,30,,4012,603,,,1,69,,4013,543,,,1,30,,4014,543,,,1,70,,4015,543,,,1,30,,4016,543,,,1,70,,4017,543,,,1
6500,'6',629,,4018,603,,,1,30,,4019,603,,,1,70,,4020,603,,,1,29,,4021,590,,,1,70,,4022,590,,,1,30,,4023,590,,,1,70,,4024,590,,,1,30,,4025,590,,,1,70,,4026,543,,,1,30,,4027,543,,,1,70,,4028,543,,,1,30,,4029,543,,,1,71,,4030,603,,,1,30,,4031,603,,,1,70,,4032,603,,,1,30,,4033,603,,,1,70,,4034,603,,,1,30,,4035,650,,,1,70,,4036,650,,,1,30,,4037,650,,,1,70,,4038,650,,,1,30,,4039,650,,,1,70,,4040,650,,,1,30,,4041,650,,,1,70,,4042,603,,,1,30,,4043,603,,,1,70,,4044,603,,,1,30,,4045,603,,,1,69,,4046,543,,,1,30,,4047,543,,,1,70,,4048,543,,,1,30,,4049,543,,,1,70,,4050,543,,,1
6500,'9',807,,4051,543,,,1,100,,4052,543,,,1,100,,4053,543,,,1,100,,4054,543,,,1,101,,4055,603,,,1,100,,4056,603,,,1,100,,4057,603,,,1,100,,4058,603,,,1,100,,4059,650,,,1,100,,4060,650,,,1,100,,4061,650,,,1,100,,4062,650,,,1
