4001,'2',612,,3040,502,,,1,30,,3041,502,,,1,70,,3042,502,,,1,30,,3043,502,,,1,70,,3044,502,,,1,30,,3045,502,,,1,70,,3046,502,,,1,30,,3047,502,,,1,70,,3048,502,,,1,30,,3049,502,,,1,70,,3050,502,,,1,30,,3051,502,,,1,71,,3052,562,,,1,30,,3053,562,,,1,70,,3054,562,,,1,30,,3055,562,,,1,70,,3056,562,,,1,31,,3057,647,,,1,70,,3058,647,,,1,30,,3059,647,,,1,70,,3060,647,,,1,30,,3061,605,,,1,70,,3062,605,,,1,30,,3063,605,,,1,69,,3064,562,,,1,30,,3065,562,,,1,413,,3066,562,,,1,70,,3067,562,,,1
4001,'3',612,,3068,502,,,1,30,,3069,502,,,1,70,,3070,502,,,1,30,,3071,502,,,1,70,,3072,502,,,1,30,,3073,502,,,1,70,,3074,502,,,1,30,,3075,502,,,1,70,,3076,502,,,1,30,,3077,502,,,1,70,,3078,502,,,1,30,,3079,502,,,1,71,,3080,562,,,1,30,,3081,562,,,1,70,,3082,562,,,1,30,,3083,562,,,1,70,,3084,562,,,1,31,,3085,647,,,1,70,,3086,647,,,1,30,,3087,647,,,1,70,,3088,647,,,1,30,,3089,605,,,1,70,,3090,605,,,1,30,,3091,605,,,1,69,,3092,562,,,1,30,,3093,562,,,1,413,,3094,562,,,1,70,,3095,562,,,1
4001,'4',612,,3096,502,,,1,30,,3097,502,,,1,70,,3098,502,,,1,30,,3099,502,,,1,70,,3100,502,,,1,30,,3101,502,,,1,70,,3102,502,,,1,30,,3103,502,,,1,70,,3104,502,,,1,30,,3105,502,,,1,70,,3106,502,,,1,30,,3107,502,,,1,71,,3108,562,,,1,30,,3109,562,,,1,70,,3110,562,,,1,30,,3111,562,,,1,70,,3112,562,,,1,31,,3113,647,,,1,70,,3114,647,,,1,30,,3115,647,,,1,70,,3116,647,,,1,30,,3117,605,,,1,70,,3118,605,,,1,30,,3119,605,,,1,69,,3120,562,,,1,30,,3121,562,,,1,413,,3122,562,,,1,70,,3123,562,,,1
4001,'5',612,,3124,502,,,1,30,,3125,502,,,1,70,,3126,502,,,1,30,,3127,502,,,1,70,,3128,502,,,1,30,,3129,502,,,1,70,,3130,502,,,1,30,,3131,502,,,1,70,,3132,502,,,1,30,,3133,502,,,1,70,,3134,502,,,1,30,,3135,502,,,1,71,,3136,562,,,1,30,,3137,562,,,1,70,,3138,562,,,1,30,,3139,562,,,1,70,,3140,562,,,1,31,,3141,647,,,1,70,,3142,647,,,1,30,,3143,647,,,1,70,,3144,647,,,1,30,,3145,605,,,1,70,,3146,605,,,1,30,,3147,605,,,1,69,,3148,562,,,1,30,,3149,562,,,1,413,,3150,562,,,1,70,,3151,562,,,1
4001,'6',612,,3152,502,,,1,30,,3153,502,,,1,70,,3154,502,,,1,30,,3155,502,,,1,70,,3156,502,,,1,30,,3157,502,,,1,70,,3158,502,,,1,30,,3159,502,,,1,70,,3160,502,,,1,30,,3161,502,,,1,70,,3162,502,,,1,30,,3163,502,,,1,71,,3164,562,,,1,30,,3165,562,,,1,70,,3166,562,,,1,30,,3167,562,,,1,70,,3168,562,,,1,31,,3169,647,,,1,70,,3170,647,,,1,30,,3171,647,,,1,70,,3172,647,,,1,30,,3173,605,,,1,70,,3174,605,,,1,30,,3175,605,,,1,69,,3176,562,,,1,30,,3177,562,,,1,413,,3178,562,,,1,70,,3179,562,,,1
4001,'9',735,,3180,562,,,1,100,,3181,562,,,1,100,,3182,562,,,1,100,,3183,562,,,1,100,,3184,562,,,1,100,,3185,562,,,1,100,,3186,562,,,1,100,,3187,562,,,1,100,,3188,562,,,1,100,,3189,562,,,1,100,,3190,562,,,1,100,,3191,562,,,1,100,,3192,562,,,1
6500,'2',628,,3886,562,,,1,30,,3887,562,,,1,70,,3888,562,,,1,30,,3889,545,,,1,70,,3890,545,,,1,30,,3891,545,,,1,70,,3892,545,,,1,30,,3893,545,,,1,69,,3894,502,,,1,30,,3895,502,,,1,70,,3896,502,,,1,30,,3897,502,,,1,71,,3898,562,,,1,30,,3899,562,,,1,70,,3900,562,,,1,30,,3901,562,,,1,70,,3902,562,,,1,31,,3903,605,,,1,70,,3904,605,,,1,30,,3905,605,,,1,70,,3906,605,,,1,30,,3907,605,,,1,70,,3908,605,,,1,30,,3909,605,,,1,69,,3910,562,,,1,30,,3911,562,,,1,70,,3912,562,,,1,30,,3913,562,,,1,69,,3914,502,,,1,30,,3915,502,,,1,70,,3916,502,,,1,30,,3917,502,,,1,70,,3918,502,,,1
6500,'3',628,,3919,562,,,1,30,,3920,562,,,1,70,,3921,562,,,1,30,,3922,545,,,1,70,,3923,545,,,1,30,,3924,545,,,1,70,,3925,545,,,1,30,,3926,545,,,1,69,,3927,502,,,1,30,,3928,502,,,1,70,,3929,502,,,1,30,,3930,502,,,1,71,,3931,562,,,1,30,,3932,562,,,1,70,,3933,562,,,1,30,,3934,562,,,1,70,,3935,562,,,1,31,,3936,605,,,1,70,,3937,605,,,1,30,,3938,605,,,1,70,,3939,605,,,1,30,,3940,605,,,1,70,,3941,605,,,1,30,,3942,605,,,1,69,,3943,562,,,1,30,,3944,562,,,1,70,,3945,562,,,1,30,,3946,562,,,1,69,,3947,502,,,1,30,,3948,502,,,1,70,,3949,502,,,1,30,,3950,502,,,1,70,,3951,502,,,1
6500,'4',628,,3952,562,,,1,30,,3953,562,,,1,70,,3954,562,,,1,30,,3955,545,,,1,70,,3956,545,,,1,30,,3957,545,,,1,70,,3958,545,,,1,30,,3959,545,,,1,69,,3960,502,,,1,30,,3961,502,,,1,70,,3962,502,,,1,30,,3963,502,,,1,71,,3964,562,,,1,30,,3965,562,,,1,70,,3966,562,,,1,30,,3967,562,,,1,70,,3968,562,,,1,31,,3969,605,,,1,70,,3970,605,,,1,30,,3971,605,,,1,70,,3972,605,,,1,30,,3973,605,,,1,70,,3974,605,,,1,30,,3975,605,,,1,69,,3976,562,,,1,30,,3977,562,,,1,70,,3978,562,,,1,30,,3979,562,,,1,69,,3980,502,,,1,30,,3981,502,,,1,70,,3982,502,,,1,30,,3983,502,,,1,70,,3984,502,,,1
6500,'5',628,,3985,562,,,1,30,,3986,562,,,1,70,,3987,562,,,1,30,,3988,545,,,1,70,,3989,545,,,1,30,,3990,545,,,1,70,,3991,545,,,1,30,,3992,545,,,1,69,,3993,502,,,1,30,,3994,502,,,1,70,,3995,502,,,1,30,,3996,502,,,1,71,,3997,562,,,1,30,,3998,562,,,1,70,,3999,562,,,1,30,,4000,562,,,1,70,,4001,562,,,1,31,,4002,605,,,1,70,,4003,605,,,1,30,,4004,605,,,1,70,,4005,605,,,1,30,,4006,605,,,1,70,,4007,605,,,1,30,,4008,605,,,1,69,,4009,562,,,1,30,,4010,562,,,1,70,,4011,562,,,1,30,,4012,562,,,1,69,,4013,502,,,1,30,,4014,502,,,1,70,,4015,502,,,1,30,,4016,502,,,1,70,,4017,502,,,1
6500,'6',628,,4018,562,,,1,30,,4019,562,,,1,70,,4020,562,,,1,30,,4021,545,,,1,70,,4022,545,,,1,30,,4023,545,,,1,70,,4024,545,,,1,30,,4025,545,,,1,69,,4026,502,,,1,30,,4027,502,,,1,70,,4028,502,,,1,30,,4029,502,,,1,71,,4030,562,,,1,30,,4031,562,,,1,70,,4032,562,,,1,30,,4033,562,,,1,70,,4034,562,,,1,31,,4035,605,,,1,70,,4036,605,,,1,30,,4037,605,,,1,70,,4038,605,,,1,30,,4039,605,,,1,70,,4040,605,,,1,30,,4041,605,,,1,69,,4042,562,,,1,30,,4043,562,,,1,70,,4044,562,,,1,30,,4045,562,,,1,69,,4046,502,,,1,30,,4047,502,,,1,70,,4048,502,,,1,30,,4049,502,,,1,70,,4050,502,,,1
6500,'9',806,,4051,502,,,1,100,,4052,502,,,1,100,,4053,502,,,1,100,,4054,502,,,1,101,,4055,562,,,1,100,,4056,562,,,1,100,,4057,562,,,1,100,,4058,562,,,1,101,,4059,605,,,1,100,,4060,605,,,1,100,,4061,605,,,1,100,,4062,605,,,1
