4001,'2',619,,3040,918,,,1,30,,3041,918,,,1,70,,3042,918,,,1,30,,3043,918,,,1,70,,3044,918,,,1,30,,3045,918,,,1,70,,3046,918,,,1,30,,3047,918,,,1,70,,3048,918,,,1,30,,3049,918,,,1,70,,3050,918,,,1,30,,3051,918,,,1,71,,3052,978,,,1,30,,3053,978,,,1,70,,3054,978,,,1,30,,3055,978,,,1,70,,3056,978,,,1,33,,3057,1141,,,1,70,,3058,1141,,,1,30,,3059,1141,,,1,70,,3060,1141,,,1,29,,3061,1081,,,1,70,,3062,1081,,,1,30,,3063,1081,,,1,68,,3064,978,,,1,30,,3065,978,,,1,453,,3066,978,,,1,30,,3067,978,,,1
4001,'3',619,,3068,918,,,1,30,,3069,918,,,1,70,,3070,918,,,1,30,,3071,918,,,1,70,,3072,918,,,1,30,,3073,918,,,1,70,,3074,918,,,1,30,,3075,918,,,1,70,,3076,918,,,1,30,,3077,918,,,1,70,,3078,918,,,1,30,,3079,918,,,1,71,,3080,978,,,1,30,,3081,978,,,1,70,,3082,978,,,1,30,,3083,978,,,1,70,,3084,978,,,1,33,,3085,1141,,,1,70,,3086,1141,,,1,30,,3087,1141,,,1,70,,3088,1141,,,1,29,,3089,1081,,,1,70,,3090,1081,,,1,30,,3091,1081,,,1,68,,3092,978,,,1,30,,3093,978,,,1,453,,3094,978,,,1,30,,3095,978,,,1
4001,'4',619,,3096,918,,,1,30,,3097,918,,,1,70,,3098,918,,,1,30,,3099,918,,,1,70,,3100,918,,,1,30,,3101,918,,,1,70,,3102,918,,,1,30,,3103,918,,,1,70,,3104,918,,,1,30,,3105,918,,,1,70,,3106,918,,,1,30,,3107,918,,,1,71,,3108,978,,,1,30,,3109,978,,,1,70,,3110,978,,,1,30,,3111,978,,,1,70,,3112,978,,,1,33,,3113,1141,,,1,70,,3114,1141,,,1,30,,3115,1141,,,1,70,,3116,1141,,,1,29,,3117,1081,,,1,70,,3118,1081,,,1,30,,3119,1081,,,1,68,,3120,978,,,1,30,,3121,978,,,1,453,,3122,978,,,1,30,,3123,978,,,1
4001,'5',619,,3124,918,,,1,30,,3125,918,,,1,70,,3126,918,,,1,30,,3127,918,,,1,70,,3128,918,,,1,30,,3129,918,,,1,70,,3130,918,,,1,30,,3131,918,,,1,70,,3132,918,,,1,30,,3133,918,,,1,70,,3134,918,,,1,30,,3135,918,,,1,71,,3136,978,,,1,30,,3137,978,,,1,70,,3138,978,,,1,30,,3139,978,,,1,70,,3140,978,,,1,33,,3141,1141,,,1,70,,3142,1141,,,1,30,,3143,1141,,,1,70,,3144,1141,,,1,29,,3145,1081,,,1,70,,3146,1081,,,1,30,,3147,1081,,,1,68,,3148,978,,,1,30,,3149,978,,,1,453,,3150,978,,,1,30,,3151,978,,,1
4001,'6',619,,3152,918,,,1,30,,3153,918,,,1,70,,3154,918,,,1,30,,3155,918,,,1,70,,3156,918,,,1,30,,3157,918,,,1,70,,3158,918,,,1,30,,3159,918,,,1,70,,3160,918,,,1,30,,3161,918,,,1,70,,3162,918,,,1,30,,3163,918,,,1,71,,3164,978,,,1,30,,3165,978,,,1,70,,3166,978,,,1,30,,3167,978,,,1,70,,3168,978,,,1,33,,3169,1141,,,1,70,,3170,1141,,,1,30,,3171,1141,,,1,70,,3172,1141,,,1,29,,3173,1081,,,1,70,,3174,1081,,,1,30,,3175,1081,,,1,68,,3176,978,,,1,30,,3177,978,,,1,453,,3178,978,,,1,30,,3179,978,,,1
4001,'9',742,,3180,978,,,1,100,,3181,978,,,1,100,,3182,978,,,1,100,,3183,978,,,1,101,,3184,1021,,,1,100,,3185,1021,,,1,100,,3186,1021,,,1,100,,3187,1021,,,1,100,,3188,1021,,,1,100,,3189,1021,,,1,100,,3190,1021,,,1,100,,3191,1021,,,1,100,,3192,1021,,,1
6500,'2',635,,3886,978,,,1,70,,3887,978,,,1,30,,3888,978,,,1,70,,3889,978,,,1,30,,3890,978,,,1,70,,3891,978,,,1,30,,3892,978,,,1,70,,3893,978,,,1,29,,3894,918,,,1,70,,3895,918,,,1,30,,3896,918,,,1,70,,3897,918,,,1,31,,3898,978,,,1,70,,3899,978,,,1,30,,3900,978,,,1,70,,3901,978,,,1,30,,3902,978,,,1,72,,3903,1081,,,1,30,,3904,1081,,,1,70,,3905,1081,,,1,30,,3906,1081,,,1,70,,3907,1081,,,1,30,,3908,1081,,,1,70,,3909,1081,,,1,29,,3910,1021,,,1,70,,3911,1021,,,1,30,,3912,1021,,,1,70,,3913,1021,,,1,28,,3914,918,,,1,70,,3915,918,,,1,30,,3916,918,,,1,70,,3917,918,,,1,30,,3918,918,,,1
6500,'3',635,,3919,978,,,1,70,,3920,978,,,1,30,,3921,978,,,1,70,,3922,978,,,1,30,,3923,978,,,1,70,,3924,978,,,1,30,,3925,978,,,1,70,,3926,978,,,1,29,,3927,918,,,1,70,,3928,918,,,1,30,,3929,918,,,1,70,,3930,918,,,1,31,,3931,978,,,1,70,,3932,978,,,1,30,,3933,978,,,1,70,,3934,978,,,1,30,,3935,978,,,1,72,,3936,1081,,,1,30,,3937,1081,,,1,70,,3938,1081,,,1,30,,3939,1081,,,1,70,,3940,1081,,,1,30,,3941,1081,,,1,70,,3942,1081,,,1,29,,3943,1021,,,1,70,,3944,1021,,,1,30,,3945,1021,,,1,70,,3946,1021,,,1,28,,3947,918,,,1,70,,3948,918,,,1,30,,3949,918,,,1,70,,3950,918,,,1,30,,3951,918,,,1
6500,'4',635,,3952,978,,,1,70,,3953,978,,,1,30,,3954,978,,,1,70,,3955,978,,,1,30,,3956,978,,,1,70,,3957,978,,,1,30,,3958,978,,,1,70,,3959,978,,,1,29,,3960,918,,,1,70,,3961,918,,,1,30,,3962,918,,,1,70,,3963,918,,,1,31,,3964,978,,,1,70,,3965,978,,,1,30,,3966,978,,,1,70,,3967,978,,,1,30,,3968,978,,,1,72,,3969,1081,,,1,30,,3970,1081,,,1,70,,3971,1081,,,1,30,,3972,1081,,,1,70,,3973,1081,,,1,30,,3974,1081,,,1,70,,3975,1081,,,1,29,,3976,1021,,,1,70,,3977,1021,,,1,30,,3978,1021,,,1,70,,3979,1021,,,1,28,,3980,918,,,1,70,,3981,918,,,1,30,,3982,918,,,1,70,,3983,918,,,1,30,,3984,918,,,1
6500,'5',635,,3985,978,,,1,70,,3986,978,,,1,30,,3987,978,,,1,70,,3988,978,,,1,30,,3989,978,,,1,70,,3990,978,,,1,30,,3991,978,,,1,70,,3992,978,,,1,29,,3993,918,,,1,70,,3994,918,,,1,30,,3995,918,,,1,70,,3996,918,,,1,31,,3997,978,,,1,70,,3998,978,,,1,30,,3999,978,,,1,70,,4000,978,,,1,30,,4001,978,,,1,72,,4002,1081,,,1,30,,4003,1081,,,1,70,,4004,1081,,,1,30,,4005,1081,,,1,70,,4006,1081,,,1,30,,4007,1081,,,1,70,,4008,1081,,,1,29,,4009,1021,,,1,70,,4010,1021,,,1,30,,4011,1021,,,1,70,,4012,1021,,,1,28,,4013,918,,,1,70,,4014,918,,,1,30,,4015,918,,,1,70,,4016,918,,,1,30,,4017,918,,,1
6500,'6',635,,4018,978,,,1,70,,4019,978,,,1,30,,4020,978,,,1,70,,4021,978,,,1,30,,4022,978,,,1,70,,4023,978,,,1,30,,4024,978,,,1,70,,4025,978,,,1,29,,4026,918,,,1,70,,4027,918,,,1,30,,4028,918,,,1,70,,4029,918,,,1,31,,4030,978,,,1,70,,4031,978,,,1,30,,4032,978,,,1,70,,4033,978,,,1,30,,4034,978,,,1,72,,4035,1081,,,1,30,,4036,1081,,,1,70,,4037,1081,,,1,30,,4038,1081,,,1,70,,4039,1081,,,1,30,,4040,1081,,,1,70,,4041,1081,,,1,29,,4042,1021,,,1,70,,4043,1021,,,1,30,,4044,1021,,,1,70,,4045,1021,,,1,28,,4046,918,,,1,70,,4047,918,,,1,30,,4048,918,,,1,70,,4049,918,,,1,30,,4050,918,,,1
6500,'9',813,,4051,918,,,1,100,,4052,918,,,1,100,,4053,918,,,1,100,,4054,918,,,1,101,,4055,978,,,1,100,,4056,978,,,1,100,,4057,978,,,1,100,,4058,978,,,1,102,,4059,1081,,,1,100,,4060,1081,,,1,100,,4061,1081,,,1,100,,4062,1081,,,1
8501,'2',631,,4342,1665,,,1,100,,4343,1665,,,1,106,,4344,2007,,,1,100,,4345,2007,,,1,101,,4346,2048,,,1,100,,4347,2048,,,1,101,,4348,2108,,,1,100,,4349,2108,,,1,100,,4350,2108,,,1,102,,4351,2228,,,1,100,,4352,2228,,,1,101,,4353,2330,,,1,96,,4354,2067,,,1,100,,4355,2067,,,1,97,,4356,1887,,,1,100,,4357,1887,,,1,97,,4358,1707,,,1,100,,4359,1707,,,1
8501,'3',631,,4360,1665,,,1,100,,4361,1665,,,1,106,,4362,2007,,,1,100,,4363,2007,,,1,101,,4364,2048,,,1,100,,4365,2048,,,1,101,,4366,2108,,,1,100,,4367,2108,,,1,100,,4368,2108,,,1,102,,4369,2228,,,1,100,,4370,2228,,,1,101,,4371,2330,,,1,96,,4372,2067,,,1,100,,4373,2067,,,1,97,,4374,1887,,,1,100,,4375,1887,,,1,97,,4376,1707,,,1,100,,4377,1707,,,1
8501,'4',631,,4378,1665,,,1,100,,4379,1665,,,1,106,,4380,2007,,,1,100,,4381,2007,,,1,101,,4382,2048,,,1,100,,4383,2048,,,1,101,,4384,2108,,,1,100,,4385,2108,,,1,100,,4386,2108,,,1,102,,4387,2228,,,1,100,,4388,2228,,,1,101,,4389,2330,,,1,96,,4390,2067,,,1,100,,4391,2067,,,1,97,,4392,1887,,,1,100,,4393,1887,,,1,97,,4394,1707,,,1,100,,4395,1707,,,1
8501,'5',631,,4396,1665,,,1,100,,4397,1665,,,1,106,,4398,2007,,,1,100,,4399,2007,,,1,101,,4400,2048,,,1,100,,4401,2048,,,1,101,,4402,2108,,,1,100,,4403,2108,,,1,100,,4404,2108,,,1,102,,4405,2228,,,1,100,,4406,2228,,,1,101,,4407,2330,,,1,96,,4408,2067,,,1,100,,4409,2067,,,1,97,,4410,1887,,,1,100,,4411,1887,,,1,97,,4412,1707,,,1,100,,4413,1707,,,1
8501,'6',631,,4414,1665,,,1,100,,4415,1665,,,1,106,,4416,2007,,,1,100,,4417,2007,,,1,101,,4418,2048,,,1,100,,4419,2048,,,1,101,,4420,2108,,,1,100,,4421,2108,,,1,100,,4422,2108,,,1,102,,4423,2228,,,1,100,,4424,2228,,,1,101,,4425,2330,,,1,96,,4426,2067,,,1,100,,4427,2067,,,1,97,,4428,1887,,,1,100,,4429,1887,,,1,97,,4430,1707,,,1,100,,4431,1707,,,1
8501,'9',840,,4432,1887,,,1,100,,4433,1887,,,1,100,,4434,1887,,,1,103,,4435,2048,,,1,100,,4436,2048,,,1,100,,4437,2048,,,1,100,,4438,2048,,,1,103,,4439,2228,,,1,100,,4440,2228,,,1,100,,4441,2228,,,1,100,,4442,2228,,,1,100,,4443,2228,,,1
