2001,'2',623,,1144,,,1,15,,1145,,,1,15,,1146,,,1,55,,1147,,,1,15,,1148,,,1,15,,1149,,,1,15,,1150,,,1,57,,1151,,,1,16,,1152,,,1,16,,1153,,,1,16,,1154,,,1,56,,1155,,,1,16,,1156,,,1,15,,1157,,,1,55,,1158,,,1,15,,1159,,,1,17,,1160,,,1,15,,1161,,,1,55,,1162,,,1,15,,1163,,,1,15,,1164,,,1,15,,1165,,,1,55,,1166,,,1,15,,1167,,,1,15,,1168,,,1,15,,1169,,,1,55,,1170,,,1,15,,1171,,,1,15,,1172,,,1,15,,1173,,,1,55,,1174,,,1,15,,1175,,,1,15,,1176,,,1,18,,1177,,,1,56,,1178,,,1,16,,1179,,,1,16,,1180,,,1,16,,1181,,,1,56,,1182,,,1,16,,1183,,,1,16,,1184,,,1,16,,1185,,,1,55,,1186,,,1,16,,1187,,,1,15,,1188,,,1,15,,1189,,,1,55,,1190,,,1,11,,1191,,,1,16,,1192,,,1,16,,1193,,,1,56,,1194,,,1,16,,1195,,,1,30,,1196,,,1,69,,1197,,,1,30,,1198,,,1,70,,1199,,,1,30,,1200,,,1,70,,1201,,,1,100,,1202,,,1
2001,'3',623,,1203,,,1,15,,1204,,,1,15,,1205,,,1,55,,1206,,,1,15,,1207,,,1,15,,1208,,,1,15,,1209,,,1,57,,1210,,,1,16,,1211,,,1,16,,1212,,,1,16,,1213,,,1,56,,1214,,,1,16,,1215,,,1,15,,1216,,,1,55,,1217,,,1,15,,1218,,,1,17,,1219,,,1,15,,1220,,,1,55,,1221,,,1,15,,1222,,,1,15,,1223,,,1,15,,1224,,,1,55,,1225,,,1,15,,1226,,,1,15,,1227,,,1,15,,1228,,,1,55,,1229,,,1,15,,1230,,,1,15,,1231,,,1,15,,1232,,,1,55,,1233,,,1,15,,1234,,,1,15,,1235,,,1,18,,1236,,,1,56,,1237,,,1,16,,1238,,,1,16,,1239,,,1,16,,1240,,,1,56,,1241,,,1,16,,1242,,,1,16,,1243,,,1,16,,1244,,,1,55,,1245,,,1,16,,1246,,,1,15,,1247,,,1,15,,1248,,,1,55,,1249,,,1,11,,1250,,,1,16,,1251,,,1,16,,1252,,,1,56,,1253,,,1,16,,1254,,,1,30,,1255,,,1,69,,1256,,,1,30,,1257,,,1,70,,1258,,,1,30,,1259,,,1,70,,1260,,,1,100,,1261,,,1
2001,'4',623,,1262,,,1,15,,1263,,,1,15,,1264,,,1,55,,1265,,,1,15,,1266,,,1,15,,1267,,,1,15,,1268,,,1,57,,1269,,,1,16,,1270,,,1,16,,1271,,,1,16,,1272,,,1,56,,1273,,,1,16,,1274,,,1,15,,1275,,,1,55,,1276,,,1,15,,1277,,,1,17,,1278,,,1,15,,1279,,,1,55,,1280,,,1,15,,1281,,,1,15,,1282,,,1,15,,1283,,,1,55,,1284,,,1,15,,1285,,,1,15,,1286,,,1,15,,1287,,,1,55,,1288,,,1,15,,1289,,,1,15,,1290,,,1,15,,1291,,,1,55,,1292,,,1,15,,1293,,,1,15,,1294,,,1,18,,1295,,,1,56,,1296,,,1,16,,1297,,,1,16,,1298,,,1,16,,1299,,,1,56,,1300,,,1,16,,1301,,,1,16,,1302,,,1,16,,1303,,,1,55,,1304,,,1,16,,1305,,,1,15,,1306,,,1,15,,1307,,,1,55,,1308,,,1,11,,1309,,,1,16,,1310,,,1,16,,1311,,,1,56,,1312,,,1,16,,1313,,,1,30,,1314,,,1,69,,1315,,,1,30,,1316,,,1,70,,1317,,,1,30,,1318,,,1,70,,1319,,,1,100,,1320,,,1
2001,'5',623,,1321,,,1,15,,1322,,,1,15,,1323,,,1,55,,1324,,,1,15,,1325,,,1,15,,1326,,,1,15,,1327,,,1,57,,1328,,,1,16,,1329,,,1,16,,1330,,,1,16,,1331,,,1,56,,1332,,,1,16,,1333,,,1,15,,1334,,,1,55,,1335,,,1,15,,1336,,,1,17,,1337,,,1,15,,1338,,,1,55,,1339,,,1,15,,1340,,,1,15,,1341,,,1,15,,1342,,,1,55,,1343,,,1,15,,1344,,,1,15,,1345,,,1,15,,1346,,,1,55,,1347,,,1,15,,1348,,,1,15,,1349,,,1,15,,1350,,,1,55,,1351,,,1,15,,1352,,,1,15,,1353,,,1,18,,1354,,,1,56,,1355,,,1,16,,1356,,,1,16,,1357,,,1,16,,1358,,,1,56,,1359,,,1,16,,1360,,,1,16,,1361,,,1,16,,1362,,,1,55,,1363,,,1,16,,1364,,,1,15,,1365,,,1,15,,1366,,,1,55,,1367,,,1,11,,1368,,,1,16,,1369,,,1,16,,1370,,,1,56,,1371,,,1,16,,1372,,,1,30,,1373,,,1,69,,1374,,,1,30,,1375,,,1,70,,1376,,,1,30,,1377,,,1,70,,1378,,,1,100,,1379,,,1
2001,'6',623,,1380,,,1,15,,1381,,,1,15,,1382,,,1,55,,1383,,,1,15,,1384,,,1,15,,1385,,,1,15,,1386,,,1,57,,1387,,,1,16,,1388,,,1,16,,1389,,,1,16,,1390,,,1,56,,1391,,,1,16,,1392,,,1,15,,1393,,,1,55,,1394,,,1,15,,1395,,,1,17,,1396,,,1,15,,1397,,,1,55,,1398,,,1,15,,1399,,,1,15,,1400,,,1,15,,1401,,,1,55,,1402,,,1,15,,1403,,,1,15,,1404,,,1,15,,1405,,,1,55,,1406,,,1,15,,1407,,,1,15,,1408,,,1,15,,1409,,,1,55,,1410,,,1,15,,1411,,,1,15,,1412,,,1,18,,1413,,,1,56,,1414,,,1,16,,1415,,,1,16,,1416,,,1,16,,1417,,,1,56,,1418,,,1,16,,1419,,,1,16,,1420,,,1,16,,1421,,,1,55,,1422,,,1,16,,1423,,,1,15,,1424,,,1,15,,1425,,,1,55,,1426,,,1,11,,1427,,,1,16,,1428,,,1,16,,1429,,,1,56,,1430,,,1,16,,1431,,,1,30,,1432,,,1,69,,1433,,,1,30,,1434,,,1,70,,1435,,,1,30,,1436,,,1,70,,1437,,,1,100,,1438,,,1
2001,'9',831,,1439,,,1,70,,1440,,,1,30,,1441,,,1,70,,1442,,,1,30,,1443,,,1,70,,1444,,,1,31,,1445,,,1,70,,1446,,,1,30,,1447,,,1,70,,1448,,,1,30,,1449,,,1,70,,1450,,,1,30,,1451,,,1,70,,1452,,,1,31,,1453,,,1,70,,1454,,,1,30,,1455,,,1,70,,1456,,,1,30,,1457,,,1,70,,1458,,,1,30,,1459,,,1,70,,1460,,,1,31,,1461,,,1
4101,'2',635,,3193,,,1,70,,3194,,,1,30,,3195,,,1,72,,3196,,,1,30,,3197,,,1,70,,3198,,,1,30,,3199,,,1,70,,3200,,,1,30,,3201,,,1,70,,3202,,,1,30,,3203,,,1,70,,3204,,,1,29,,3205,,,1,70,,3206,,,1,30,,3207,,,1,70,,3208,,,1,30,,3209,,,1,71,,3210,,,1,30,,3211,,,1,70,,3212,,,1,30,,3213,,,1,69,,3214,,,1,30,,3215,,,1,70,,3216,,,1,30,,3217,,,1,70,,3218,,,1,30,,3219,,,1,70,,3220,,,1,31,,3221,,,1,70,,3222,,,1,30,,3223,,,1,70,,3224,,,1,29,,3225,,,1
4101,'3',635,,3226,,,1,70,,3227,,,1,30,,3228,,,1,72,,3229,,,1,30,,3230,,,1,70,,3231,,,1,30,,3232,,,1,70,,3233,,,1,30,,3234,,,1,70,,3235,,,1,30,,3236,,,1,70,,3237,,,1,29,,3238,,,1,70,,3239,,,1,30,,3240,,,1,70,,3241,,,1,30,,3242,,,1,71,,3243,,,1,30,,3244,,,1,70,,3245,,,1,30,,3246,,,1,69,,3247,,,1,30,,3248,,,1,70,,3249,,,1,30,,3250,,,1,70,,3251,,,1,30,,3252,,,1,70,,3253,,,1,31,,3254,,,1,70,,3255,,,1,30,,3256,,,1,70,,3257,,,1,29,,3258,,,1
4101,'4',635,,3259,,,1,70,,3260,,,1,30,,3261,,,1,72,,3262,,,1,30,,3263,,,1,70,,3264,,,1,30,,3265,,,1,70,,3266,,,1,30,,3267,,,1,70,,3268,,,1,30,,3269,,,1,70,,3270,,,1,29,,3271,,,1,70,,3272,,,1,30,,3273,,,1,70,,3274,,,1,30,,3275,,,1,71,,3276,,,1,30,,3277,,,1,70,,3278,,,1,30,,3279,,,1,69,,3280,,,1,30,,3281,,,1,70,,3282,,,1,30,,3283,,,1,70,,3284,,,1,30,,3285,,,1,70,,3286,,,1,31,,3287,,,1,70,,3288,,,1,30,,3289,,,1,70,,3290,,,1,29,,3291,,,1
4101,'5',635,,3292,,,1,70,,3293,,,1,30,,3294,,,1,72,,3295,,,1,30,,3296,,,1,70,,3297,,,1,30,,3298,,,1,70,,3299,,,1,30,,3300,,,1,70,,3301,,,1,30,,3302,,,1,70,,3303,,,1,29,,3304,,,1,70,,3305,,,1,30,,3306,,,1,70,,3307,,,1,30,,3308,,,1,71,,3309,,,1,30,,3310,,,1,70,,3311,,,1,30,,3312,,,1,69,,3313,,,1,30,,3314,,,1,70,,3315,,,1,30,,3316,,,1,70,,3317,,,1,30,,3318,,,1,70,,3319,,,1,31,,3320,,,1,70,,3321,,,1,30,,3322,,,1,70,,3323,,,1,29,,3324,,,1
4101,'6',635,,3325,,,1,70,,3326,,,1,30,,3327,,,1,72,,3328,,,1,30,,3329,,,1,70,,3330,,,1,30,,3331,,,1,70,,3332,,,1,30,,3333,,,1,70,,3334,,,1,30,,3335,,,1,70,,3336,,,1,29,,3337,,,1,70,,3338,,,1,30,,3339,,,1,70,,3340,,,1,30,,3341,,,1,71,,3342,,,1,30,,3343,,,1,70,,3344,,,1,30,,3345,,,1,69,,3346,,,1,30,,3347,,,1,70,,3348,,,1,30,,3349,,,1,70,,3350,,,1,30,,3351,,,1,70,,3352,,,1,31,,3353,,,1,70,,3354,,,1,30,,3355,,,1,70,,3356,,,1,29,,3357,,,1
4101,'9',759,,3358,,,1,100,,3359,,,1,100,,3360,,,1,100,,3361,,,1,141,,3362,,,1,100,,3363,,,1,100,,3364,,,1,100,,3365,,,1,101,,3366,,,1,100,,3367,,,1,100,,3368,,,1,100,,3369,,,1
