5501,'2',641,,3714,1485,,,1,70,,3715,1485,,,1,30,,3716,1485,,,1,72,,3717,1584,,,1,30,,3718,1584,,,1,70,,3719,1584,,,1,30,,3720,1584,,,1,70,,3721,1584,,,1,29,,3722,1534,,,1,70,,3723,1534,,,1,30,,3724,1534,,,1,70,,3725,1534,,,1,31,,3726,1594,,,1,70,,3727,1594,,,1,29,,3728,1594,,,1,69,,3729,1594,,,1,30,,3730,1594,,,1,72,,3731,1764,,,1,30,,3732,1764,,,1,70,,3733,1764,,,1,30,,3734,1764,,,1,70,,3735,1714,,,1,31,,3736,1714,,,1,71,,3737,1714,,,1,26,,3738,1414,,,1,70,,3739,1414,,,1,30,,3740,1414,,,1,70,,3741,1414,,,1,28,,3742,1294,,,1,70,,3743,1294,,,1,30,,3744,1294,,,1,70,,3745,1294,,,1
5501,'3',641,,3746,1485,,,1,70,,3747,1485,,,1,30,,3748,1485,,,1,72,,3749,1584,,,1,30,,3750,1584,,,1,70,,3751,1584,,,1,30,,3752,1584,,,1,70,,3753,1584,,,1,29,,3754,1534,,,1,70,,3755,1534,,,1,30,,3756,1534,,,1,70,,3757,1534,,,1,31,,3758,1594,,,1,70,,3759,1594,,,1,29,,3760,1594,,,1,69,,3761,1594,,,1,30,,3762,1594,,,1,72,,3763,1764,,,1,30,,3764,1764,,,1,70,,3765,1764,,,1,30,,3766,1764,,,1,70,,3767,1714,,,1,31,,3768,1714,,,1,71,,3769,1714,,,1,26,,3770,1414,,,1,70,,3771,1414,,,1,30,,3772,1414,,,1,70,,3773,1414,,,1,28,,3774,1294,,,1,70,,3775,1294,,,1,30,,3776,1294,,,1,70,,3777,1294,,,1
5501,'4',641,,3778,1485,,,1,70,,3779,1485,,,1,30,,3780,1485,,,1,72,,3781,1584,,,1,30,,3782,1584,,,1,70,,3783,1584,,,1,30,,3784,1584,,,1,70,,3785,1584,,,1,29,,3786,1534,,,1,70,,3787,1534,,,1,30,,3788,1534,,,1,70,,3789,1534,,,1,31,,3790,1594,,,1,70,,3791,1594,,,1,29,,3792,1594,,,1,69,,3793,1594,,,1,30,,3794,1594,,,1,72,,3795,1764,,,1,30,,3796,1764,,,1,70,,3797,1764,,,1,30,,3798,1764,,,1,70,,3799,1714,,,1,31,,3800,1714,,,1,71,,3801,1714,,,1,26,,3802,1414,,,1,70,,3803,1414,,,1,30,,3804,1414,,,1,70,,3805,1414,,,1,28,,3806,1294,,,1,70,,3807,1294,,,1,30,,3808,1294,,,1,70,,3809,1294,,,1
5501,'5',641,,3810,1485,,,1,70,,3811,1485,,,1,30,,3812,1485,,,1,72,,3813,1584,,,1,30,,3814,1584,,,1,70,,3815,1584,,,1,30,,3816,1584,,,1,70,,3817,1584,,,1,29,,3818,1534,,,1,70,,3819,1534,,,1,30,,3820,1534,,,1,70,,3821,1534,,,1,31,,3822,1594,,,1,70,,3823,1594,,,1,29,,3824,1594,,,1,69,,3825,1594,,,1,30,,3826,1594,,,1,72,,3827,1764,,,1,30,,3828,1764,,,1,70,,3829,1764,,,1,30,,3830,1764,,,1,70,,3831,1714,,,1,31,,3832,1714,,,1,71,,3833,1714,,,1,26,,3834,1414,,,1,70,,3835,1414,,,1,30,,3836,1414,,,1,70,,3837,1414,,,1,28,,3838,1294,,,1,70,,3839,1294,,,1,30,,3840,1294,,,1,70,,3841,1294,,,1
5501,'6',641,,3842,1485,,,1,70,,3843,1485,,,1,30,,3844,1485,,,1,72,,3845,1584,,,1,30,,3846,1584,,,1,70,,3847,1584,,,1,30,,3848,1584,,,1,70,,3849,1584,,,1,29,,3850,1534,,,1,70,,3851,1534,,,1,30,,3852,1534,,,1,70,,3853,1534,,,1,31,,3854,1594,,,1,70,,3855,1594,,,1,29,,3856,1594,,,1,69,,3857,1594,,,1,30,,3858,1594,,,1,72,,3859,1764,,,1,30,,3860,1764,,,1,70,,3861,1764,,,1,30,,3862,1764,,,1,70,,3863,1714,,,1,31,,3864,1714,,,1,71,,3865,1714,,,1,26,,3866,1414,,,1,70,,3867,1414,,,1,30,,3868,1414,,,1,70,,3869,1414,,,1,28,,3870,1294,,,1,70,,3871,1294,,,1,30,,3872,1294,,,1,70,,3873,1294,,,1
5501,'9',849,,3874,1425,,,1,100,,3875,1425,,,1,100,,3876,1425,,,1,101,,3877,1474,,,1,100,,3878,1474,,,1,100,,3879,1474,,,1,100,,3880,1474,,,1,100,,3881,1474,,,1,100,,3882,1474,,,1,100,,3883,1474,,,1,100,,3884,1474,,,1,100,,3885,1474,,,1
8501,'2',611,,4342,476,,,1,100,,4343,476,,,1,102,,4344,582,,,1,100,,4345,582,,,1,100,,4346,582,,,1,100,,4347,582,,,1,100,,4348,582,,,1,100,,4349,582,,,1,100,,4350,582,,,1,101,,4351,635,,,1,100,,4352,635,,,1,100,,4353,635,,,1,100,,4354,635,,,1,100,,4355,635,,,1,99,,4356,582,,,1,100,,4357,582,,,1,99,,4358,529,,,1,100,,4359,529,,,1
8501,'3',611,,4360,476,,,1,100,,4361,476,,,1,102,,4362,582,,,1,100,,4363,582,,,1,100,,4364,582,,,1,100,,4365,582,,,1,100,,4366,582,,,1,100,,4367,582,,,1,100,,4368,582,,,1,101,,4369,635,,,1,100,,4370,635,,,1,100,,4371,635,,,1,100,,4372,635,,,1,100,,4373,635,,,1,99,,4374,582,,,1,100,,4375,582,,,1,99,,4376,529,,,1,100,,4377,529,,,1
8501,'4',611,,4378,476,,,1,100,,4379,476,,,1,102,,4380,582,,,1,100,,4381,582,,,1,100,,4382,582,,,1,100,,4383,582,,,1,100,,4384,582,,,1,100,,4385,582,,,1,100,,4386,582,,,1,101,,4387,635,,,1,100,,4388,635,,,1,100,,4389,635,,,1,100,,4390,635,,,1,100,,4391,635,,,1,99,,4392,582,,,1,100,,4393,582,,,1,99,,4394,529,,,1,100,,4395,529,,,1
8501,'5',611,,4396,476,,,1,100,,4397,476,,,1,102,,4398,582,,,1,100,,4399,582,,,1,100,,4400,582,,,1,100,,4401,582,,,1,100,,4402,582,,,1,100,,4403,582,,,1,100,,4404,582,,,1,101,,4405,635,,,1,100,,4406,635,,,1,100,,4407,635,,,1,100,,4408,635,,,1,100,,4409,635,,,1,99,,4410,582,,,1,100,,4411,582,,,1,99,,4412,529,,,1,100,,4413,529,,,1
8501,'6',611,,4414,476,,,1,100,,4415,476,,,1,102,,4416,582,,,1,100,,4417,582,,,1,100,,4418,582,,,1,100,,4419,582,,,1,100,,4420,582,,,1,100,,4421,582,,,1,100,,4422,582,,,1,101,,4423,635,,,1,100,,4424,635,,,1,100,,4425,635,,,1,100,,4426,635,,,1,100,,4427,635,,,1,99,,4428,582,,,1,100,,4429,582,,,1,99,,4430,529,,,1,100,,4431,529,,,1
8501,'9',817,,4432,529,,,1,100,,4433,529,,,1,100,,4434,529,,,1,101,,4435,582,,,1,100,,4436,582,,,1,100,,4437,582,,,1,100,,4438,582,,,1,102,,4439,688,,,1,100,,4440,688,,,1,100,,4441,688,,,1,100,,4442,688,,,1,100,,4443,688,,,1
