1100,'2',641,,637,848,,,1,102,,638,964,,,1,100,,639,964,,,1,100,,640,964,,,1,100,,641,964,,,1,102,,642,964,,,1,99,,643,1020,,,1,100,,644,1020,,,1,100,,645,1077,,,1,102,,646,1077,,,1,102,,647,1020,,,1,96,,648,1020,,,1,99,,649,964,,,1,102,,650,964,,,1,99,,651,908,,,1,100,,652,908,,,1
1100,'3',641,,653,848,,,1,102,,654,964,,,1,100,,655,964,,,1,100,,656,964,,,1,100,,657,964,,,1,102,,658,964,,,1,99,,659,1020,,,1,100,,660,1020,,,1,100,,661,1077,,,1,102,,662,1077,,,1,102,,663,1020,,,1,96,,664,1020,,,1,99,,665,964,,,1,102,,666,964,,,1,99,,667,908,,,1,100,,668,908,,,1
1100,'4',641,,669,848,,,1,102,,670,964,,,1,100,,671,964,,,1,100,,672,964,,,1,100,,673,964,,,1,102,,674,964,,,1,99,,675,1020,,,1,100,,676,1020,,,1,100,,677,1077,,,1,102,,678,1077,,,1,102,,679,1020,,,1,96,,680,1020,,,1,99,,681,964,,,1,102,,682,964,,,1,99,,683,908,,,1,100,,684,908,,,1
1100,'5',641,,685,848,,,1,102,,686,964,,,1,100,,687,964,,,1,100,,688,964,,,1,100,,689,964,,,1,102,,690,964,,,1,99,,691,1020,,,1,100,,692,1020,,,1,100,,693,1077,,,1,102,,694,1077,,,1,102,,695,1020,,,1,96,,696,1020,,,1,99,,697,964,,,1,102,,698,964,,,1,99,,699,908,,,1,100,,700,908,,,1
1100,'6',641,,701,848,,,1,102,,702,964,,,1,100,,703,964,,,1,100,,704,964,,,1,100,,705,964,,,1,102,,706,964,,,1,99,,707,1020,,,1,100,,708,1020,,,1,100,,709,1077,,,1,102,,710,1077,,,1,102,,711,1020,,,1,96,,712,1020,,,1,99,,713,964,,,1,102,,714,964,,,1,99,,715,908,,,1,100,,716,908,,,1
1100,'9',822,,717,848,,,1,100,,718,848,,,1,100,,719,848,,,1,101,,720,908,,,1,100,,721,908,,,1,100,,722,908,,,1,100,,723,908,,,1,100,,724,908,,,1,100,,725,908,,,1,100,,726,908,,,1,100,,727,908,,,1,100,,728,908,,,1
1101,'2',716,,729,668,,,1,101,,730,779,,,1,100,,731,779,,,1,100,,732,779,,,1,100,,733,779,,,1,101,,734,779,,,1,99,,735,779,,,1,100,,736,779,,,1,101,,737,779,,,1,101,,738,779,,,1,101,,739,779,,,1,97,,740,779,,,1,100,,741,779,,,1,102,,742,779,,,1,100,,743,779,,,1,99,,744,668,,,1
1101,'3',716,,745,668,,,1,101,,746,779,,,1,100,,747,779,,,1,100,,748,779,,,1,100,,749,779,,,1,101,,750,779,,,1,99,,751,779,,,1,100,,752,779,,,1,101,,753,779,,,1,101,,754,779,,,1,101,,755,779,,,1,97,,756,779,,,1,100,,757,779,,,1,102,,758,779,,,1,100,,759,779,,,1,99,,760,668,,,1
1101,'4',716,,761,668,,,1,101,,762,779,,,1,100,,763,779,,,1,100,,764,779,,,1,100,,765,779,,,1,101,,766,779,,,1,99,,767,779,,,1,100,,768,779,,,1,101,,769,779,,,1,101,,770,779,,,1,101,,771,779,,,1,97,,772,779,,,1,100,,773,779,,,1,102,,774,779,,,1,100,,775,779,,,1,99,,776,668,,,1
1101,'5',716,,777,668,,,1,101,,778,779,,,1,100,,779,779,,,1,100,,780,779,,,1,100,,781,779,,,1,101,,782,779,,,1,99,,783,779,,,1,100,,784,779,,,1,101,,785,779,,,1,101,,786,779,,,1,101,,787,779,,,1,97,,788,779,,,1,100,,789,779,,,1,102,,790,779,,,1,100,,791,779,,,1,99,,792,668,,,1
1101,'6',716,,793,668,,,1,101,,794,779,,,1,100,,795,779,,,1,100,,796,779,,,1,100,,797,779,,,1,101,,798,779,,,1,99,,799,779,,,1,100,,800,779,,,1,101,,801,779,,,1,101,,802,779,,,1,101,,803,779,,,1,97,,804,779,,,1,100,,805,779,,,1,102,,806,779,,,1,100,,807,779,,,1,99,,808,668,,,1
1101,'9',854,,809,668,,,1,100,,810,668,,,1,100,,811,668,,,1,101,,812,779,,,1,100,,813,779,,,1,100,,814,779,,,1,100,,815,779,,,1,100,,816,779,,,1,100,,817,779,,,1,100,,818,779,,,1,100,,819,779,,,1,100,,820,779,,,1
