3501,'2',629,,2848,121,,,1,30,,2849,121,,,1,70,,2850,121,,,1,30,,2851,121,,,1,70,,2852,121,,,1,29,,2853,121,,,1,69,,2854,121,,,1,29,,2855,121,,,1,69,,2856,152,,,1,29,,2857,152,,,1,69,,2858,152,,,1,29,,2859,152,,,1,69,,2860,152,,,1,30,,2861,152,,,1,70,,2862,152,,,1,29,,2863,152,,,1,70,,2864,152,,,1,31,,2865,182,,,1,71,,2866,182,,,1,30,,2867,182,,,1,70,,2868,182,,,1,30,,2869,212,,,1,71,,2870,212,,,1,31,,2871,212,,,1,70,,2872,152,,,1,30,,2873,152,,,1,70,,2874,152,,,1,30,,2875,152,,,1,70,,2876,121,,,1,30,,2877,121,,,1,70,,2878,121,,,1,35,,2879,121,,,1,65,,2880,121,,,1,30,,2881,121,,,1
3501,'3',629,,2882,121,,,1,30,,2883,121,,,1,70,,2884,121,,,1,30,,2885,121,,,1,70,,2886,121,,,1,29,,2887,121,,,1,69,,2888,121,,,1,29,,2889,121,,,1,69,,2890,152,,,1,29,,2891,152,,,1,69,,2892,152,,,1,29,,2893,152,,,1,69,,2894,152,,,1,30,,2895,152,,,1,70,,2896,152,,,1,29,,2897,152,,,1,70,,2898,152,,,1,31,,2899,182,,,1,71,,2900,182,,,1,30,,2901,182,,,1,70,,2902,182,,,1,30,,2903,212,,,1,71,,2904,212,,,1,31,,2905,212,,,1,70,,2906,152,,,1,30,,2907,152,,,1,70,,2908,152,,,1,30,,2909,152,,,1,70,,2910,121,,,1,30,,2911,121,,,1,70,,2912,121,,,1,35,,2913,121,,,1,65,,2914,121,,,1,30,,2915,121,,,1
3501,'4',629,,2916,121,,,1,30,,2917,121,,,1,70,,2918,121,,,1,30,,2919,121,,,1,70,,2920,121,,,1,29,,2921,121,,,1,69,,2922,121,,,1,29,,2923,121,,,1,69,,2924,152,,,1,29,,2925,152,,,1,69,,2926,152,,,1,29,,2927,152,,,1,69,,2928,152,,,1,30,,2929,152,,,1,70,,2930,152,,,1,29,,2931,152,,,1,70,,2932,152,,,1,31,,2933,182,,,1,71,,2934,182,,,1,30,,2935,182,,,1,70,,2936,182,,,1,30,,2937,212,,,1,71,,2938,212,,,1,31,,2939,212,,,1,70,,2940,152,,,1,30,,2941,152,,,1,70,,2942,152,,,1,30,,2943,152,,,1,70,,2944,121,,,1,30,,2945,121,,,1,70,,2946,121,,,1,35,,2947,121,,,1,65,,2948,121,,,1,30,,2949,121,,,1
3501,'5',629,,2950,121,,,1,30,,2951,121,,,1,70,,2952,121,,,1,30,,2953,121,,,1,70,,2954,121,,,1,29,,2955,121,,,1,69,,2956,121,,,1,29,,2957,121,,,1,69,,2958,152,,,1,29,,2959,152,,,1,69,,2960,152,,,1,29,,2961,152,,,1,69,,2962,152,,,1,30,,2963,152,,,1,70,,2964,152,,,1,29,,2965,152,,,1,70,,2966,152,,,1,31,,2967,182,,,1,71,,2968,182,,,1,30,,2969,182,,,1,70,,2970,182,,,1,30,,2971,212,,,1,71,,2972,212,,,1,31,,2973,212,,,1,70,,2974,152,,,1,30,,2975,152,,,1,70,,2976,152,,,1,30,,2977,152,,,1,70,,2978,121,,,1,30,,2979,121,,,1,70,,2980,121,,,1,35,,2981,121,,,1,65,,2982,121,,,1,30,,2983,121,,,1
3501,'6',629,,2984,121,,,1,30,,2985,121,,,1,70,,2986,121,,,1,30,,2987,121,,,1,70,,2988,121,,,1,29,,2989,121,,,1,69,,2990,121,,,1,29,,2991,121,,,1,69,,2992,152,,,1,29,,2993,152,,,1,69,,2994,152,,,1,29,,2995,152,,,1,69,,2996,152,,,1,30,,2997,152,,,1,70,,2998,152,,,1,29,,2999,152,,,1,70,,3000,152,,,1,31,,3001,182,,,1,71,,3002,182,,,1,30,,3003,182,,,1,70,,3004,182,,,1,30,,3005,212,,,1,71,,3006,212,,,1,31,,3007,212,,,1,70,,3008,152,,,1,30,,3009,152,,,1,70,,3010,152,,,1,30,,3011,152,,,1,70,,3012,121,,,1,30,,3013,121,,,1,70,,3014,121,,,1,35,,3015,121,,,1,65,,3016,121,,,1,30,,3017,121,,,1
3501,'9',812,,3018,121,,,1,30,,3019,121,,,1,70,,3020,121,,,1,30,,3021,121,,,1,70,,3022,121,,,1,30,,3023,121,,,1,70,,3024,152,,,1,30,,3025,152,,,1,70,,3026,152,,,1,30,,3027,152,,,1,70,,3028,152,,,1,30,,3029,152,,,1,70,,3030,152,,,1,30,,3031,152,,,1,70,,3032,152,,,1,30,,3033,152,,,1,70,,3034,152,,,1,30,,3035,152,,,1,70,,3036,152,,,1,30,,3037,152,,,1,70,,3038,152,,,1,96,,3039,152,,,1
6501,'2',623,,4063,94,,,1,30,,4064,94,,,1,70,,4065,94,,,1,30,,4066,103,,,1,70,,4067,103,,,1,30,,4068,103,,,1,70,,4069,103,,,1,30,,4070,103,,,1,70,,4071,103,,,1,30,,4072,103,,,1,70,,4073,103,,,1,30,,4074,103,,,1,70,,4075,103,,,1,30,,4076,103,,,1,70,,4077,103,,,1,30,,4078,103,,,1,70,,4079,111,,,1,30,,4080,111,,,1,70,,4081,111,,,1,30,,4082,111,,,1,70,,4083,111,,,1,30,,4084,111,,,1,70,,4085,111,,,1,30,,4086,111,,,1,70,,4087,103,,,1,30,,4088,103,,,1,70,,4089,103,,,1,30,,4090,103,,,1,70,,4091,94,,,1,30,,4092,94,,,1,70,,4093,94,,,1,30,,4094,94,,,1,70,,4095,85,,,1
6501,'3',623,,4096,94,,,1,30,,4097,94,,,1,70,,4098,94,,,1,30,,4099,103,,,1,70,,4100,103,,,1,30,,4101,103,,,1,70,,4102,103,,,1,30,,4103,103,,,1,70,,4104,103,,,1,30,,4105,103,,,1,70,,4106,103,,,1,30,,4107,103,,,1,70,,4108,103,,,1,30,,4109,103,,,1,70,,4110,103,,,1,30,,4111,103,,,1,70,,4112,111,,,1,30,,4113,111,,,1,70,,4114,111,,,1,30,,4115,111,,,1,70,,4116,111,,,1,30,,4117,111,,,1,70,,4118,111,,,1,30,,4119,111,,,1,70,,4120,103,,,1,30,,4121,103,,,1,70,,4122,103,,,1,30,,4123,103,,,1,70,,4124,94,,,1,30,,4125,94,,,1,70,,4126,94,,,1,30,,4127,94,,,1,70,,4128,85,,,1
6501,'4',623,,4129,94,,,1,30,,4130,94,,,1,70,,4131,94,,,1,30,,4132,103,,,1,70,,4133,103,,,1,30,,4134,103,,,1,70,,4135,103,,,1,30,,4136,103,,,1,70,,4137,103,,,1,30,,4138,103,,,1,70,,4139,103,,,1,30,,4140,103,,,1,70,,4141,103,,,1,30,,4142,103,,,1,70,,4143,103,,,1,30,,4144,103,,,1,70,,4145,111,,,1,30,,4146,111,,,1,70,,4147,111,,,1,30,,4148,111,,,1,70,,4149,111,,,1,30,,4150,111,,,1,70,,4151,111,,,1,30,,4152,111,,,1,70,,4153,103,,,1,30,,4154,103,,,1,70,,4155,103,,,1,30,,4156,103,,,1,70,,4157,94,,,1,30,,4158,94,,,1,70,,4159,94,,,1,30,,4160,94,,,1,70,,4161,85,,,1
6501,'5',623,,4162,94,,,1,30,,4163,94,,,1,70,,4164,94,,,1,30,,4165,103,,,1,70,,4166,103,,,1,30,,4167,103,,,1,70,,4168,103,,,1,30,,4169,103,,,1,70,,4170,103,,,1,30,,4171,103,,,1,70,,4172,103,,,1,30,,4173,103,,,1,70,,4174,103,,,1,30,,4175,103,,,1,70,,4176,103,,,1,30,,4177,103,,,1,70,,4178,111,,,1,30,,4179,111,,,1,70,,4180,111,,,1,30,,4181,111,,,1,70,,4182,111,,,1,30,,4183,111,,,1,70,,4184,111,,,1,30,,4185,111,,,1,70,,4186,103,,,1,30,,4187,103,,,1,70,,4188,103,,,1,30,,4189,103,,,1,70,,4190,94,,,1,30,,4191,94,,,1,70,,4192,94,,,1,30,,4193,94,,,1,70,,4194,85,,,1
6501,'6',623,,4195,94,,,1,30,,4196,94,,,1,70,,4197,94,,,1,30,,4198,103,,,1,70,,4199,103,,,1,30,,4200,103,,,1,70,,4201,103,,,1,30,,4202,103,,,1,70,,4203,103,,,1,30,,4204,103,,,1,70,,4205,103,,,1,30,,4206,103,,,1,70,,4207,103,,,1,30,,4208,103,,,1,70,,4209,103,,,1,30,,4210,103,,,1,70,,4211,111,,,1,30,,4212,111,,,1,70,,4213,111,,,1,30,,4214,111,,,1,70,,4215,111,,,1,30,,4216,111,,,1,70,,4217,111,,,1,30,,4218,111,,,1,70,,4219,103,,,1,30,,4220,103,,,1,70,,4221,103,,,1,30,,4222,103,,,1,70,,4223,94,,,1,30,,4224,94,,,1,70,,4225,94,,,1,30,,4226,94,,,1,70,,4227,85,,,1
6501,'9',802,,4228,94,,,1,100,,4229,94,,,1,100,,4230,94,,,1,100,,4231,103,,,1,100,,4232,103,,,1,100,,4233,103,,,1,100,,4234,103,,,1,100,,4235,103,,,1,100,,4236,103,,,1,100,,4237,103,,,1,100,,4238,103,,,1,100,,4239,103,,,1
