3101,'2',636,,2493,196,,,1,71,,2494,196,,,1,31,,2495,196,,,1,71,,2496,196,,,1,32,,2497,196,,,1,72,,2498,196,,,1,32,,2499,196,,,1,72,,2500,196,,,1,33,,2501,196,,,1,72,,2502,196,,,1,32,,2503,196,,,1,73,,2504,196,,,1,32,,2505,196,,,1,73,,2506,196,,,1,73,,2507,196,,,1,32,,2508,218,,,1,73,,2509,218,,,1,33,,2510,218,,,1,73,,2511,218,,,1,34,,2512,240,,,1,73,,2513,240,,,1,33,,2514,240,,,1,72,,2515,196,,,1,72,,2516,196,,,1,32,,2517,196,,,1,72,,2518,196,,,1,32,,2519,196,,,1,72,,2520,196,,,1,32,,2521,196,,,1,72,,2522,196,,,1
3101,'3',636,,2523,196,,,1,71,,2524,196,,,1,31,,2525,196,,,1,71,,2526,196,,,1,32,,2527,196,,,1,72,,2528,196,,,1,32,,2529,196,,,1,72,,2530,196,,,1,33,,2531,196,,,1,72,,2532,196,,,1,32,,2533,196,,,1,73,,2534,196,,,1,32,,2535,196,,,1,73,,2536,196,,,1,73,,2537,196,,,1,32,,2538,218,,,1,73,,2539,218,,,1,33,,2540,218,,,1,73,,2541,218,,,1,34,,2542,240,,,1,73,,2543,240,,,1,33,,2544,240,,,1,72,,2545,196,,,1,72,,2546,196,,,1,32,,2547,196,,,1,72,,2548,196,,,1,32,,2549,196,,,1,72,,2550,196,,,1,32,,2551,196,,,1,72,,2552,196,,,1
3101,'4',636,,2553,196,,,1,71,,2554,196,,,1,31,,2555,196,,,1,71,,2556,196,,,1,32,,2557,196,,,1,72,,2558,196,,,1,32,,2559,196,,,1,72,,2560,196,,,1,33,,2561,196,,,1,72,,2562,196,,,1,32,,2563,196,,,1,73,,2564,196,,,1,32,,2565,196,,,1,73,,2566,196,,,1,73,,2567,196,,,1,32,,2568,218,,,1,73,,2569,218,,,1,33,,2570,218,,,1,73,,2571,218,,,1,34,,2572,240,,,1,73,,2573,240,,,1,33,,2574,240,,,1,72,,2575,196,,,1,72,,2576,196,,,1,32,,2577,196,,,1,72,,2578,196,,,1,32,,2579,196,,,1,72,,2580,196,,,1,32,,2581,196,,,1,72,,2582,196,,,1
3101,'5',636,,2583,196,,,1,71,,2584,196,,,1,31,,2585,196,,,1,71,,2586,196,,,1,32,,2587,196,,,1,72,,2588,196,,,1,32,,2589,196,,,1,72,,2590,196,,,1,33,,2591,196,,,1,72,,2592,196,,,1,32,,2593,196,,,1,73,,2594,196,,,1,32,,2595,196,,,1,73,,2596,196,,,1,73,,2597,196,,,1,32,,2598,218,,,1,73,,2599,218,,,1,33,,2600,218,,,1,73,,2601,218,,,1,34,,2602,240,,,1,73,,2603,240,,,1,33,,2604,240,,,1,72,,2605,196,,,1,72,,2606,196,,,1,32,,2607,196,,,1,72,,2608,196,,,1,32,,2609,196,,,1,72,,2610,196,,,1,32,,2611,196,,,1,72,,2612,196,,,1
3101,'6',636,,2613,196,,,1,71,,2614,196,,,1,31,,2615,196,,,1,71,,2616,196,,,1,32,,2617,196,,,1,72,,2618,196,,,1,32,,2619,196,,,1,72,,2620,196,,,1,33,,2621,196,,,1,72,,2622,196,,,1,32,,2623,196,,,1,73,,2624,196,,,1,32,,2625,196,,,1,73,,2626,196,,,1,73,,2627,196,,,1,32,,2628,218,,,1,73,,2629,218,,,1,33,,2630,218,,,1,73,,2631,218,,,1,34,,2632,240,,,1,73,,2633,240,,,1,33,,2634,240,,,1,72,,2635,196,,,1,72,,2636,196,,,1,32,,2637,196,,,1,72,,2638,196,,,1,32,,2639,196,,,1,72,,2640,196,,,1,32,,2641,196,,,1,72,,2642,196,,,1
3101,'9',812,,2643,174,,,1,100,,2644,174,,,1,100,,2645,174,,,1,101,,2646,218,,,1,100,,2647,218,,,1,100,,2648,218,,,1,100,,2649,218,,,1,100,,2650,218,,,1,100,,2651,218,,,1,100,,2652,218,,,1,100,,2653,218,,,1,100,,2654,218,,,1
5101,'2',610,,3370,170,,,1,30,,3371,170,,,1,70,,3372,170,,,1,31,,3373,208,,,1,72,,3374,208,,,1,32,,3375,208,,,1,72,,3376,208,,,1,32,,3377,208,,,1,72,,3378,227,,,1,32,,3379,227,,,1,72,,3380,227,,,1,32,,3381,227,,,1,73,,3382,227,,,1,73,,3383,227,,,1,33,,3384,227,,,1,72,,3385,227,,,1,33,,3386,227,,,1,73,,3387,227,,,1,33,,3388,227,,,1,73,,3389,227,,,1,34,,3390,246,,,1,73,,3391,246,,,1,73,,3392,246,,,1,32,,3393,227,,,1,73,,3394,227,,,1,32,,3395,227,,,1,72,,3396,208,,,1,32,,3397,208,,,1,72,,3398,208,,,1,32,,3399,208,,,1,72,,3400,189,,,1
5101,'3',610,,3401,170,,,1,30,,3402,170,,,1,70,,3403,170,,,1,31,,3404,208,,,1,72,,3405,208,,,1,32,,3406,208,,,1,72,,3407,208,,,1,32,,3408,208,,,1,72,,3409,227,,,1,32,,3410,227,,,1,72,,3411,227,,,1,32,,3412,227,,,1,73,,3413,227,,,1,73,,3414,227,,,1,33,,3415,227,,,1,72,,3416,227,,,1,33,,3417,227,,,1,73,,3418,227,,,1,33,,3419,227,,,1,73,,3420,227,,,1,34,,3421,246,,,1,73,,3422,246,,,1,73,,3423,246,,,1,32,,3424,227,,,1,73,,3425,227,,,1,32,,3426,227,,,1,72,,3427,208,,,1,32,,3428,208,,,1,72,,3429,208,,,1,32,,3430,208,,,1,72,,3431,189,,,1
5101,'4',610,,3432,170,,,1,30,,3433,170,,,1,70,,3434,170,,,1,31,,3435,208,,,1,72,,3436,208,,,1,32,,3437,208,,,1,72,,3438,208,,,1,32,,3439,208,,,1,72,,3440,227,,,1,32,,3441,227,,,1,72,,3442,227,,,1,32,,3443,227,,,1,73,,3444,227,,,1,73,,3445,227,,,1,33,,3446,227,,,1,72,,3447,227,,,1,33,,3448,227,,,1,73,,3449,227,,,1,33,,3450,227,,,1,73,,3451,227,,,1,34,,3452,246,,,1,73,,3453,246,,,1,73,,3454,246,,,1,32,,3455,227,,,1,73,,3456,227,,,1,32,,3457,227,,,1,72,,3458,208,,,1,32,,3459,208,,,1,72,,3460,208,,,1,32,,3461,208,,,1,72,,3462,189,,,1
5101,'5',610,,3463,170,,,1,30,,3464,170,,,1,70,,3465,170,,,1,31,,3466,208,,,1,72,,3467,208,,,1,32,,3468,208,,,1,72,,3469,208,,,1,32,,3470,208,,,1,72,,3471,227,,,1,32,,3472,227,,,1,72,,3473,227,,,1,32,,3474,227,,,1,73,,3475,227,,,1,73,,3476,227,,,1,33,,3477,227,,,1,72,,3478,227,,,1,33,,3479,227,,,1,73,,3480,227,,,1,33,,3481,227,,,1,73,,3482,227,,,1,34,,3483,246,,,1,73,,3484,246,,,1,73,,3485,246,,,1,32,,3486,227,,,1,73,,3487,227,,,1,32,,3488,227,,,1,72,,3489,208,,,1,32,,3490,208,,,1,72,,3491,208,,,1,32,,3492,208,,,1,72,,3493,189,,,1
5101,'6',610,,3494,170,,,1,30,,3495,170,,,1,70,,3496,170,,,1,31,,3497,208,,,1,72,,3498,208,,,1,32,,3499,208,,,1,72,,3500,208,,,1,32,,3501,208,,,1,72,,3502,227,,,1,32,,3503,227,,,1,72,,3504,227,,,1,32,,3505,227,,,1,73,,3506,227,,,1,73,,3507,227,,,1,33,,3508,227,,,1,72,,3509,227,,,1,33,,3510,227,,,1,73,,3511,227,,,1,33,,3512,227,,,1,73,,3513,227,,,1,34,,3514,246,,,1,73,,3515,246,,,1,73,,3516,246,,,1,32,,3517,227,,,1,73,,3518,227,,,1,32,,3519,227,,,1,72,,3520,208,,,1,32,,3521,208,,,1,72,,3522,208,,,1,32,,3523,208,,,1,72,,3524,189,,,1
5101,'9',823,,3525,189,,,1,100,,3526,189,,,1,100,,3527,189,,,1,100,,3528,208,,,1,100,,3529,208,,,1,100,,3530,208,,,1,100,,3531,208,,,1,100,,3532,189,,,1,100,,3533,189,,,1,100,,3534,189,,,1,100,,3535,189,,,1,100,,3536,189,,,1
