2001,'2',559,,1144,,,1,55,,1145,,,1,15,,1146,,,1,15,,1147,,,1,15,,1148,,,1,55,,1149,,,1,15,,1150,,,1,16,,1151,,,1,56,,1152,,,1,16,,1153,,,1,16,,1154,,,1,16,,1155,,,1,56,,1156,,,1,15,,1157,,,1,15,,1158,,,1,15,,1159,,,1,55,,1160,,,1,15,,1161,,,1,15,,1162,,,1,15,,1163,,,1,55,,1164,,,1,15,,1165,,,1,15,,1166,,,1,15,,1167,,,1,55,,1168,,,1,15,,1169,,,1,15,,1170,,,1,15,,1171,,,1,55,,1172,,,1,15,,1173,,,1,15,,1174,,,1,15,,1175,,,1,55,,1176,,,1,15,,1177,,,1,16,,1178,,,1,16,,1179,,,1,56,,1180,,,1,16,,1181,,,1,16,,1182,,,1,16,,1183,,,1,56,,1184,,,1,16,,1185,,,1,16,,1186,,,1,56,,1187,,,1,15,,1188,,,1,15,,1189,,,1,15,,1190,,,1,56,,1191,,,1,16,,1192,,,1,16,,1193,,,1,16,,1194,,,1,56,,1195,,,1,30,,1196,,,1,70,,1197,,,1,30,,1198,,,1,70,,1199,,,1,30,,1200,,,1,70,,1201,,,1,100,,1202,,,1
2001,'3',559,,1203,,,1,55,,1204,,,1,15,,1205,,,1,15,,1206,,,1,15,,1207,,,1,55,,1208,,,1,15,,1209,,,1,16,,1210,,,1,56,,1211,,,1,16,,1212,,,1,16,,1213,,,1,16,,1214,,,1,56,,1215,,,1,15,,1216,,,1,15,,1217,,,1,15,,1218,,,1,55,,1219,,,1,15,,1220,,,1,15,,1221,,,1,15,,1222,,,1,55,,1223,,,1,15,,1224,,,1,15,,1225,,,1,15,,1226,,,1,55,,1227,,,1,15,,1228,,,1,15,,1229,,,1,15,,1230,,,1,55,,1231,,,1,15,,1232,,,1,15,,1233,,,1,15,,1234,,,1,55,,1235,,,1,15,,1236,,,1,16,,1237,,,1,16,,1238,,,1,56,,1239,,,1,16,,1240,,,1,16,,1241,,,1,16,,1242,,,1,56,,1243,,,1,16,,1244,,,1,16,,1245,,,1,56,,1246,,,1,15,,1247,,,1,15,,1248,,,1,15,,1249,,,1,56,,1250,,,1,16,,1251,,,1,16,,1252,,,1,16,,1253,,,1,56,,1254,,,1,30,,1255,,,1,70,,1256,,,1,30,,1257,,,1,70,,1258,,,1,30,,1259,,,1,70,,1260,,,1,100,,1261,,,1
2001,'4',559,,1262,,,1,55,,1263,,,1,15,,1264,,,1,15,,1265,,,1,15,,1266,,,1,55,,1267,,,1,15,,1268,,,1,16,,1269,,,1,56,,1270,,,1,16,,1271,,,1,16,,1272,,,1,16,,1273,,,1,56,,1274,,,1,15,,1275,,,1,15,,1276,,,1,15,,1277,,,1,55,,1278,,,1,15,,1279,,,1,15,,1280,,,1,15,,1281,,,1,55,,1282,,,1,15,,1283,,,1,15,,1284,,,1,15,,1285,,,1,55,,1286,,,1,15,,1287,,,1,15,,1288,,,1,15,,1289,,,1,55,,1290,,,1,15,,1291,,,1,15,,1292,,,1,15,,1293,,,1,55,,1294,,,1,15,,1295,,,1,16,,1296,,,1,16,,1297,,,1,56,,1298,,,1,16,,1299,,,1,16,,1300,,,1,16,,1301,,,1,56,,1302,,,1,16,,1303,,,1,16,,1304,,,1,56,,1305,,,1,15,,1306,,,1,15,,1307,,,1,15,,1308,,,1,56,,1309,,,1,16,,1310,,,1,16,,1311,,,1,16,,1312,,,1,56,,1313,,,1,30,,1314,,,1,70,,1315,,,1,30,,1316,,,1,70,,1317,,,1,30,,1318,,,1,70,,1319,,,1,100,,1320,,,1
2001,'5',559,,1321,,,1,55,,1322,,,1,15,,1323,,,1,15,,1324,,,1,15,,1325,,,1,55,,1326,,,1,15,,1327,,,1,16,,1328,,,1,56,,1329,,,1,16,,1330,,,1,16,,1331,,,1,16,,1332,,,1,56,,1333,,,1,15,,1334,,,1,15,,1335,,,1,15,,1336,,,1,55,,1337,,,1,15,,1338,,,1,15,,1339,,,1,15,,1340,,,1,55,,1341,,,1,15,,1342,,,1,15,,1343,,,1,15,,1344,,,1,55,,1345,,,1,15,,1346,,,1,15,,1347,,,1,15,,1348,,,1,55,,1349,,,1,15,,1350,,,1,15,,1351,,,1,15,,1352,,,1,55,,1353,,,1,15,,1354,,,1,16,,1355,,,1,16,,1356,,,1,56,,1357,,,1,16,,1358,,,1,16,,1359,,,1,16,,1360,,,1,56,,1361,,,1,16,,1362,,,1,16,,1363,,,1,56,,1364,,,1,15,,1365,,,1,15,,1366,,,1,15,,1367,,,1,56,,1368,,,1,16,,1369,,,1,16,,1370,,,1,16,,1371,,,1,56,,1372,,,1,30,,1373,,,1,70,,1374,,,1,30,,1375,,,1,70,,1376,,,1,30,,1377,,,1,70,,1378,,,1,100,,1379,,,1
2001,'6',559,,1380,,,1,55,,1381,,,1,15,,1382,,,1,15,,1383,,,1,15,,1384,,,1,55,,1385,,,1,15,,1386,,,1,16,,1387,,,1,56,,1388,,,1,16,,1389,,,1,16,,1390,,,1,16,,1391,,,1,56,,1392,,,1,15,,1393,,,1,15,,1394,,,1,15,,1395,,,1,55,,1396,,,1,15,,1397,,,1,15,,1398,,,1,15,,1399,,,1,55,,1400,,,1,15,,1401,,,1,15,,1402,,,1,15,,1403,,,1,55,,1404,,,1,15,,1405,,,1,15,,1406,,,1,15,,1407,,,1,55,,1408,,,1,15,,1409,,,1,15,,1410,,,1,15,,1411,,,1,55,,1412,,,1,15,,1413,,,1,16,,1414,,,1,16,,1415,,,1,56,,1416,,,1,16,,1417,,,1,16,,1418,,,1,16,,1419,,,1,56,,1420,,,1,16,,1421,,,1,16,,1422,,,1,56,,1423,,,1,15,,1424,,,1,15,,1425,,,1,15,,1426,,,1,56,,1427,,,1,16,,1428,,,1,16,,1429,,,1,16,,1430,,,1,56,,1431,,,1,30,,1432,,,1,70,,1433,,,1,30,,1434,,,1,70,,1435,,,1,30,,1436,,,1,70,,1437,,,1,100,,1438,,,1
2001,'9',806,,1439,,,1,30,,1440,,,1,70,,1441,,,1,30,,1442,,,1,70,,1443,,,1,30,,1444,,,1,70,,1445,,,1,30,,1446,,,1,70,,1447,,,1,30,,1448,,,1,70,,1449,,,1,30,,1450,,,1,70,,1451,,,1,30,,1452,,,1,70,,1453,,,1,30,,1454,,,1,70,,1455,,,1,30,,1456,,,1,70,,1457,,,1,30,,1458,,,1,70,,1459,,,1,30,,1460,,,1,71,,1461,,,1
5501,'2',617,,3714,,,1,30,,3715,,,1,70,,3716,,,1,30,,3717,,,1,70,,3718,,,1,30,,3719,,,1,70,,3720,,,1,30,,3721,,,1,70,,3722,,,1,30,,3723,,,1,70,,3724,,,1,30,,3725,,,1,70,,3726,,,1,30,,3727,,,1,69,,3728,,,1,29,,3729,,,1,70,,3730,,,1,29,,3731,,,1,70,,3732,,,1,30,,3733,,,1,70,,3734,,,1,31,,3735,,,1,71,,3736,,,1,31,,3737,,,1,71,,3738,,,1,30,,3739,,,1,70,,3740,,,1,30,,3741,,,1,70,,3742,,,1,30,,3743,,,1,70,,3744,,,1,30,,3745,,,1
5501,'3',617,,3746,,,1,30,,3747,,,1,70,,3748,,,1,30,,3749,,,1,70,,3750,,,1,30,,3751,,,1,70,,3752,,,1,30,,3753,,,1,70,,3754,,,1,30,,3755,,,1,70,,3756,,,1,30,,3757,,,1,70,,3758,,,1,30,,3759,,,1,69,,3760,,,1,29,,3761,,,1,70,,3762,,,1,29,,3763,,,1,70,,3764,,,1,30,,3765,,,1,70,,3766,,,1,31,,3767,,,1,71,,3768,,,1,31,,3769,,,1,71,,3770,,,1,30,,3771,,,1,70,,3772,,,1,30,,3773,,,1,70,,3774,,,1,30,,3775,,,1,70,,3776,,,1,30,,3777,,,1
5501,'4',617,,3778,,,1,30,,3779,,,1,70,,3780,,,1,30,,3781,,,1,70,,3782,,,1,30,,3783,,,1,70,,3784,,,1,30,,3785,,,1,70,,3786,,,1,30,,3787,,,1,70,,3788,,,1,30,,3789,,,1,70,,3790,,,1,30,,3791,,,1,69,,3792,,,1,29,,3793,,,1,70,,3794,,,1,29,,3795,,,1,70,,3796,,,1,30,,3797,,,1,70,,3798,,,1,31,,3799,,,1,71,,3800,,,1,31,,3801,,,1,71,,3802,,,1,30,,3803,,,1,70,,3804,,,1,30,,3805,,,1,70,,3806,,,1,30,,3807,,,1,70,,3808,,,1,30,,3809,,,1
5501,'5',617,,3810,,,1,30,,3811,,,1,70,,3812,,,1,30,,3813,,,1,70,,3814,,,1,30,,3815,,,1,70,,3816,,,1,30,,3817,,,1,70,,3818,,,1,30,,3819,,,1,70,,3820,,,1,30,,3821,,,1,70,,3822,,,1,30,,3823,,,1,69,,3824,,,1,29,,3825,,,1,70,,3826,,,1,29,,3827,,,1,70,,3828,,,1,30,,3829,,,1,70,,3830,,,1,31,,3831,,,1,71,,3832,,,1,31,,3833,,,1,71,,3834,,,1,30,,3835,,,1,70,,3836,,,1,30,,3837,,,1,70,,3838,,,1,30,,3839,,,1,70,,3840,,,1,30,,3841,,,1
5501,'6',617,,3842,,,1,30,,3843,,,1,70,,3844,,,1,30,,3845,,,1,70,,3846,,,1,30,,3847,,,1,70,,3848,,,1,30,,3849,,,1,70,,3850,,,1,30,,3851,,,1,70,,3852,,,1,30,,3853,,,1,70,,3854,,,1,30,,3855,,,1,69,,3856,,,1,29,,3857,,,1,70,,3858,,,1,29,,3859,,,1,70,,3860,,,1,30,,3861,,,1,70,,3862,,,1,31,,3863,,,1,71,,3864,,,1,31,,3865,,,1,71,,3866,,,1,30,,3867,,,1,70,,3868,,,1,30,,3869,,,1,70,,3870,,,1,30,,3871,,,1,70,,3872,,,1,30,,3873,,,1
5501,'9',826,,3874,,,1,100,,3875,,,1,100,,3876,,,1,100,,3877,,,1,100,,3878,,,1,100,,3879,,,1,100,,3880,,,1,100,,3881,,,1,100,,3882,,,1,100,,3883,,,1,100,,3884,,,1,100,,3885,,,1
