4001,'2',634,,3040,1800,,,1,70,,3041,1800,,,1,30,,3042,1800,,,1,70,,3043,1800,,,1,30,,3044,1800,,,1,70,,3045,1800,,,1,30,,3046,1800,,,1,70,,3047,1800,,,1,30,,3048,1800,,,1,70,,3049,1800,,,1,30,,3050,1800,,,1,70,,3051,1800,,,1,32,,3052,1920,,,1,70,,3053,1920,,,1,30,,3054,1920,,,1,70,,3055,1920,,,1,30,,3056,1920,,,1,74,,3057,2160,,,1,30,,3058,2160,,,1,70,,3059,2160,,,1,30,,3060,2160,,,1,68,,3061,2040,,,1,30,,3062,2040,,,1,70,,3063,2040,,,1,28,,3064,1920,,,1,70,,3065,1920,,,1,411,,3066,1800,,,1,30,,3067,1800,,,1
4001,'3',634,,3068,1800,,,1,70,,3069,1800,,,1,30,,3070,1800,,,1,70,,3071,1800,,,1,30,,3072,1800,,,1,70,,3073,1800,,,1,30,,3074,1800,,,1,70,,3075,1800,,,1,30,,3076,1800,,,1,70,,3077,1800,,,1,30,,3078,1800,,,1,70,,3079,1800,,,1,32,,3080,1920,,,1,70,,3081,1920,,,1,30,,3082,1920,,,1,70,,3083,1920,,,1,30,,3084,1920,,,1,74,,3085,2160,,,1,30,,3086,2160,,,1,70,,3087,2160,,,1,30,,3088,2160,,,1,68,,3089,2040,,,1,30,,3090,2040,,,1,70,,3091,2040,,,1,28,,3092,1920,,,1,70,,3093,1920,,,1,411,,3094,1800,,,1,30,,3095,1800,,,1
4001,'4',634,,3096,1800,,,1,70,,3097,1800,,,1,30,,3098,1800,,,1,70,,3099,1800,,,1,30,,3100,1800,,,1,70,,3101,1800,,,1,30,,3102,1800,,,1,70,,3103,1800,,,1,30,,3104,1800,,,1,70,,3105,1800,,,1,30,,3106,1800,,,1,70,,3107,1800,,,1,32,,3108,1920,,,1,70,,3109,1920,,,1,30,,3110,1920,,,1,70,,3111,1920,,,1,30,,3112,1920,,,1,74,,3113,2160,,,1,30,,3114,2160,,,1,70,,3115,2160,,,1,30,,3116,2160,,,1,68,,3117,2040,,,1,30,,3118,2040,,,1,70,,3119,2040,,,1,28,,3120,1920,,,1,70,,3121,1920,,,1,411,,3122,1800,,,1,30,,3123,1800,,,1
4001,'5',634,,3124,1800,,,1,70,,3125,1800,,,1,30,,3126,1800,,,1,70,,3127,1800,,,1,30,,3128,1800,,,1,70,,3129,1800,,,1,30,,3130,1800,,,1,70,,3131,1800,,,1,30,,3132,1800,,,1,70,,3133,1800,,,1,30,,3134,1800,,,1,70,,3135,1800,,,1,32,,3136,1920,,,1,70,,3137,1920,,,1,30,,3138,1920,,,1,70,,3139,1920,,,1,30,,3140,1920,,,1,74,,3141,2160,,,1,30,,3142,2160,,,1,70,,3143,2160,,,1,30,,3144,2160,,,1,68,,3145,2040,,,1,30,,3146,2040,,,1,70,,3147,2040,,,1,28,,3148,1920,,,1,70,,3149,1920,,,1,411,,3150,1800,,,1,30,,3151,1800,,,1
4001,'6',634,,3152,1800,,,1,70,,3153,1800,,,1,30,,3154,1800,,,1,70,,3155,1800,,,1,30,,3156,1800,,,1,70,,3157,1800,,,1,30,,3158,1800,,,1,70,,3159,1800,,,1,30,,3160,1800,,,1,70,,3161,1800,,,1,30,,3162,1800,,,1,70,,3163,1800,,,1,32,,3164,1920,,,1,70,,3165,1920,,,1,30,,3166,1920,,,1,70,,3167,1920,,,1,30,,3168,1920,,,1,74,,3169,2160,,,1,30,,3170,2160,,,1,70,,3171,2160,,,1,30,,3172,2160,,,1,68,,3173,2040,,,1,30,,3174,2040,,,1,70,,3175,2040,,,1,28,,3176,1920,,,1,70,,3177,1920,,,1,411,,3178,1800,,,1,30,,3179,1800,,,1
4001,'9',758,,3180,1920,,,1,100,,3181,1920,,,1,100,,3182,1920,,,1,100,,3183,1920,,,1,101,,3184,1980,,,1,100,,3185,1980,,,1,100,,3186,1980,,,1,100,,3187,1980,,,1,100,,3188,1980,,,1,100,,3189,1980,,,1,100,,3190,1980,,,1,100,,3191,1980,,,1,100,,3192,1980,,,1
6501,'2',651,,4063,1740,,,1,70,,4064,1740,,,1,30,,4065,1740,,,1,71,,4066,1800,,,1,30,,4067,1800,,,1,70,,4068,1800,,,1,30,,4069,1800,,,1,70,,4070,1800,,,1,30,,4071,1800,,,1,70,,4072,1800,,,1,30,,4073,1800,,,1,70,,4074,1800,,,1,30,,4075,1800,,,1,70,,4076,1800,,,1,30,,4077,1800,,,1,70,,4078,1800,,,1,32,,4079,1920,,,1,70,,4080,1920,,,1,30,,4081,1920,,,1,70,,4082,1920,,,1,30,,4083,1920,,,1,69,,4084,1860,,,1,30,,4085,1860,,,1,70,,4086,1860,,,1,29,,4087,1800,,,1,70,,4088,1800,,,1,30,,4089,1800,,,1,70,,4090,1800,,,1,29,,4091,1740,,,1,70,,4092,1740,,,1,30,,4093,1740,,,1,70,,4094,1740,,,1,29,,4095,1680,,,1
6501,'3',651,,4096,1740,,,1,70,,4097,1740,,,1,30,,4098,1740,,,1,71,,4099,1800,,,1,30,,4100,1800,,,1,70,,4101,1800,,,1,30,,4102,1800,,,1,70,,4103,1800,,,1,30,,4104,1800,,,1,70,,4105,1800,,,1,30,,4106,1800,,,1,70,,4107,1800,,,1,30,,4108,1800,,,1,70,,4109,1800,,,1,30,,4110,1800,,,1,70,,4111,1800,,,1,32,,4112,1920,,,1,70,,4113,1920,,,1,30,,4114,1920,,,1,70,,4115,1920,,,1,30,,4116,1920,,,1,69,,4117,1860,,,1,30,,4118,1860,,,1,70,,4119,1860,,,1,29,,4120,1800,,,1,70,,4121,1800,,,1,30,,4122,1800,,,1,70,,4123,1800,,,1,29,,4124,1740,,,1,70,,4125,1740,,,1,30,,4126,1740,,,1,70,,4127,1740,,,1,29,,4128,1680,,,1
6501,'4',651,,4129,1740,,,1,70,,4130,1740,,,1,30,,4131,1740,,,1,71,,4132,1800,,,1,30,,4133,1800,,,1,70,,4134,1800,,,1,30,,4135,1800,,,1,70,,4136,1800,,,1,30,,4137,1800,,,1,70,,4138,1800,,,1,30,,4139,1800,,,1,70,,4140,1800,,,1,30,,4141,1800,,,1,70,,4142,1800,,,1,30,,4143,1800,,,1,70,,4144,1800,,,1,32,,4145,1920,,,1,70,,4146,1920,,,1,30,,4147,1920,,,1,70,,4148,1920,,,1,30,,4149,1920,,,1,69,,4150,1860,,,1,30,,4151,1860,,,1,70,,4152,1860,,,1,29,,4153,1800,,,1,70,,4154,1800,,,1,30,,4155,1800,,,1,70,,4156,1800,,,1,29,,4157,1740,,,1,70,,4158,1740,,,1,30,,4159,1740,,,1,70,,4160,1740,,,1,29,,4161,1680,,,1
6501,'5',651,,4162,1740,,,1,70,,4163,1740,,,1,30,,4164,1740,,,1,71,,4165,1800,,,1,30,,4166,1800,,,1,70,,4167,1800,,,1,30,,4168,1800,,,1,70,,4169,1800,,,1,30,,4170,1800,,,1,70,,4171,1800,,,1,30,,4172,1800,,,1,70,,4173,1800,,,1,30,,4174,1800,,,1,70,,4175,1800,,,1,30,,4176,1800,,,1,70,,4177,1800,,,1,32,,4178,1920,,,1,70,,4179,1920,,,1,30,,4180,1920,,,1,70,,4181,1920,,,1,30,,4182,1920,,,1,69,,4183,1860,,,1,30,,4184,1860,,,1,70,,4185,1860,,,1,29,,4186,1800,,,1,70,,4187,1800,,,1,30,,4188,1800,,,1,70,,4189,1800,,,1,29,,4190,1740,,,1,70,,4191,1740,,,1,30,,4192,1740,,,1,70,,4193,1740,,,1,29,,4194,1680,,,1
6501,'6',651,,4195,1740,,,1,70,,4196,1740,,,1,30,,4197,1740,,,1,71,,4198,1800,,,1,30,,4199,1800,,,1,70,,4200,1800,,,1,30,,4201,1800,,,1,70,,4202,1800,,,1,30,,4203,1800,,,1,70,,4204,1800,,,1,30,,4205,1800,,,1,70,,4206,1800,,,1,30,,4207,1800,,,1,70,,4208,1800,,,1,30,,4209,1800,,,1,70,,4210,1800,,,1,32,,4211,1920,,,1,70,,4212,1920,,,1,30,,4213,1920,,,1,70,,4214,1920,,,1,30,,4215,1920,,,1,69,,4216,1860,,,1,30,,4217,1860,,,1,70,,4218,1860,,,1,29,,4219,1800,,,1,70,,4220,1800,,,1,30,,4221,1800,,,1,70,,4222,1800,,,1,29,,4223,1740,,,1,70,,4224,1740,,,1,30,,4225,1740,,,1,70,,4226,1740,,,1,29,,4227,1680,,,1
6501,'9',829,,4228,1680,,,1,100,,4229,1680,,,1,100,,4230,1680,,,1,101,,4231,1740,,,1,100,,4232,1740,,,1,100,,4233,1740,,,1,100,,4234,1740,,,1,100,,4235,1740,,,1,100,,4236,1740,,,1,100,,4237,1740,,,1,100,,4238,1740,,,1,100,,4239,1740,,,1
8500,'2',613,,4240,960,,,1,100,,4241,960,,,1,102,,4242,1080,,,1,100,,4243,1080,,,1,98,,4244,960,,,1,100,,4245,960,,,1,100,,4246,960,,,1,100,,4247,960,,,1,100,,4248,960,,,1,104,,4249,1200,,,1,100,,4250,1200,,,1,99,,4251,1140,,,1,100,,4252,1140,,,1,98,,4253,1020,,,1,100,,4254,1020,,,1,98,,4255,900,,,1,100,,4256,900,,,1,100,,4257,900,,,1
8500,'3',613,,4258,960,,,1,100,,4259,960,,,1,102,,4260,1080,,,1,100,,4261,1080,,,1,98,,4262,960,,,1,100,,4263,960,,,1,100,,4264,960,,,1,100,,4265,960,,,1,100,,4266,960,,,1,104,,4267,1200,,,1,100,,4268,1200,,,1,99,,4269,1140,,,1,100,,4270,1140,,,1,98,,4271,1020,,,1,100,,4272,1020,,,1,98,,4273,900,,,1,100,,4274,900,,,1,100,,4275,900,,,1
8500,'4',613,,4276,960,,,1,100,,4277,960,,,1,102,,4278,1080,,,1,100,,4279,1080,,,1,98,,4280,960,,,1,100,,4281,960,,,1,100,,4282,960,,,1,100,,4283,960,,,1,100,,4284,960,,,1,104,,4285,1200,,,1,100,,4286,1200,,,1,99,,4287,1140,,,1,100,,4288,1140,,,1,98,,4289,1020,,,1,100,,4290,1020,,,1,98,,4291,900,,,1,100,,4292,900,,,1,100,,4293,900,,,1
8500,'5',613,,4294,960,,,1,100,,4295,960,,,1,102,,4296,1080,,,1,100,,4297,1080,,,1,98,,4298,960,,,1,100,,4299,960,,,1,100,,4300,960,,,1,100,,4301,960,,,1,100,,4302,960,,,1,104,,4303,1200,,,1,100,,4304,1200,,,1,99,,4305,1140,,,1,100,,4306,1140,,,1,98,,4307,1020,,,1,100,,4308,1020,,,1,98,,4309,900,,,1,100,,4310,900,,,1,100,,4311,900,,,1
8500,'6',613,,4312,960,,,1,100,,4313,960,,,1,102,,4314,1080,,,1,100,,4315,1080,,,1,98,,4316,960,,,1,100,,4317,960,,,1,100,,4318,960,,,1,100,,4319,960,,,1,100,,4320,960,,,1,104,,4321,1200,,,1,100,,4322,1200,,,1,99,,4323,1140,,,1,100,,4324,1140,,,1,98,,4325,1020,,,1,100,,4326,1020,,,1,98,,4327,900,,,1,100,,4328,900,,,1,100,,4329,900,,,1
8500,'9',824,,4330,960,,,1,100,,4331,960,,,1,100,,4332,960,,,1,101,,4333,1020,,,1,100,,4334,1020,,,1,100,,4335,1020,,,1,100,,4336,1020,,,1,100,,4337,1020,,,1,100,,4338,1020,,,1,100,,4339,1020,,,1,100,,4340,1020,,,1,100,,4341,1020,,,1
