2500,'2',643,,1462,2340,,,1,70,,1463,2340,,,1,30,,1464,2340,,,1,75,,1465,2700,,,1,29,,1466,2700,,,1,69,,1467,2700,,,1,29,,1468,2700,,,1,69,,1469,2700,,,1,26,,1470,2520,,,1,69,,1471,2520,,,1,29,,1472,2520,,,1,69,,1473,2520,,,1,29,,1474,2520,,,1,70,,1475,2700,,,1,31,,1476,2700,,,1,70,,1477,2700,,,1,29,,1478,2700,,,1,68,,1479,2700,,,1,34,,1480,2880,,,1,71,,1481,2880,,,1,31,,1482,2880,,,1,71,,1483,2880,,,1,32,,1484,2940,,,1,70,,1485,2940,,,1,31,,1486,2940,,,1,63,,1487,2460,,,1,30,,1488,2460,,,1,70,,1489,2460,,,1,30,,1490,2460,,,1,66,,1491,2220,,,1,30,,1492,2220,,,1,70,,1493,2220,,,1,30,,1494,2220,,,1,69,,1495,2160,,,1,38,,1496,2160,,,1
2500,'3',643,,1497,2340,,,1,70,,1498,2340,,,1,30,,1499,2340,,,1,75,,1500,2700,,,1,29,,1501,2700,,,1,69,,1502,2700,,,1,29,,1503,2700,,,1,69,,1504,2700,,,1,26,,1505,2520,,,1,69,,1506,2520,,,1,29,,1507,2520,,,1,69,,1508,2520,,,1,29,,1509,2520,,,1,70,,1510,2700,,,1,31,,1511,2700,,,1,70,,1512,2700,,,1,29,,1513,2700,,,1,68,,1514,2700,,,1,34,,1515,2880,,,1,71,,1516,2880,,,1,31,,1517,2880,,,1,71,,1518,2880,,,1,32,,1519,2940,,,1,70,,1520,2940,,,1,31,,1521,2940,,,1,63,,1522,2460,,,1,30,,1523,2460,,,1,70,,1524,2460,,,1,30,,1525,2460,,,1,66,,1526,2220,,,1,30,,1527,2220,,,1,70,,1528,2220,,,1,30,,1529,2220,,,1,69,,1530,2160,,,1,38,,1531,2160,,,1
2500,'4',643,,1532,2340,,,1,70,,1533,2340,,,1,30,,1534,2340,,,1,75,,1535,2700,,,1,29,,1536,2700,,,1,69,,1537,2700,,,1,29,,1538,2700,,,1,69,,1539,2700,,,1,26,,1540,2520,,,1,69,,1541,2520,,,1,29,,1542,2520,,,1,69,,1543,2520,,,1,29,,1544,2520,,,1,70,,1545,2700,,,1,31,,1546,2700,,,1,70,,1547,2700,,,1,29,,1548,2700,,,1,68,,1549,2700,,,1,34,,1550,2880,,,1,71,,1551,2880,,,1,31,,1552,2880,,,1,71,,1553,2880,,,1,32,,1554,2940,,,1,70,,1555,2940,,,1,31,,1556,2940,,,1,63,,1557,2460,,,1,30,,1558,2460,,,1,70,,1559,2460,,,1,30,,1560,2460,,,1,66,,1561,2220,,,1,30,,1562,2220,,,1,70,,1563,2220,,,1,30,,1564,2220,,,1,69,,1565,2160,,,1,38,,1566,2160,,,1
2500,'5',643,,1567,2340,,,1,70,,1568,2340,,,1,30,,1569,2340,,,1,75,,1570,2700,,,1,29,,1571,2700,,,1,69,,1572,2700,,,1,29,,1573,2700,,,1,69,,1574,2700,,,1,26,,1575,2520,,,1,69,,1576,2520,,,1,29,,1577,2520,,,1,69,,1578,2520,,,1,29,,1579,2520,,,1,70,,1580,2700,,,1,31,,1581,2700,,,1,70,,1582,2700,,,1,29,,1583,2700,,,1,68,,1584,2700,,,1,34,,1585,2880,,,1,71,,1586,2880,,,1,31,,1587,2880,,,1,71,,1588,2880,,,1,32,,1589,2940,,,1,70,,1590,2940,,,1,31,,1591,2940,,,1,63,,1592,2460,,,1,30,,1593,2460,,,1,70,,1594,2460,,,1,30,,1595,2460,,,1,66,,1596,2220,,,1,30,,1597,2220,,,1,70,,1598,2220,,,1,30,,1599,2220,,,1,69,,1600,2160,,,1,38,,1601,2160,,,1
2500,'6',643,,1602,2340,,,1,70,,1603,2340,,,1,30,,1604,2340,,,1,75,,1605,2700,,,1,29,,1606,2700,,,1,69,,1607,2700,,,1,29,,1608,2700,,,1,69,,1609,2700,,,1,26,,1610,2520,,,1,69,,1611,2520,,,1,29,,1612,2520,,,1,69,,1613,2520,,,1,29,,1614,2520,,,1,70,,1615,2700,,,1,31,,1616,2700,,,1,70,,1617,2700,,,1,29,,1618,2700,,,1,68,,1619,2700,,,1,34,,1620,2880,,,1,71,,1621,2880,,,1,31,,1622,2880,,,1,71,,1623,2880,,,1,32,,1624,2940,,,1,70,,1625,2940,,,1,31,,1626,2940,,,1,63,,1627,2460,,,1,30,,1628,2460,,,1,70,,1629,2460,,,1,30,,1630,2460,,,1,66,,1631,2220,,,1,30,,1632,2220,,,1,70,,1633,2220,,,1,30,,1634,2220,,,1,69,,1635,2160,,,1,38,,1636,2160,,,1
2500,'9',852,,1637,2280,,,1,70,,1638,2280,,,1,30,,1639,2280,,,1,70,,1640,2280,,,1,30,,1641,2280,,,1,70,,1642,2280,,,1,31,,1643,2340,,,1,70,,1644,2340,,,1,30,,1645,2340,,,1,70,,1646,2340,,,1,30,,1647,2340,,,1,70,,1648,2340,,,1,30,,1649,2340,,,1,70,,1650,2340,,,1,31,,1651,2400,,,1,70,,1652,2400,,,1,30,,1653,2400,,,1,70,,1654,2400,,,1,30,,1655,2400,,,1,70,,1656,2400,,,1,30,,1657,2400,,,1,100,,1658,2400,,,1
5101,'2',613,,3370,344,,,1,30,,3371,344,,,1,70,,3372,344,,,1,32,,3373,421,,,1,72,,3374,421,,,1,32,,3375,421,,,1,72,,3376,421,,,1,32,,3377,421,,,1,72,,3378,459,,,1,32,,3379,459,,,1,72,,3380,459,,,1,72,,3381,459,,,1,33,,3382,459,,,1,73,,3383,459,,,1,33,,3384,459,,,1,72,,3385,459,,,1,33,,3386,459,,,1,73,,3387,459,,,1,33,,3388,459,,,1,73,,3389,459,,,1,34,,3390,497,,,1,73,,3391,497,,,1,73,,3392,497,,,1,32,,3393,459,,,1,73,,3394,459,,,1,32,,3395,459,,,1,72,,3396,421,,,1,32,,3397,421,,,1,72,,3398,421,,,1,32,,3399,421,,,1,71,,3400,382,,,1
5101,'3',613,,3401,344,,,1,30,,3402,344,,,1,70,,3403,344,,,1,32,,3404,421,,,1,72,,3405,421,,,1,32,,3406,421,,,1,72,,3407,421,,,1,32,,3408,421,,,1,72,,3409,459,,,1,32,,3410,459,,,1,72,,3411,459,,,1,72,,3412,459,,,1,33,,3413,459,,,1,73,,3414,459,,,1,33,,3415,459,,,1,72,,3416,459,,,1,33,,3417,459,,,1,73,,3418,459,,,1,33,,3419,459,,,1,73,,3420,459,,,1,34,,3421,497,,,1,73,,3422,497,,,1,73,,3423,497,,,1,32,,3424,459,,,1,73,,3425,459,,,1,32,,3426,459,,,1,72,,3427,421,,,1,32,,3428,421,,,1,72,,3429,421,,,1,32,,3430,421,,,1,71,,3431,382,,,1
5101,'4',613,,3432,344,,,1,30,,3433,344,,,1,70,,3434,344,,,1,32,,3435,421,,,1,72,,3436,421,,,1,32,,3437,421,,,1,72,,3438,421,,,1,32,,3439,421,,,1,72,,3440,459,,,1,32,,3441,459,,,1,72,,3442,459,,,1,72,,3443,459,,,1,33,,3444,459,,,1,73,,3445,459,,,1,33,,3446,459,,,1,72,,3447,459,,,1,33,,3448,459,,,1,73,,3449,459,,,1,33,,3450,459,,,1,73,,3451,459,,,1,34,,3452,497,,,1,73,,3453,497,,,1,73,,3454,497,,,1,32,,3455,459,,,1,73,,3456,459,,,1,32,,3457,459,,,1,72,,3458,421,,,1,32,,3459,421,,,1,72,,3460,421,,,1,32,,3461,421,,,1,71,,3462,382,,,1
5101,'5',613,,3463,344,,,1,30,,3464,344,,,1,70,,3465,344,,,1,32,,3466,421,,,1,72,,3467,421,,,1,32,,3468,421,,,1,72,,3469,421,,,1,32,,3470,421,,,1,72,,3471,459,,,1,32,,3472,459,,,1,72,,3473,459,,,1,72,,3474,459,,,1,33,,3475,459,,,1,73,,3476,459,,,1,33,,3477,459,,,1,72,,3478,459,,,1,33,,3479,459,,,1,73,,3480,459,,,1,33,,3481,459,,,1,73,,3482,459,,,1,34,,3483,497,,,1,73,,3484,497,,,1,73,,3485,497,,,1,32,,3486,459,,,1,73,,3487,459,,,1,32,,3488,459,,,1,72,,3489,421,,,1,32,,3490,421,,,1,72,,3491,421,,,1,32,,3492,421,,,1,71,,3493,382,,,1
5101,'6',613,,3494,344,,,1,30,,3495,344,,,1,70,,3496,344,,,1,32,,3497,421,,,1,72,,3498,421,,,1,32,,3499,421,,,1,72,,3500,421,,,1,32,,3501,421,,,1,72,,3502,459,,,1,32,,3503,459,,,1,72,,3504,459,,,1,72,,3505,459,,,1,33,,3506,459,,,1,73,,3507,459,,,1,33,,3508,459,,,1,72,,3509,459,,,1,33,,3510,459,,,1,73,,3511,459,,,1,33,,3512,459,,,1,73,,3513,459,,,1,34,,3514,497,,,1,73,,3515,497,,,1,73,,3516,497,,,1,32,,3517,459,,,1,73,,3518,459,,,1,32,,3519,459,,,1,72,,3520,421,,,1,32,,3521,421,,,1,72,,3522,421,,,1,32,,3523,421,,,1,71,,3524,382,,,1
5101,'9',826,,3525,382,,,1,100,,3526,382,,,1,100,,3527,382,,,1,101,,3528,421,,,1,100,,3529,421,,,1,100,,3530,421,,,1,100,,3531,421,,,1,99,,3532,382,,,1,100,,3533,382,,,1,100,,3534,382,,,1,100,,3535,382,,,1,100,,3536,382,,,1
