4001,'2',616,,3040,767,,,1,30,,3041,767,,,1,70,,3042,767,,,1,30,,3043,767,,,1,70,,3044,767,,,1,30,,3045,767,,,1,70,,3046,767,,,1,30,,3047,767,,,1,70,,3048,767,,,1,30,,3049,767,,,1,70,,3050,767,,,1,30,,3051,767,,,1,71,,3052,827,,,1,30,,3053,827,,,1,70,,3054,827,,,1,30,,3055,827,,,1,70,,3056,827,,,1,33,,3057,965,,,1,70,,3058,965,,,1,30,,3059,965,,,1,70,,3060,965,,,1,29,,3061,905,,,1,70,,3062,905,,,1,30,,3063,905,,,1,68,,3064,827,,,1,30,,3065,827,,,1,453,,3066,827,,,1,30,,3067,827,,,1
4001,'3',616,,3068,767,,,1,30,,3069,767,,,1,70,,3070,767,,,1,30,,3071,767,,,1,70,,3072,767,,,1,30,,3073,767,,,1,70,,3074,767,,,1,30,,3075,767,,,1,70,,3076,767,,,1,30,,3077,767,,,1,70,,3078,767,,,1,30,,3079,767,,,1,71,,3080,827,,,1,30,,3081,827,,,1,70,,3082,827,,,1,30,,3083,827,,,1,70,,3084,827,,,1,33,,3085,965,,,1,70,,3086,965,,,1,30,,3087,965,,,1,70,,3088,965,,,1,29,,3089,905,,,1,70,,3090,905,,,1,30,,3091,905,,,1,68,,3092,827,,,1,30,,3093,827,,,1,453,,3094,827,,,1,30,,3095,827,,,1
4001,'4',616,,3096,767,,,1,30,,3097,767,,,1,70,,3098,767,,,1,30,,3099,767,,,1,70,,3100,767,,,1,30,,3101,767,,,1,70,,3102,767,,,1,30,,3103,767,,,1,70,,3104,767,,,1,30,,3105,767,,,1,70,,3106,767,,,1,30,,3107,767,,,1,71,,3108,827,,,1,30,,3109,827,,,1,70,,3110,827,,,1,30,,3111,827,,,1,70,,3112,827,,,1,33,,3113,965,,,1,70,,3114,965,,,1,30,,3115,965,,,1,70,,3116,965,,,1,29,,3117,905,,,1,70,,3118,905,,,1,30,,3119,905,,,1,68,,3120,827,,,1,30,,3121,827,,,1,453,,3122,827,,,1,30,,3123,827,,,1
4001,'5',616,,3124,767,,,1,30,,3125,767,,,1,70,,3126,767,,,1,30,,3127,767,,,1,70,,3128,767,,,1,30,,3129,767,,,1,70,,3130,767,,,1,30,,3131,767,,,1,70,,3132,767,,,1,30,,3133,767,,,1,70,,3134,767,,,1,30,,3135,767,,,1,71,,3136,827,,,1,30,,3137,827,,,1,70,,3138,827,,,1,30,,3139,827,,,1,70,,3140,827,,,1,33,,3141,965,,,1,70,,3142,965,,,1,30,,3143,965,,,1,70,,3144,965,,,1,29,,3145,905,,,1,70,,3146,905,,,1,30,,3147,905,,,1,68,,3148,827,,,1,30,,3149,827,,,1,453,,3150,827,,,1,30,,3151,827,,,1
4001,'6',616,,3152,767,,,1,30,,3153,767,,,1,70,,3154,767,,,1,30,,3155,767,,,1,70,,3156,767,,,1,30,,3157,767,,,1,70,,3158,767,,,1,30,,3159,767,,,1,70,,3160,767,,,1,30,,3161,767,,,1,70,,3162,767,,,1,30,,3163,767,,,1,71,,3164,827,,,1,30,,3165,827,,,1,70,,3166,827,,,1,30,,3167,827,,,1,70,,3168,827,,,1,33,,3169,965,,,1,70,,3170,965,,,1,30,,3171,965,,,1,70,,3172,965,,,1,29,,3173,905,,,1,70,,3174,905,,,1,30,,3175,905,,,1,68,,3176,827,,,1,30,,3177,827,,,1,453,,3178,827,,,1,30,,3179,827,,,1
4001,'9',739,,3180,827,,,1,100,,3181,827,,,1,100,,3182,827,,,1,100,,3183,827,,,1,101,,3184,845,,,1,100,,3185,845,,,1,100,,3186,845,,,1,100,,3187,845,,,1,100,,3188,845,,,1,100,,3189,845,,,1,100,,3190,845,,,1,100,,3191,845,,,1,100,,3192,845,,,1
6500,'2',632,,3886,827,,,1,70,,3887,827,,,1,30,,3888,827,,,1,70,,3889,827,,,1,30,,3890,827,,,1,70,,3891,827,,,1,30,,3892,827,,,1,70,,3893,827,,,1,29,,3894,767,,,1,70,,3895,767,,,1,30,,3896,767,,,1,70,,3897,767,,,1,31,,3898,827,,,1,70,,3899,827,,,1,30,,3900,827,,,1,70,,3901,827,,,1,30,,3902,827,,,1,72,,3903,905,,,1,30,,3904,905,,,1,70,,3905,905,,,1,30,,3906,905,,,1,70,,3907,905,,,1,30,,3908,905,,,1,70,,3909,905,,,1,29,,3910,845,,,1,70,,3911,845,,,1,30,,3912,845,,,1,70,,3913,845,,,1,28,,3914,767,,,1,70,,3915,767,,,1,30,,3916,767,,,1,70,,3917,767,,,1,30,,3918,767,,,1
6500,'3',632,,3919,827,,,1,70,,3920,827,,,1,30,,3921,827,,,1,70,,3922,827,,,1,30,,3923,827,,,1,70,,3924,827,,,1,30,,3925,827,,,1,70,,3926,827,,,1,29,,3927,767,,,1,70,,3928,767,,,1,30,,3929,767,,,1,70,,3930,767,,,1,31,,3931,827,,,1,70,,3932,827,,,1,30,,3933,827,,,1,70,,3934,827,,,1,30,,3935,827,,,1,72,,3936,905,,,1,30,,3937,905,,,1,70,,3938,905,,,1,30,,3939,905,,,1,70,,3940,905,,,1,30,,3941,905,,,1,70,,3942,905,,,1,29,,3943,845,,,1,70,,3944,845,,,1,30,,3945,845,,,1,70,,3946,845,,,1,28,,3947,767,,,1,70,,3948,767,,,1,30,,3949,767,,,1,70,,3950,767,,,1,30,,3951,767,,,1
6500,'4',632,,3952,827,,,1,70,,3953,827,,,1,30,,3954,827,,,1,70,,3955,827,,,1,30,,3956,827,,,1,70,,3957,827,,,1,30,,3958,827,,,1,70,,3959,827,,,1,29,,3960,767,,,1,70,,3961,767,,,1,30,,3962,767,,,1,70,,3963,767,,,1,31,,3964,827,,,1,70,,3965,827,,,1,30,,3966,827,,,1,70,,3967,827,,,1,30,,3968,827,,,1,72,,3969,905,,,1,30,,3970,905,,,1,70,,3971,905,,,1,30,,3972,905,,,1,70,,3973,905,,,1,30,,3974,905,,,1,70,,3975,905,,,1,29,,3976,845,,,1,70,,3977,845,,,1,30,,3978,845,,,1,70,,3979,845,,,1,28,,3980,767,,,1,70,,3981,767,,,1,30,,3982,767,,,1,70,,3983,767,,,1,30,,3984,767,,,1
6500,'5',632,,3985,827,,,1,70,,3986,827,,,1,30,,3987,827,,,1,70,,3988,827,,,1,30,,3989,827,,,1,70,,3990,827,,,1,30,,3991,827,,,1,70,,3992,827,,,1,29,,3993,767,,,1,70,,3994,767,,,1,30,,3995,767,,,1,70,,3996,767,,,1,31,,3997,827,,,1,70,,3998,827,,,1,30,,3999,827,,,1,70,,4000,827,,,1,30,,4001,827,,,1,72,,4002,905,,,1,30,,4003,905,,,1,70,,4004,905,,,1,30,,4005,905,,,1,70,,4006,905,,,1,30,,4007,905,,,1,70,,4008,905,,,1,29,,4009,845,,,1,70,,4010,845,,,1,30,,4011,845,,,1,70,,4012,845,,,1,28,,4013,767,,,1,70,,4014,767,,,1,30,,4015,767,,,1,70,,4016,767,,,1,30,,4017,767,,,1
6500,'6',632,,4018,827,,,1,70,,4019,827,,,1,30,,4020,827,,,1,70,,4021,827,,,1,30,,4022,827,,,1,70,,4023,827,,,1,30,,4024,827,,,1,70,,4025,827,,,1,29,,4026,767,,,1,70,,4027,767,,,1,30,,4028,767,,,1,70,,4029,767,,,1,31,,4030,827,,,1,70,,4031,827,,,1,30,,4032,827,,,1,70,,4033,827,,,1,30,,4034,827,,,1,72,,4035,905,,,1,30,,4036,905,,,1,70,,4037,905,,,1,30,,4038,905,,,1,70,,4039,905,,,1,30,,4040,905,,,1,70,,4041,905,,,1,29,,4042,845,,,1,70,,4043,845,,,1,30,,4044,845,,,1,70,,4045,845,,,1,28,,4046,767,,,1,70,,4047,767,,,1,30,,4048,767,,,1,70,,4049,767,,,1,30,,4050,767,,,1
6500,'9',810,,4051,767,,,1,100,,4052,767,,,1,100,,4053,767,,,1,100,,4054,767,,,1,101,,4055,827,,,1,100,,4056,827,,,1,100,,4057,827,,,1,100,,4058,827,,,1,102,,4059,905,,,1,100,,4060,905,,,1,100,,4061,905,,,1,100,,4062,905,,,1
8501,'2',629,,4342,1555,,,1,100,,4343,1555,,,1,106,,4344,1868,,,1,100,,4345,1868,,,1,100,,4346,1882,,,1,100,,4347,1882,,,1,101,,4348,1942,,,1,100,,4349,1942,,,1,100,,4350,1942,,,1,102,,4351,2062,,,1,100,,4352,2062,,,1,101,,4353,2136,,,1,97,,4354,1928,,,1,100,,4355,1928,,,1,97,,4356,1748,,,1,100,,4357,1748,,,1,97,,4358,1568,,,1,100,,4359,1568,,,1
8501,'3',629,,4360,1555,,,1,100,,4361,1555,,,1,106,,4362,1868,,,1,100,,4363,1868,,,1,100,,4364,1882,,,1,100,,4365,1882,,,1,101,,4366,1942,,,1,100,,4367,1942,,,1,100,,4368,1942,,,1,102,,4369,2062,,,1,100,,4370,2062,,,1,101,,4371,2136,,,1,97,,4372,1928,,,1,100,,4373,1928,,,1,97,,4374,1748,,,1,100,,4375,1748,,,1,97,,4376,1568,,,1,100,,4377,1568,,,1
8501,'4',629,,4378,1555,,,1,100,,4379,1555,,,1,106,,4380,1868,,,1,100,,4381,1868,,,1,100,,4382,1882,,,1,100,,4383,1882,,,1,101,,4384,1942,,,1,100,,4385,1942,,,1,100,,4386,1942,,,1,102,,4387,2062,,,1,100,,4388,2062,,,1,101,,4389,2136,,,1,97,,4390,1928,,,1,100,,4391,1928,,,1,97,,4392,1748,,,1,100,,4393,1748,,,1,97,,4394,1568,,,1,100,,4395,1568,,,1
8501,'5',629,,4396,1555,,,1,100,,4397,1555,,,1,106,,4398,1868,,,1,100,,4399,1868,,,1,100,,4400,1882,,,1,100,,4401,1882,,,1,101,,4402,1942,,,1,100,,4403,1942,,,1,100,,4404,1942,,,1,102,,4405,2062,,,1,100,,4406,2062,,,1,101,,4407,2136,,,1,97,,4408,1928,,,1,100,,4409,1928,,,1,97,,4410,1748,,,1,100,,4411,1748,,,1,97,,4412,1568,,,1,100,,4413,1568,,,1
8501,'6',629,,4414,1555,,,1,100,,4415,1555,,,1,106,,4416,1868,,,1,100,,4417,1868,,,1,100,,4418,1882,,,1,100,,4419,1882,,,1,101,,4420,1942,,,1,100,,4421,1942,,,1,100,,4422,1942,,,1,102,,4423,2062,,,1,100,,4424,2062,,,1,101,,4425,2136,,,1,97,,4426,1928,,,1,100,,4427,1928,,,1,97,,4428,1748,,,1,100,,4429,1748,,,1,97,,4430,1568,,,1,100,,4431,1568,,,1
8501,'9',838,,4432,1748,,,1,100,,4433,1748,,,1,100,,4434,1748,,,1,102,,4435,1882,,,1,100,,4436,1882,,,1,100,,4437,1882,,,1,100,,4438,1882,,,1,103,,4439,2062,,,1,100,,4440,2062,,,1,100,,4441,2062,,,1,100,,4442,2062,,,1,100,,4443,2062,,,1
