8500,'2',648,,4240,3060,4,,1,100,,4241,3060,4,,1,103,,4242,3240,4,,1,100,,4243,3240,4,,1,100,,4244,3240,4,,1,100,,4245,3240,4,,1,100,,4246,3240,4,,1,102,,4247,3360,4,,1,100,,4248,3360,4,,1,105,,4249,3660,4,,1,100,,4250,3660,4,,1,97,,4251,3480,4,,1,100,,4252,3480,4,,1,94,,4253,3120,4,,1,100,,4254,3120,4,,1,96,,4255,2880,4,,1,100,,4256,2880,4,,1,98,,4257,2760,4,,1
8500,'3',648,,4258,3060,4,,1,100,,4259,3060,4,,1,103,,4260,3240,4,,1,100,,4261,3240,4,,1,100,,4262,3240,4,,1,100,,4263,3240,4,,1,100,,4264,3240,4,,1,102,,4265,3360,4,,1,100,,4266,3360,4,,1,105,,4267,3660,4,,1,100,,4268,3660,4,,1,97,,4269,3480,4,,1,100,,4270,3480,4,,1,94,,4271,3120,4,,1,100,,4272,3120,4,,1,96,,4273,2880,4,,1,100,,4274,2880,4,,1,98,,4275,2760,4,,1
8500,'4',648,,4276,3060,4,,1,100,,4277,3060,4,,1,103,,4278,3240,4,,1,100,,4279,3240,4,,1,100,,4280,3240,4,,1,100,,4281,3240,4,,1,100,,4282,3240,4,,1,102,,4283,3360,4,,1,100,,4284,3360,4,,1,105,,4285,3660,4,,1,100,,4286,3660,4,,1,97,,4287,3480,4,,1,100,,4288,3480,4,,1,94,,4289,3120,4,,1,100,,4290,3120,4,,1,96,,4291,2880,4,,1,100,,4292,2880,4,,1,98,,4293,2760,4,,1
8500,'5',648,,4294,3060,4,,1,100,,4295,3060,4,,1,103,,4296,3240,4,,1,100,,4297,3240,4,,1,100,,4298,3240,4,,1,100,,4299,3240,4,,1,100,,4300,3240,4,,1,102,,4301,3360,4,,1,100,,4302,3360,4,,1,105,,4303,3660,4,,1,100,,4304,3660,4,,1,97,,4305,3480,4,,1,100,,4306,3480,4,,1,94,,4307,3120,4,,1,100,,4308,3120,4,,1,96,,4309,2880,4,,1,100,,4310,2880,4,,1,98,,4311,2760,4,,1
8500,'6',648,,4312,3060,4,,1,100,,4313,3060,4,,1,103,,4314,3240,4,,1,100,,4315,3240,4,,1,100,,4316,3240,4,,1,100,,4317,3240,4,,1,100,,4318,3240,4,,1,102,,4319,3360,4,,1,100,,4320,3360,4,,1,105,,4321,3660,4,,1,100,,4322,3660,4,,1,97,,4323,3480,4,,1,100,,4324,3480,4,,1,94,,4325,3120,4,,1,100,,4326,3120,4,,1,96,,4327,2880,4,,1,100,,4328,2880,4,,1,98,,4329,2760,4,,1
8500,'9',901,,4330,3180,4,,1,100,,4331,3180,4,,1,100,,4332,3180,4,,1,103,,4333,3360,4,,1,100,,4334,3360,4,,1,100,,4335,3360,4,,1,100,,4336,3360,4,,1,100,,4337,3360,4,,1,100,,4338,3360,4,,1,100,,4339,3360,4,,1,100,,4340,3360,4,,1,100,,4341,3360,4,,1
8501,'2',604,,4342,0,,,1,100,,4343,0,,,1,100,,4344,0,,,1,100,,4345,0,,,1,100,,4346,0,,,1,100,,4347,0,,,1,100,,4348,0,,,1,100,,4349,0,,,1,100,,4350,0,,,1,100,,4351,0,,,1,100,,4352,0,,,1,100,,4353,0,,,1,100,,4354,0,,,1,100,,4355,0,,,1,100,,4356,0,,,1,100,,4357,0,,,1,100,,4358,0,,,1,100,,4359,0,,,1
8501,'3',604,,4360,0,,,1,100,,4361,0,,,1,100,,4362,0,,,1,100,,4363,0,,,1,100,,4364,0,,,1,100,,4365,0,,,1,100,,4366,0,,,1,100,,4367,0,,,1,100,,4368,0,,,1,100,,4369,0,,,1,100,,4370,0,,,1,100,,4371,0,,,1,100,,4372,0,,,1,100,,4373,0,,,1,100,,4374,0,,,1,100,,4375,0,,,1,100,,4376,0,,,1,100,,4377,0,,,1
8501,'4',604,,4378,0,,,1,100,,4379,0,,,1,100,,4380,0,,,1,100,,4381,0,,,1,100,,4382,0,,,1,100,,4383,0,,,1,100,,4384,0,,,1,100,,4385,0,,,1,100,,4386,0,,,1,100,,4387,0,,,1,100,,4388,0,,,1,100,,4389,0,,,1,100,,4390,0,,,1,100,,4391,0,,,1,100,,4392,0,,,1,100,,4393,0,,,1,100,,4394,0,,,1,100,,4395,0,,,1
8501,'5',604,,4396,0,,,1,100,,4397,0,,,1,100,,4398,0,,,1,100,,4399,0,,,1,100,,4400,0,,,1,100,,4401,0,,,1,100,,4402,0,,,1,100,,4403,0,,,1,100,,4404,0,,,1,100,,4405,0,,,1,100,,4406,0,,,1,100,,4407,0,,,1,100,,4408,0,,,1,100,,4409,0,,,1,100,,4410,0,,,1,100,,4411,0,,,1,100,,4412,0,,,1,100,,4413,0,,,1
8501,'6',604,,4414,0,,,1,100,,4415,0,,,1,100,,4416,0,,,1,100,,4417,0,,,1,100,,4418,0,,,1,100,,4419,0,,,1,100,,4420,0,,,1,100,,4421,0,,,1,100,,4422,0,,,1,100,,4423,0,,,1,100,,4424,0,,,1,100,,4425,0,,,1,100,,4426,0,,,1,100,,4427,0,,,1,100,,4428,0,,,1,100,,4429,0,,,1,100,,4430,0,,,1,100,,4431,0,,,1
8501,'9',809,,4432,0,,,1,100,,4433,0,,,1,100,,4434,0,,,1,100,,4435,0,,,1,100,,4436,0,,,1,100,,4437,0,,,1,100,,4438,0,,,1,100,,4439,0,,,1,100,,4440,0,,,1,100,,4441,0,,,1,100,,4442,0,,,1,100,,4443,0,,,1
