2500,'2',642,,1462,2319,,,1,70,,1463,2319,,,1,30,,1464,2319,,,1,75,,1465,2679,,,1,29,,1466,2679,,,1,69,,1467,2679,,,1,29,,1468,2679,,,1,69,,1469,2679,,,1,26,,1470,2499,,,1,69,,1471,2499,,,1,29,,1472,2499,,,1,69,,1473,2499,,,1,29,,1474,2499,,,1,70,,1475,2679,,,1,31,,1476,2679,,,1,70,,1477,2679,,,1,29,,1478,2679,,,1,68,,1479,2679,,,1,34,,1480,2859,,,1,71,,1481,2859,,,1,31,,1482,2859,,,1,71,,1483,2859,,,1,32,,1484,2919,,,1,70,,1485,2919,,,1,31,,1486,2919,,,1,63,,1487,2439,,,1,30,,1488,2439,,,1,70,,1489,2439,,,1,30,,1490,2439,,,1,66,,1491,2199,,,1,30,,1492,2199,,,1,70,,1493,2199,,,1,30,,1494,2199,,,1,69,,1495,2139,,,1,38,,1496,2139,,,1
2500,'3',642,,1497,2319,,,1,70,,1498,2319,,,1,30,,1499,2319,,,1,75,,1500,2679,,,1,29,,1501,2679,,,1,69,,1502,2679,,,1,29,,1503,2679,,,1,69,,1504,2679,,,1,26,,1505,2499,,,1,69,,1506,2499,,,1,29,,1507,2499,,,1,69,,1508,2499,,,1,29,,1509,2499,,,1,70,,1510,2679,,,1,31,,1511,2679,,,1,70,,1512,2679,,,1,29,,1513,2679,,,1,68,,1514,2679,,,1,34,,1515,2859,,,1,71,,1516,2859,,,1,31,,1517,2859,,,1,71,,1518,2859,,,1,32,,1519,2919,,,1,70,,1520,2919,,,1,31,,1521,2919,,,1,63,,1522,2439,,,1,30,,1523,2439,,,1,70,,1524,2439,,,1,30,,1525,2439,,,1,66,,1526,2199,,,1,30,,1527,2199,,,1,70,,1528,2199,,,1,30,,1529,2199,,,1,69,,1530,2139,,,1,38,,1531,2139,,,1
2500,'4',642,,1532,2319,,,1,70,,1533,2319,,,1,30,,1534,2319,,,1,75,,1535,2679,,,1,29,,1536,2679,,,1,69,,1537,2679,,,1,29,,1538,2679,,,1,69,,1539,2679,,,1,26,,1540,2499,,,1,69,,1541,2499,,,1,29,,1542,2499,,,1,69,,1543,2499,,,1,29,,1544,2499,,,1,70,,1545,2679,,,1,31,,1546,2679,,,1,70,,1547,2679,,,1,29,,1548,2679,,,1,68,,1549,2679,,,1,34,,1550,2859,,,1,71,,1551,2859,,,1,31,,1552,2859,,,1,71,,1553,2859,,,1,32,,1554,2919,,,1,70,,1555,2919,,,1,31,,1556,2919,,,1,63,,1557,2439,,,1,30,,1558,2439,,,1,70,,1559,2439,,,1,30,,1560,2439,,,1,66,,1561,2199,,,1,30,,1562,2199,,,1,70,,1563,2199,,,1,30,,1564,2199,,,1,69,,1565,2139,,,1,38,,1566,2139,,,1
2500,'5',642,,1567,2319,,,1,70,,1568,2319,,,1,30,,1569,2319,,,1,75,,1570,2679,,,1,29,,1571,2679,,,1,69,,1572,2679,,,1,29,,1573,2679,,,1,69,,1574,2679,,,1,26,,1575,2499,,,1,69,,1576,2499,,,1,29,,1577,2499,,,1,69,,1578,2499,,,1,29,,1579,2499,,,1,70,,1580,2679,,,1,31,,1581,2679,,,1,70,,1582,2679,,,1,29,,1583,2679,,,1,68,,1584,2679,,,1,34,,1585,2859,,,1,71,,1586,2859,,,1,31,,1587,2859,,,1,71,,1588,2859,,,1,32,,1589,2919,,,1,70,,1590,2919,,,1,31,,1591,2919,,,1,63,,1592,2439,,,1,30,,1593,2439,,,1,70,,1594,2439,,,1,30,,1595,2439,,,1,66,,1596,2199,,,1,30,,1597,2199,,,1,70,,1598,2199,,,1,30,,1599,2199,,,1,69,,1600,2139,,,1,38,,1601,2139,,,1
2500,'6',642,,1602,2319,,,1,70,,1603,2319,,,1,30,,1604,2319,,,1,75,,1605,2679,,,1,29,,1606,2679,,,1,69,,1607,2679,,,1,29,,1608,2679,,,1,69,,1609,2679,,,1,26,,1610,2499,,,1,69,,1611,2499,,,1,29,,1612,2499,,,1,69,,1613,2499,,,1,29,,1614,2499,,,1,70,,1615,2679,,,1,31,,1616,2679,,,1,70,,1617,2679,,,1,29,,1618,2679,,,1,68,,1619,2679,,,1,34,,1620,2859,,,1,71,,1621,2859,,,1,31,,1622,2859,,,1,71,,1623,2859,,,1,32,,1624,2919,,,1,70,,1625,2919,,,1,31,,1626,2919,,,1,63,,1627,2439,,,1,30,,1628,2439,,,1,70,,1629,2439,,,1,30,,1630,2439,,,1,66,,1631,2199,,,1,30,,1632,2199,,,1,70,,1633,2199,,,1,30,,1634,2199,,,1,69,,1635,2139,,,1,38,,1636,2139,,,1
2500,'9',851,,1637,2259,,,1,70,,1638,2259,,,1,30,,1639,2259,,,1,70,,1640,2259,,,1,30,,1641,2259,,,1,70,,1642,2259,,,1,31,,1643,2308,,,1,70,,1644,2308,,,1,30,,1645,2308,,,1,70,,1646,2308,,,1,30,,1647,2308,,,1,70,,1648,2308,,,1,30,,1649,2308,,,1,70,,1650,2308,,,1,31,,1651,2368,,,1,70,,1652,2368,,,1,30,,1653,2368,,,1,70,,1654,2368,,,1,30,,1655,2368,,,1,70,,1656,2368,,,1,30,,1657,2368,,,1,100,,1658,2368,,,1
5101,'2',613,,3370,317,,,1,30,,3371,317,,,1,70,,3372,317,,,1,31,,3373,388,,,1,72,,3374,388,,,1,32,,3375,388,,,1,72,,3376,388,,,1,32,,3377,388,,,1,73,,3378,423,,,1,32,,3379,423,,,1,72,,3380,423,,,1,72,,3381,423,,,1,33,,3382,423,,,1,73,,3383,423,,,1,33,,3384,423,,,1,72,,3385,423,,,1,33,,3386,423,,,1,73,,3387,423,,,1,33,,3388,423,,,1,73,,3389,423,,,1,33,,3390,458,,,1,73,,3391,458,,,1,73,,3392,458,,,1,33,,3393,423,,,1,73,,3394,423,,,1,32,,3395,423,,,1,71,,3396,388,,,1,32,,3397,388,,,1,72,,3398,388,,,1,32,,3399,388,,,1,71,,3400,352,,,1
5101,'3',613,,3401,317,,,1,30,,3402,317,,,1,70,,3403,317,,,1,31,,3404,388,,,1,72,,3405,388,,,1,32,,3406,388,,,1,72,,3407,388,,,1,32,,3408,388,,,1,73,,3409,423,,,1,32,,3410,423,,,1,72,,3411,423,,,1,72,,3412,423,,,1,33,,3413,423,,,1,73,,3414,423,,,1,33,,3415,423,,,1,72,,3416,423,,,1,33,,3417,423,,,1,73,,3418,423,,,1,33,,3419,423,,,1,73,,3420,423,,,1,33,,3421,458,,,1,73,,3422,458,,,1,73,,3423,458,,,1,33,,3424,423,,,1,73,,3425,423,,,1,32,,3426,423,,,1,71,,3427,388,,,1,32,,3428,388,,,1,72,,3429,388,,,1,32,,3430,388,,,1,71,,3431,352,,,1
5101,'4',613,,3432,317,,,1,30,,3433,317,,,1,70,,3434,317,,,1,31,,3435,388,,,1,72,,3436,388,,,1,32,,3437,388,,,1,72,,3438,388,,,1,32,,3439,388,,,1,73,,3440,423,,,1,32,,3441,423,,,1,72,,3442,423,,,1,72,,3443,423,,,1,33,,3444,423,,,1,73,,3445,423,,,1,33,,3446,423,,,1,72,,3447,423,,,1,33,,3448,423,,,1,73,,3449,423,,,1,33,,3450,423,,,1,73,,3451,423,,,1,33,,3452,458,,,1,73,,3453,458,,,1,73,,3454,458,,,1,33,,3455,423,,,1,73,,3456,423,,,1,32,,3457,423,,,1,71,,3458,388,,,1,32,,3459,388,,,1,72,,3460,388,,,1,32,,3461,388,,,1,71,,3462,352,,,1
5101,'5',613,,3463,317,,,1,30,,3464,317,,,1,70,,3465,317,,,1,31,,3466,388,,,1,72,,3467,388,,,1,32,,3468,388,,,1,72,,3469,388,,,1,32,,3470,388,,,1,73,,3471,423,,,1,32,,3472,423,,,1,72,,3473,423,,,1,72,,3474,423,,,1,33,,3475,423,,,1,73,,3476,423,,,1,33,,3477,423,,,1,72,,3478,423,,,1,33,,3479,423,,,1,73,,3480,423,,,1,33,,3481,423,,,1,73,,3482,423,,,1,33,,3483,458,,,1,73,,3484,458,,,1,73,,3485,458,,,1,33,,3486,423,,,1,73,,3487,423,,,1,32,,3488,423,,,1,71,,3489,388,,,1,32,,3490,388,,,1,72,,3491,388,,,1,32,,3492,388,,,1,71,,3493,352,,,1
5101,'6',613,,3494,317,,,1,30,,3495,317,,,1,70,,3496,317,,,1,31,,3497,388,,,1,72,,3498,388,,,1,32,,3499,388,,,1,72,,3500,388,,,1,32,,3501,388,,,1,73,,3502,423,,,1,32,,3503,423,,,1,72,,3504,423,,,1,72,,3505,423,,,1,33,,3506,423,,,1,73,,3507,423,,,1,33,,3508,423,,,1,72,,3509,423,,,1,33,,3510,423,,,1,73,,3511,423,,,1,33,,3512,423,,,1,73,,3513,423,,,1,33,,3514,458,,,1,73,,3515,458,,,1,73,,3516,458,,,1,33,,3517,423,,,1,73,,3518,423,,,1,32,,3519,423,,,1,71,,3520,388,,,1,32,,3521,388,,,1,72,,3522,388,,,1,32,,3523,388,,,1,71,,3524,352,,,1
5101,'9',825,,3525,352,,,1,100,,3526,352,,,1,100,,3527,352,,,1,101,,3528,388,,,1,100,,3529,388,,,1,100,,3530,388,,,1,100,,3531,388,,,1,99,,3532,352,,,1,100,,3533,352,,,1,100,,3534,352,,,1,100,,3535,352,,,1,100,,3536,352,,,1
