1000,'10',802,,4539,226,,,1,30,,4540,226,,,1,70,,4541,226,,,1,30,,4542,226,,,1,70,,4543,226,,,1,30,,4544,226,,,1,70,,4545,226,,,1,31,,4546,298,,,1,70,,4547,298,,,1,30,,4548,298,,,1,70,,4549,298,,,1,30,,4550,298,,,1,70,,4551,298,,,1,30,,4552,298,,,1,70,,4553,298,,,1,30,,4554,298,,,1,70,,4555,298,,,1,30,,4556,298,,,1,70,,4557,298,,,1,30,,4558,298,,,1,70,,4559,298,,,1,30,,4560,298,,,1,100,,4561,298,,,1
1000,'2',603,,4562,226,,,1,15,,4563,226,,,1,15,,4564,226,,,1,15,,4565,226,,,1,55,,4566,226,,,1,15,,4567,226,,,1,16,,4568,298,,,1,15,,4569,298,,,1,55,,4570,298,,,1,15,,4571,298,,,1,15,,4572,298,,,1,15,,4573,298,,,1,55,,4574,298,,,1,15,,4575,298,,,1,15,,4576,298,,,1,15,,4577,298,,,1,55,,4578,286,,,1,15,,4579,286,,,1,15,,4580,286,,,1,15,,4581,286,,,1,55,,4582,286,,,1,15,,4583,286,,,1,15,,4584,286,,,1,15,,4585,286,,,1,55,,4586,286,,,1,15,,4587,298,,,1,15,,4588,298,,,1,15,,4589,298,,,1,55,,4590,298,,,1,15,,4591,298,,,1,15,,4592,298,,,1,15,,4593,298,,,1,55,,4594,298,,,1,15,,4595,298,,,1,16,,4596,310,,,1,15,,353,310,,,1,55,,4597,310,,,1,16,,4598,310,,,1,16,,4599,310,,,1,15,,4600,310,,,1,56,,4601,310,,,1,16,,4602,310,,,1,15,,4603,310,,,1,15,,4604,310,,,1,55,,4605,310,,,1,15,,4606,310,,,1,16,,4607,310,,,1,15,,4608,310,,,1,54,,4609,298,,,1,16,,4610,298,,,1,15,,4611,298,,,1,15,,4612,298,,,1,55,,4613,298,,,1,30,,4614,298,,,1,69,,4615,226,,,1,30,,4616,226,,,1,70,,4617,226,,,1,30,,4618,226,,,1,70,,4619,214,,,1,100,,4620,214,,,1
3001,'10',850,,5128,1359,,,1,70,,5129,1359,,,1,30,,5130,1359,,,1,70,,5131,1359,,,1,30,,5132,1359,,,1,70,,5133,1359,,,1,31,,5134,1419,,,1,70,,5135,1419,,,1,30,,5136,1419,,,1,70,,5137,1419,,,1,30,,5138,1419,,,1,70,,5139,1419,,,1,30,,5140,1419,,,1,70,,5141,1419,,,1,30,,5142,1419,,,1,70,,5143,1419,,,1,30,,5144,1419,,,1,70,,5145,1419,,,1,30,,5146,1419,,,1,70,,5147,1419,,,1,30,,5148,1419,,,1,70,,5149,1419,,,1,30,,5150,1419,,,1
3001,'2',618,,5151,1245,,,1,15,,5152,1245,,,1,15,,5153,1245,,,1,55,,5154,1245,,,1,15,,5155,1245,,,1,15,,5156,1245,,,1,15,,5157,1245,,,1,58,,5158,1419,,,1,15,,5159,1419,,,1,15,,5160,1419,,,1,15,,5161,1419,,,1,55,,5162,1419,,,1,15,,5163,1419,,,1,15,,5164,1419,,,1,15,,5165,1419,,,1,55,,5166,1419,,,1,16,,5167,1479,,,1,15,,5168,1479,,,1,15,,5169,1479,,,1,55,,5170,1479,,,1,15,,5171,1479,,,1,15,,5172,1479,,,1,15,,5173,1479,,,1,55,,5174,1479,,,1,15,,5175,1479,,,1,15,,5176,1479,,,1,15,,5177,1479,,,1,55,,5178,1479,,,1,15,,5179,1479,,,1,15,,5180,1479,,,1,15,,5181,1479,,,1,55,,5182,1479,,,1,15,,5183,1479,,,1,15,,5184,1479,,,1,17,,5185,1533,,,1,56,,5186,1533,,,1,16,,5187,1533,,,1,15,,5188,1533,,,1,16,,5189,1533,,,1,56,,5190,1533,,,1,15,,5191,1533,,,1,15,,5192,1533,,,1,14,,5193,1485,,,1,56,,5194,1485,,,1,16,,5195,1485,,,1,15,,5196,1485,,,1,15,,5197,1485,,,1,56,,5198,1485,,,1,14,,5199,1365,,,1,15,,5200,1365,,,1,12,,3065,1365,,,1,70,,5201,1365,,,1,30,,5202,1365,,,1,69,,5203,1305,,,1,30,,5204,1305,,,1,70,,5205,1305,,,1,30,,5206,1305,,,1,69,,5207,1252,,,1,100,,5208,1252,,,1
4001,'10',729,,5366,229,,,1,100,,5367,229,,,1,100,,5368,229,,,1,100,,5369,229,,,1,102,,5370,301,,,1,100,,5371,301,,,1,100,,5372,301,,,1,100,,5373,301,,,1,99,,5374,277,,,1,100,,5375,277,,,1,100,,5376,277,,,1,100,,5377,277,,,1,100,,5378,277,,,1
4001,'2',603,,5379,229,,,1,30,,5380,229,,,1,70,,5381,229,,,1,30,,5382,229,,,1,70,,5383,229,,,1,30,,5384,229,,,1,70,,5385,229,,,1,30,,5386,229,,,1,70,,5387,229,,,1,30,,5388,229,,,1,70,,5389,229,,,1,30,,5390,229,,,1,70,,5391,229,,,1,31,,5392,289,,,1,70,,5393,289,,,1,30,,5394,289,,,1,70,,5395,289,,,1,31,,5396,301,,,1,70,,5397,301,,,1,30,,5398,301,,,1,70,,5399,301,,,1,30,,5400,301,,,1,70,,5401,301,,,1,30,,5402,301,,,1,70,,5403,301,,,1,28,,5404,229,,,1,485,,5405,229,,,1
6500,'10',801,,5595,229,0,5 2 6 7 2 8,1,100,,5596,229,0,5 2 6 7 2 8,1,100,,5597,229,0,5 2 6 7 2 8,1,100,,5598,229,0,5 2 6 7 2 8,1,101,,5599,241,0,5 2 6 7 2 8,1,100,,5600,241,0,5 2 6 7 2 8,1,100,,5601,241,0,5 2 6 7 2 8,1,100,,5602,241,0,5 2 6 7 2 8,1,100,,5603,241,0,5 2 6 7 2 8,1,100,,5604,241,0,5 2 6 7 2 8,1,100,,5605,241,0,5 2 6 7 2 8,1,100,,5606,241,0,5 2 6 7 2 8,1
6500,'2',618,,5607,229,0,5 2 6 7 2 8,1,30,,5608,229,0,5 2 6 7 2 8,1,70,,5609,229,0,5 2 6 7 2 8,1,31,,5610,241,0,5 2 6 7 2 8,1,70,,5611,241,0,5 2 6 7 2 8,1,30,,5612,241,0,5 2 6 7 2 8,1,70,,5613,241,0,5 2 6 7 2 8,1,30,,5614,241,0,5 2 6 7 2 8,1,69,,5615,229,0,5 2 6 7 2 8,1,30,,5616,229,0,5 2 6 7 2 8,1,70,,5617,229,0,5 2 6 7 2 8,1,30,,5618,229,0,5 2 6 7 2 8,1,71,,5619,229,0,5 2 6 7 2 8,1,30,,5620,229,0,5 2 6 7 2 8,1,71,,5621,229,0,5 2 6 7 2 8,1,29,,5622,229,0,5 2 6 7 2 8,1,71,,5623,229,0,5 2 6 7 2 8,1,30,,5624,301,0,5 2 6 7 2 8,1,70,,5625,301,0,5 2 6 7 2 8,1,30,,5626,301,0,5 2 6 7 2 8,1,70,,5627,301,0,5 2 6 7 2 8,1,30,,5628,301,0,5 2 6 7 2 8,1,70,,5629,301,0,5 2 6 7 2 8,1,30,,5630,301,0,5 2 6 7 2 8,1,68,,5631,229,0,5 2 6 7 2 8,1,30,,5632,229,0,5 2 6 7 2 8,1,70,,5633,229,0,5 2 6 7 2 8,1,30,,5634,229,0,5 2 6 7 2 8,1,70,,5635,229,0,5 2 6 7 2 8,1,30,,5636,229,0,5 2 6 7 2 8,1,70,,5637,229,0,5 2 6 7 2 8,1,30,,5638,229,0,5 2 6 7 2 8,1,70,,5639,229,0,5 2 6 7 2 8,1,30,,5640,229,0,5 2 6 7 2 8,1
8500,'10',811,,5685,215,,,1,100,,5686,215,,,1,100,,5687,215,,,1,100,,5688,215,,,1,100,,5689,215,,,1,100,,5690,215,,,1,100,,5691,215,,,1,100,,5692,229,,,1,100,,5693,229,,,1,100,,5694,229,,,1,100,,5695,229,,,1,100,,5696,229,,,1
8500,'2',550,,5697,215,,,1,100,,5698,215,,,1,100,,3196,215,,,1,100,,5699,215,,,1,100,,5700,215,,,1,100,,5701,215,,,1,100,,5702,215,,,1,100,,5703,215,,,1,100,,5704,215,,,1,102,,5705,303,,,1,102,,5706,303,,,1,100,,5707,243,,,1,101,,5708,243,,,1,100,,5709,215,,,1,101,,5710,215,,,1,101,,5711,215,,,1,101,,5712,215,,,1,101,,5713,215,,,1
