1001,'2-v13',634,,319,,,1,15,,320,,,1,55,,321,,,1,15,,322,,,1,15,,323,,,1,15,,324,,,1,61,,325,,,1,15,,326,,,1,15,,327,,,1,15,,328,,,1,55,,329,,,1,15,,330,,,1,15,,331,,,1,15,,332,,,1,55,,333,,,1,15,,334,,,1,13,,335,,,1,15,,336,,,1,55,,337,,,1,15,,338,,,1,15,,339,,,1,15,,340,,,1,55,,341,,,1,15,,342,,,1,17,,343,,,1,15,,344,,,1,55,,345,,,1,15,,346,,,1,15,,347,,,1,16,,348,,,1,56,,349,,,1,15,,350,,,1,16,,351,,,1,57,,352,,,1,16,,353,,,1,16,,354,,,1,16,,355,,,1,56,,356,,,1,16,,357,,,1,16,,358,,,1,16,,359,,,1,54,,360,,,1,16,,361,,,1,16,,362,,,1,16,,363,,,1,55,,364,,,1,15,,365,,,1,12,,366,,,1,15,,367,,,1,55,,368,,,1,15,,369,,,1,15,,370,,,1,70,,371,,,1,28,,372,,,1,70,,373,,,1,30,,374,,,1,71,,375,,,1,30,,376,,,1,84,,377,,,1
1001,'3-v13',634,,378,,,1,15,,379,,,1,55,,380,,,1,15,,381,,,1,15,,382,,,1,15,,383,,,1,61,,384,,,1,15,,385,,,1,15,,386,,,1,15,,387,,,1,55,,388,,,1,15,,389,,,1,15,,390,,,1,15,,391,,,1,55,,392,,,1,15,,393,,,1,13,,394,,,1,15,,395,,,1,55,,396,,,1,15,,397,,,1,15,,398,,,1,15,,399,,,1,55,,400,,,1,15,,401,,,1,17,,402,,,1,15,,403,,,1,55,,404,,,1,15,,405,,,1,15,,406,,,1,16,,407,,,1,56,,408,,,1,15,,409,,,1,16,,410,,,1,57,,411,,,1,16,,412,,,1,16,,413,,,1,16,,414,,,1,56,,415,,,1,16,,416,,,1,16,,417,,,1,16,,418,,,1,54,,419,,,1,16,,420,,,1,16,,421,,,1,16,,422,,,1,55,,423,,,1,15,,424,,,1,12,,425,,,1,15,,426,,,1,55,,427,,,1,15,,428,,,1,15,,429,,,1,70,,430,,,1,28,,431,,,1,70,,432,,,1,30,,433,,,1,71,,434,,,1,30,,435,,,1,84,,436,,,1
1001,'4-v13',634,,437,,,1,15,,438,,,1,55,,439,,,1,15,,440,,,1,15,,441,,,1,15,,442,,,1,61,,443,,,1,15,,444,,,1,15,,445,,,1,15,,446,,,1,55,,447,,,1,15,,448,,,1,15,,449,,,1,15,,450,,,1,55,,451,,,1,15,,452,,,1,13,,453,,,1,15,,454,,,1,55,,455,,,1,15,,456,,,1,15,,457,,,1,15,,458,,,1,55,,459,,,1,15,,460,,,1,17,,461,,,1,15,,462,,,1,55,,463,,,1,15,,464,,,1,15,,465,,,1,16,,466,,,1,56,,467,,,1,15,,468,,,1,16,,469,,,1,57,,470,,,1,16,,471,,,1,16,,472,,,1,16,,473,,,1,56,,474,,,1,16,,475,,,1,16,,476,,,1,16,,477,,,1,54,,478,,,1,16,,479,,,1,16,,480,,,1,16,,481,,,1,55,,482,,,1,15,,483,,,1,12,,484,,,1,15,,485,,,1,55,,486,,,1,15,,487,,,1,15,,488,,,1,70,,489,,,1,28,,490,,,1,70,,491,,,1,30,,492,,,1,71,,493,,,1,30,,494,,,1,84,,495,,,1
1001,'5-v13',634,,496,,,1,15,,497,,,1,55,,498,,,1,15,,499,,,1,15,,500,,,1,15,,501,,,1,61,,502,,,1,15,,503,,,1,15,,504,,,1,15,,505,,,1,55,,506,,,1,15,,507,,,1,15,,508,,,1,15,,509,,,1,55,,510,,,1,15,,511,,,1,13,,512,,,1,15,,513,,,1,55,,514,,,1,15,,515,,,1,15,,516,,,1,15,,517,,,1,55,,518,,,1,15,,519,,,1,17,,520,,,1,15,,521,,,1,55,,522,,,1,15,,523,,,1,15,,524,,,1,16,,525,,,1,56,,526,,,1,15,,527,,,1,16,,528,,,1,57,,529,,,1,16,,530,,,1,16,,531,,,1,16,,532,,,1,56,,533,,,1,16,,534,,,1,16,,535,,,1,16,,536,,,1,54,,537,,,1,16,,538,,,1,16,,539,,,1,16,,540,,,1,55,,541,,,1,15,,542,,,1,12,,543,,,1,15,,544,,,1,55,,545,,,1,15,,546,,,1,15,,547,,,1,70,,548,,,1,28,,549,,,1,70,,550,,,1,30,,551,,,1,71,,552,,,1,30,,553,,,1,84,,554,,,1
1001,'6-v13',634,,555,,,1,15,,556,,,1,55,,557,,,1,15,,558,,,1,15,,559,,,1,15,,560,,,1,61,,561,,,1,15,,562,,,1,15,,563,,,1,15,,564,,,1,55,,565,,,1,15,,566,,,1,15,,567,,,1,15,,568,,,1,55,,569,,,1,15,,570,,,1,13,,571,,,1,15,,572,,,1,55,,573,,,1,15,,574,,,1,15,,575,,,1,15,,576,,,1,55,,577,,,1,15,,578,,,1,17,,579,,,1,15,,580,,,1,55,,581,,,1,15,,582,,,1,15,,583,,,1,16,,584,,,1,56,,585,,,1,15,,586,,,1,16,,587,,,1,57,,588,,,1,16,,589,,,1,16,,590,,,1,16,,591,,,1,56,,592,,,1,16,,593,,,1,16,,594,,,1,16,,595,,,1,54,,596,,,1,16,,597,,,1,16,,598,,,1,16,,599,,,1,55,,600,,,1,15,,601,,,1,12,,602,,,1,15,,603,,,1,55,,604,,,1,15,,605,,,1,15,,606,,,1,70,,607,,,1,28,,608,,,1,70,,609,,,1,30,,610,,,1,71,,611,,,1,30,,612,,,1,84,,613,,,1
1001,'9-v13',843,,614,,,1,70,,615,,,1,30,,616,,,1,70,,617,,,1,30,,618,,,1,70,,619,,,1,32,,620,,,1,70,,621,,,1,30,,622,,,1,70,,623,,,1,30,,624,,,1,70,,625,,,1,30,,626,,,1,70,,627,,,1,28,,628,,,1,70,,629,,,1,30,,630,,,1,70,,631,,,1,30,,632,,,1,70,,633,,,1,30,,634,,,1,70,,635,,,1,31,,636,,,1
1100,'2-v13',652,,637,,,1,102,,638,,,1,100,,639,,,1,100,,640,,,1,100,,641,,,1,102,,642,,,1,99,,643,,,1,100,,644,,,1,101,,645,,,1,102,,646,,,1,101,,647,,,1,96,,648,,,1,99,,649,,,1,102,,650,,,1,99,,651,,,1,100,,652,,,1
1100,'3-v13',652,,653,,,1,102,,654,,,1,100,,655,,,1,100,,656,,,1,100,,657,,,1,102,,658,,,1,99,,659,,,1,100,,660,,,1,101,,661,,,1,102,,662,,,1,101,,663,,,1,96,,664,,,1,99,,665,,,1,102,,666,,,1,99,,667,,,1,100,,668,,,1
1100,'4-v13',652,,669,,,1,102,,670,,,1,100,,671,,,1,100,,672,,,1,100,,673,,,1,102,,674,,,1,99,,675,,,1,100,,676,,,1,101,,677,,,1,102,,678,,,1,101,,679,,,1,96,,680,,,1,99,,681,,,1,102,,682,,,1,99,,683,,,1,100,,684,,,1
1100,'5-v13',652,,685,,,1,102,,686,,,1,100,,687,,,1,100,,688,,,1,100,,689,,,1,102,,690,,,1,99,,691,,,1,100,,692,,,1,101,,693,,,1,102,,694,,,1,101,,695,,,1,96,,696,,,1,99,,697,,,1,102,,698,,,1,99,,699,,,1,100,,700,,,1
1100,'6-v13',652,,701,,,1,102,,702,,,1,100,,703,,,1,100,,704,,,1,100,,705,,,1,102,,706,,,1,99,,707,,,1,100,,708,,,1,101,,709,,,1,102,,710,,,1,101,,711,,,1,96,,712,,,1,99,,713,,,1,102,,714,,,1,99,,715,,,1,100,,716,,,1
1100,'9-v13',833,,717,,,1,100,,718,,,1,100,,719,,,1,101,,720,,,1,100,,721,,,1,100,,722,,,1,100,,723,,,1,100,,724,,,1,100,,725,,,1,100,,726,,,1,100,,727,,,1,100,,728,,,1
