4001,'2',637,,3040,1986,,,1,70,,3041,1986,,,1,30,,3042,1986,,,1,70,,3043,2010,,,1,30,,3044,2010,,,1,70,,3045,2010,,,1,30,,3046,2010,,,1,70,,3047,2010,,,1,30,,3048,2033,,,1,70,,3049,2033,,,1,30,,3050,2033,,,1,70,,3051,2033,,,1,32,,3052,2153,,,1,70,,3053,2153,,,1,30,,3054,2153,,,1,70,,3055,2153,,,1,30,,3056,2153,,,1,75,,3057,2417,,,1,30,,3058,2417,,,1,70,,3059,2417,,,1,30,,3060,2417,,,1,67,,3061,2250,,,1,30,,3062,2250,,,1,70,,3063,2250,,,1,28,,3064,2106,,,1,70,,3065,2106,,,1,410,,3066,1940,,,1,30,,3067,1940,,,1
4001,'3',637,,3068,1986,,,1,70,,3069,1986,,,1,30,,3070,1986,,,1,70,,3071,2010,,,1,30,,3072,2010,,,1,70,,3073,2010,,,1,30,,3074,2010,,,1,70,,3075,2010,,,1,30,,3076,2033,,,1,70,,3077,2033,,,1,30,,3078,2033,,,1,70,,3079,2033,,,1,32,,3080,2153,,,1,70,,3081,2153,,,1,30,,3082,2153,,,1,70,,3083,2153,,,1,30,,3084,2153,,,1,75,,3085,2417,,,1,30,,3086,2417,,,1,70,,3087,2417,,,1,30,,3088,2417,,,1,67,,3089,2250,,,1,30,,3090,2250,,,1,70,,3091,2250,,,1,28,,3092,2106,,,1,70,,3093,2106,,,1,410,,3094,1940,,,1,30,,3095,1940,,,1
4001,'4',637,,3096,1986,,,1,70,,3097,1986,,,1,30,,3098,1986,,,1,70,,3099,2010,,,1,30,,3100,2010,,,1,70,,3101,2010,,,1,30,,3102,2010,,,1,70,,3103,2010,,,1,30,,3104,2033,,,1,70,,3105,2033,,,1,30,,3106,2033,,,1,70,,3107,2033,,,1,32,,3108,2153,,,1,70,,3109,2153,,,1,30,,3110,2153,,,1,70,,3111,2153,,,1,30,,3112,2153,,,1,75,,3113,2417,,,1,30,,3114,2417,,,1,70,,3115,2417,,,1,30,,3116,2417,,,1,67,,3117,2250,,,1,30,,3118,2250,,,1,70,,3119,2250,,,1,28,,3120,2106,,,1,70,,3121,2106,,,1,410,,3122,1940,,,1,30,,3123,1940,,,1
4001,'5',637,,3124,1986,,,1,70,,3125,1986,,,1,30,,3126,1986,,,1,70,,3127,2010,,,1,30,,3128,2010,,,1,70,,3129,2010,,,1,30,,3130,2010,,,1,70,,3131,2010,,,1,30,,3132,2033,,,1,70,,3133,2033,,,1,30,,3134,2033,,,1,70,,3135,2033,,,1,32,,3136,2153,,,1,70,,3137,2153,,,1,30,,3138,2153,,,1,70,,3139,2153,,,1,30,,3140,2153,,,1,75,,3141,2417,,,1,30,,3142,2417,,,1,70,,3143,2417,,,1,30,,3144,2417,,,1,67,,3145,2250,,,1,30,,3146,2250,,,1,70,,3147,2250,,,1,28,,3148,2106,,,1,70,,3149,2106,,,1,410,,3150,1940,,,1,30,,3151,1940,,,1
4001,'6',637,,3152,1986,,,1,70,,3153,1986,,,1,30,,3154,1986,,,1,70,,3155,2010,,,1,30,,3156,2010,,,1,70,,3157,2010,,,1,30,,3158,2010,,,1,70,,3159,2010,,,1,30,,3160,2033,,,1,70,,3161,2033,,,1,30,,3162,2033,,,1,70,,3163,2033,,,1,32,,3164,2153,,,1,70,,3165,2153,,,1,30,,3166,2153,,,1,70,,3167,2153,,,1,30,,3168,2153,,,1,75,,3169,2417,,,1,30,,3170,2417,,,1,70,,3171,2417,,,1,30,,3172,2417,,,1,67,,3173,2250,,,1,30,,3174,2250,,,1,70,,3175,2250,,,1,28,,3176,2106,,,1,70,,3177,2106,,,1,410,,3178,1940,,,1,30,,3179,1940,,,1
4001,'9',801,,3180,2106,,,1,100,,3181,2106,,,1,100,,3182,2106,,,1,100,,3183,2106,,,1,101,,3184,2190,,,1,100,,3185,2190,,,1,100,,3186,2190,,,1,100,,3187,2190,,,1,100,,3188,2190,,,1,100,,3189,2190,,,1,100,,3190,2190,,,1,100,,3191,2190,,,1,100,,3192,2190,,,1
6501,'2',654,,4063,1950,,,1,70,,4064,1950,,,1,30,,4065,1950,,,1,71,,4066,2010,,,1,30,,4067,2010,,,1,70,,4068,2010,,,1,30,,4069,2010,,,1,70,,4070,2010,,,1,30,,4071,2033,,,1,70,,4072,2033,,,1,30,,4073,2033,,,1,70,,4074,2033,,,1,30,,4075,2010,,,1,70,,4076,2010,,,1,30,,4077,2010,,,1,70,,4078,2010,,,1,32,,4079,2153,,,1,70,,4080,2153,,,1,30,,4081,2153,,,1,70,,4082,2153,,,1,30,,4083,2153,,,1,69,,4084,2070,,,1,30,,4085,2070,,,1,70,,4086,2070,,,1,29,,4087,1986,,,1,70,,4088,1986,,,1,30,,4089,1986,,,1,70,,4090,1986,,,1,29,,4091,1926,,,1,70,,4092,1926,,,1,30,,4093,1926,,,1,70,,4094,1926,,,1,29,,4095,1866,,,1
6501,'3',654,,4096,1950,,,1,70,,4097,1950,,,1,30,,4098,1950,,,1,71,,4099,2010,,,1,30,,4100,2010,,,1,70,,4101,2010,,,1,30,,4102,2010,,,1,70,,4103,2010,,,1,30,,4104,2033,,,1,70,,4105,2033,,,1,30,,4106,2033,,,1,70,,4107,2033,,,1,30,,4108,2010,,,1,70,,4109,2010,,,1,30,,4110,2010,,,1,70,,4111,2010,,,1,32,,4112,2153,,,1,70,,4113,2153,,,1,30,,4114,2153,,,1,70,,4115,2153,,,1,30,,4116,2153,,,1,69,,4117,2070,,,1,30,,4118,2070,,,1,70,,4119,2070,,,1,29,,4120,1986,,,1,70,,4121,1986,,,1,30,,4122,1986,,,1,70,,4123,1986,,,1,29,,4124,1926,,,1,70,,4125,1926,,,1,30,,4126,1926,,,1,70,,4127,1926,,,1,29,,4128,1866,,,1
6501,'4',654,,4129,1950,,,1,70,,4130,1950,,,1,30,,4131,1950,,,1,71,,4132,2010,,,1,30,,4133,2010,,,1,70,,4134,2010,,,1,30,,4135,2010,,,1,70,,4136,2010,,,1,30,,4137,2033,,,1,70,,4138,2033,,,1,30,,4139,2033,,,1,70,,4140,2033,,,1,30,,4141,2010,,,1,70,,4142,2010,,,1,30,,4143,2010,,,1,70,,4144,2010,,,1,32,,4145,2153,,,1,70,,4146,2153,,,1,30,,4147,2153,,,1,70,,4148,2153,,,1,30,,4149,2153,,,1,69,,4150,2070,,,1,30,,4151,2070,,,1,70,,4152,2070,,,1,29,,4153,1986,,,1,70,,4154,1986,,,1,30,,4155,1986,,,1,70,,4156,1986,,,1,29,,4157,1926,,,1,70,,4158,1926,,,1,30,,4159,1926,,,1,70,,4160,1926,,,1,29,,4161,1866,,,1
6501,'5',654,,4162,1950,,,1,70,,4163,1950,,,1,30,,4164,1950,,,1,71,,4165,2010,,,1,30,,4166,2010,,,1,70,,4167,2010,,,1,30,,4168,2010,,,1,70,,4169,2010,,,1,30,,4170,2033,,,1,70,,4171,2033,,,1,30,,4172,2033,,,1,70,,4173,2033,,,1,30,,4174,2010,,,1,70,,4175,2010,,,1,30,,4176,2010,,,1,70,,4177,2010,,,1,32,,4178,2153,,,1,70,,4179,2153,,,1,30,,4180,2153,,,1,70,,4181,2153,,,1,30,,4182,2153,,,1,69,,4183,2070,,,1,30,,4184,2070,,,1,70,,4185,2070,,,1,29,,4186,1986,,,1,70,,4187,1986,,,1,30,,4188,1986,,,1,70,,4189,1986,,,1,29,,4190,1926,,,1,70,,4191,1926,,,1,30,,4192,1926,,,1,70,,4193,1926,,,1,29,,4194,1866,,,1
6501,'6',654,,4195,1950,,,1,70,,4196,1950,,,1,30,,4197,1950,,,1,71,,4198,2010,,,1,30,,4199,2010,,,1,70,,4200,2010,,,1,30,,4201,2010,,,1,70,,4202,2010,,,1,30,,4203,2033,,,1,70,,4204,2033,,,1,30,,4205,2033,,,1,70,,4206,2033,,,1,30,,4207,2010,,,1,70,,4208,2010,,,1,30,,4209,2010,,,1,70,,4210,2010,,,1,32,,4211,2153,,,1,70,,4212,2153,,,1,30,,4213,2153,,,1,70,,4214,2153,,,1,30,,4215,2153,,,1,69,,4216,2070,,,1,30,,4217,2070,,,1,70,,4218,2070,,,1,29,,4219,1986,,,1,70,,4220,1986,,,1,30,,4221,1986,,,1,70,,4222,1986,,,1,29,,4223,1926,,,1,70,,4224,1926,,,1,30,,4225,1926,,,1,70,,4226,1926,,,1,29,,4227,1866,,,1
6501,'9',831,,4228,1843,,,1,100,,4229,1843,,,1,100,,4230,1843,,,1,102,,4231,1950,,,1,100,,4232,1950,,,1,100,,4233,1950,,,1,100,,4234,1950,,,1,100,,4235,1950,,,1,100,,4236,1950,,,1,100,,4237,1950,,,1,100,,4238,1950,,,1,100,,4239,1950,,,1
8500,'2',615,,4240,1113,,,1,100,,4241,1113,,,1,102,,4242,1258,,,1,100,,4243,1258,,,1,98,,4244,1138,,,1,100,,4245,1138,,,1,100,,4246,1138,,,1,100,,4247,1138,,,1,100,,4248,1138,,,1,104,,4249,1378,,,1,100,,4250,1378,,,1,99,,4251,1318,,,1,100,,4252,1318,,,1,98,,4253,1173,,,1,100,,4254,1173,,,1,98,,4255,1053,,,1,100,,4256,1053,,,1,100,,4257,1027,,,1
8500,'3',615,,4258,1113,,,1,100,,4259,1113,,,1,102,,4260,1258,,,1,100,,4261,1258,,,1,98,,4262,1138,,,1,100,,4263,1138,,,1,100,,4264,1138,,,1,100,,4265,1138,,,1,100,,4266,1138,,,1,104,,4267,1378,,,1,100,,4268,1378,,,1,99,,4269,1318,,,1,100,,4270,1318,,,1,98,,4271,1173,,,1,100,,4272,1173,,,1,98,,4273,1053,,,1,100,,4274,1053,,,1,100,,4275,1027,,,1
8500,'4',615,,4276,1113,,,1,100,,4277,1113,,,1,102,,4278,1258,,,1,100,,4279,1258,,,1,98,,4280,1138,,,1,100,,4281,1138,,,1,100,,4282,1138,,,1,100,,4283,1138,,,1,100,,4284,1138,,,1,104,,4285,1378,,,1,100,,4286,1378,,,1,99,,4287,1318,,,1,100,,4288,1318,,,1,98,,4289,1173,,,1,100,,4290,1173,,,1,98,,4291,1053,,,1,100,,4292,1053,,,1,100,,4293,1027,,,1
8500,'5',615,,4294,1113,,,1,100,,4295,1113,,,1,102,,4296,1258,,,1,100,,4297,1258,,,1,98,,4298,1138,,,1,100,,4299,1138,,,1,100,,4300,1138,,,1,100,,4301,1138,,,1,100,,4302,1138,,,1,104,,4303,1378,,,1,100,,4304,1378,,,1,99,,4305,1318,,,1,100,,4306,1318,,,1,98,,4307,1173,,,1,100,,4308,1173,,,1,98,,4309,1053,,,1,100,,4310,1053,,,1,100,,4311,1027,,,1
8500,'6',615,,4312,1113,,,1,100,,4313,1113,,,1,102,,4314,1258,,,1,100,,4315,1258,,,1,98,,4316,1138,,,1,100,,4317,1138,,,1,100,,4318,1138,,,1,100,,4319,1138,,,1,100,,4320,1138,,,1,104,,4321,1378,,,1,100,,4322,1378,,,1,99,,4323,1318,,,1,100,,4324,1318,,,1,98,,4325,1173,,,1,100,,4326,1173,,,1,98,,4327,1053,,,1,100,,4328,1053,,,1,100,,4329,1027,,,1
8500,'9',826,,4330,1138,,,1,100,,4331,1138,,,1,100,,4332,1138,,,1,101,,4333,1198,,,1,100,,4334,1198,,,1,100,,4335,1198,,,1,100,,4336,1198,,,1,100,,4337,1198,,,1,100,,4338,1198,,,1,100,,4339,1198,,,1,100,,4340,1198,,,1,100,,4341,1198,,,1
