4001,'2',628,,3040,1440,,,1,30,,3041,1440,,,1,70,,3042,1440,,,1,30,,3043,1440,,,1,70,,3044,1440,,,1,30,,3045,1440,,,1,70,,3046,1440,,,1,30,,3047,1440,,,1,70,,3048,1440,,,1,30,,3049,1440,,,1,70,,3050,1440,,,1,30,,3051,1440,,,1,72,,3052,1560,,,1,70,,3053,1560,,,1,30,,3054,1560,,,1,70,,3055,1560,,,1,30,,3056,1560,,,1,73,,3057,1740,,,1,30,,3058,1740,,,1,70,,3059,1740,,,1,30,,3060,1740,,,1,69,,3061,1680,,,1,30,,3062,1680,,,1,70,,3063,1680,,,1,28,,3064,1560,,,1,70,,3065,1560,,,1,412,,3066,1500,,,1,30,,3067,1500,,,1
4001,'3',628,,3068,1440,,,1,30,,3069,1440,,,1,70,,3070,1440,,,1,30,,3071,1440,,,1,70,,3072,1440,,,1,30,,3073,1440,,,1,70,,3074,1440,,,1,30,,3075,1440,,,1,70,,3076,1440,,,1,30,,3077,1440,,,1,70,,3078,1440,,,1,30,,3079,1440,,,1,72,,3080,1560,,,1,70,,3081,1560,,,1,30,,3082,1560,,,1,70,,3083,1560,,,1,30,,3084,1560,,,1,73,,3085,1740,,,1,30,,3086,1740,,,1,70,,3087,1740,,,1,30,,3088,1740,,,1,69,,3089,1680,,,1,30,,3090,1680,,,1,70,,3091,1680,,,1,28,,3092,1560,,,1,70,,3093,1560,,,1,412,,3094,1500,,,1,30,,3095,1500,,,1
4001,'4',628,,3096,1440,,,1,30,,3097,1440,,,1,70,,3098,1440,,,1,30,,3099,1440,,,1,70,,3100,1440,,,1,30,,3101,1440,,,1,70,,3102,1440,,,1,30,,3103,1440,,,1,70,,3104,1440,,,1,30,,3105,1440,,,1,70,,3106,1440,,,1,30,,3107,1440,,,1,72,,3108,1560,,,1,70,,3109,1560,,,1,30,,3110,1560,,,1,70,,3111,1560,,,1,30,,3112,1560,,,1,73,,3113,1740,,,1,30,,3114,1740,,,1,70,,3115,1740,,,1,30,,3116,1740,,,1,69,,3117,1680,,,1,30,,3118,1680,,,1,70,,3119,1680,,,1,28,,3120,1560,,,1,70,,3121,1560,,,1,412,,3122,1500,,,1,30,,3123,1500,,,1
4001,'5',628,,3124,1440,,,1,30,,3125,1440,,,1,70,,3126,1440,,,1,30,,3127,1440,,,1,70,,3128,1440,,,1,30,,3129,1440,,,1,70,,3130,1440,,,1,30,,3131,1440,,,1,70,,3132,1440,,,1,30,,3133,1440,,,1,70,,3134,1440,,,1,30,,3135,1440,,,1,72,,3136,1560,,,1,70,,3137,1560,,,1,30,,3138,1560,,,1,70,,3139,1560,,,1,30,,3140,1560,,,1,73,,3141,1740,,,1,30,,3142,1740,,,1,70,,3143,1740,,,1,30,,3144,1740,,,1,69,,3145,1680,,,1,30,,3146,1680,,,1,70,,3147,1680,,,1,28,,3148,1560,,,1,70,,3149,1560,,,1,412,,3150,1500,,,1,30,,3151,1500,,,1
4001,'6',628,,3152,1440,,,1,30,,3153,1440,,,1,70,,3154,1440,,,1,30,,3155,1440,,,1,70,,3156,1440,,,1,30,,3157,1440,,,1,70,,3158,1440,,,1,30,,3159,1440,,,1,70,,3160,1440,,,1,30,,3161,1440,,,1,70,,3162,1440,,,1,30,,3163,1440,,,1,72,,3164,1560,,,1,70,,3165,1560,,,1,30,,3166,1560,,,1,70,,3167,1560,,,1,30,,3168,1560,,,1,73,,3169,1740,,,1,30,,3170,1740,,,1,70,,3171,1740,,,1,30,,3172,1740,,,1,69,,3173,1680,,,1,30,,3174,1680,,,1,70,,3175,1680,,,1,28,,3176,1560,,,1,70,,3177,1560,,,1,412,,3178,1500,,,1,30,,3179,1500,,,1
4001,'9',752,,3180,1560,,,1,100,,3181,1560,,,1,100,,3182,1560,,,1,100,,3183,1560,,,1,101,,3184,1620,,,1,100,,3185,1620,,,1,100,,3186,1620,,,1,100,,3187,1620,,,1,100,,3188,1620,,,1,100,,3189,1620,,,1,100,,3190,1620,,,1,100,,3191,1620,,,1,100,,3192,1620,,,1
6500,'2',645,,3886,1560,,,1,70,,3887,1560,,,1,30,,3888,1560,,,1,70,,3889,1560,,,1,30,,3890,1560,,,1,70,,3891,1560,,,1,30,,3892,1560,,,1,70,,3893,1560,,,1,29,,3894,1500,,,1,70,,3895,1500,,,1,30,,3896,1500,,,1,70,,3897,1500,,,1,31,,3898,1560,,,1,70,,3899,1560,,,1,30,,3900,1560,,,1,70,,3901,1560,,,1,30,,3902,1560,,,1,72,,3903,1680,,,1,30,,3904,1680,,,1,70,,3905,1680,,,1,30,,3906,1680,,,1,71,,3907,1740,,,1,30,,3908,1740,,,1,70,,3909,1740,,,1,27,,3910,1560,,,1,70,,3911,1560,,,1,30,,3912,1560,,,1,70,,3913,1560,,,1,28,,3914,1440,,,1,70,,3915,1440,,,1,30,,3916,1440,,,1,70,,3917,1440,,,1,31,,3918,1500,,,1
6500,'3',645,,3919,1560,,,1,70,,3920,1560,,,1,30,,3921,1560,,,1,70,,3922,1560,,,1,30,,3923,1560,,,1,70,,3924,1560,,,1,30,,3925,1560,,,1,70,,3926,1560,,,1,29,,3927,1500,,,1,70,,3928,1500,,,1,30,,3929,1500,,,1,70,,3930,1500,,,1,31,,3931,1560,,,1,70,,3932,1560,,,1,30,,3933,1560,,,1,70,,3934,1560,,,1,30,,3935,1560,,,1,72,,3936,1680,,,1,30,,3937,1680,,,1,70,,3938,1680,,,1,30,,3939,1680,,,1,71,,3940,1740,,,1,30,,3941,1740,,,1,70,,3942,1740,,,1,27,,3943,1560,,,1,70,,3944,1560,,,1,30,,3945,1560,,,1,70,,3946,1560,,,1,28,,3947,1440,,,1,70,,3948,1440,,,1,30,,3949,1440,,,1,70,,3950,1440,,,1,31,,3951,1500,,,1
6500,'4',645,,3952,1560,,,1,70,,3953,1560,,,1,30,,3954,1560,,,1,70,,3955,1560,,,1,30,,3956,1560,,,1,70,,3957,1560,,,1,30,,3958,1560,,,1,70,,3959,1560,,,1,29,,3960,1500,,,1,70,,3961,1500,,,1,30,,3962,1500,,,1,70,,3963,1500,,,1,31,,3964,1560,,,1,70,,3965,1560,,,1,30,,3966,1560,,,1,70,,3967,1560,,,1,30,,3968,1560,,,1,72,,3969,1680,,,1,30,,3970,1680,,,1,70,,3971,1680,,,1,30,,3972,1680,,,1,71,,3973,1740,,,1,30,,3974,1740,,,1,70,,3975,1740,,,1,27,,3976,1560,,,1,70,,3977,1560,,,1,30,,3978,1560,,,1,70,,3979,1560,,,1,28,,3980,1440,,,1,70,,3981,1440,,,1,30,,3982,1440,,,1,70,,3983,1440,,,1,31,,3984,1500,,,1
6500,'5',645,,3985,1560,,,1,70,,3986,1560,,,1,30,,3987,1560,,,1,70,,3988,1560,,,1,30,,3989,1560,,,1,70,,3990,1560,,,1,30,,3991,1560,,,1,70,,3992,1560,,,1,29,,3993,1500,,,1,70,,3994,1500,,,1,30,,3995,1500,,,1,70,,3996,1500,,,1,31,,3997,1560,,,1,70,,3998,1560,,,1,30,,3999,1560,,,1,70,,4000,1560,,,1,30,,4001,1560,,,1,72,,4002,1680,,,1,30,,4003,1680,,,1,70,,4004,1680,,,1,30,,4005,1680,,,1,71,,4006,1740,,,1,30,,4007,1740,,,1,70,,4008,1740,,,1,27,,4009,1560,,,1,70,,4010,1560,,,1,30,,4011,1560,,,1,70,,4012,1560,,,1,28,,4013,1440,,,1,70,,4014,1440,,,1,30,,4015,1440,,,1,70,,4016,1440,,,1,31,,4017,1500,,,1
6500,'6',645,,4018,1560,,,1,70,,4019,1560,,,1,30,,4020,1560,,,1,70,,4021,1560,,,1,30,,4022,1560,,,1,70,,4023,1560,,,1,30,,4024,1560,,,1,70,,4025,1560,,,1,29,,4026,1500,,,1,70,,4027,1500,,,1,30,,4028,1500,,,1,70,,4029,1500,,,1,31,,4030,1560,,,1,70,,4031,1560,,,1,30,,4032,1560,,,1,70,,4033,1560,,,1,30,,4034,1560,,,1,72,,4035,1680,,,1,30,,4036,1680,,,1,70,,4037,1680,,,1,30,,4038,1680,,,1,71,,4039,1740,,,1,30,,4040,1740,,,1,70,,4041,1740,,,1,27,,4042,1560,,,1,70,,4043,1560,,,1,30,,4044,1560,,,1,70,,4045,1560,,,1,28,,4046,1440,,,1,70,,4047,1440,,,1,30,,4048,1440,,,1,70,,4049,1440,,,1,31,,4050,1500,,,1
6500,'9',822,,4051,1440,,,1,100,,4052,1440,,,1,100,,4053,1440,,,1,100,,4054,1440,,,1,101,,4055,1500,,,1,100,,4056,1500,,,1,100,,4057,1500,,,1,100,,4058,1500,,,1,102,,4059,1620,,,1,100,,4060,1620,,,1,100,,4061,1620,,,1,100,,4062,1620,,,1
6501,'2',645,,4063,1380,,,1,70,,4064,1380,,,1,30,,4065,1380,,,1,71,,4066,1440,,,1,30,,4067,1440,,,1,70,,4068,1440,,,1,30,,4069,1440,,,1,70,,4070,1440,,,1,30,,4071,1440,,,1,70,,4072,1440,,,1,30,,4073,1440,,,1,70,,4074,1440,,,1,30,,4075,1440,,,1,70,,4076,1440,,,1,30,,4077,1440,,,1,70,,4078,1440,,,1,31,,4079,1500,,,1,70,,4080,1500,,,1,30,,4081,1500,,,1,70,,4082,1500,,,1,30,,4083,1500,,,1,70,,4084,1500,,,1,30,,4085,1500,,,1,70,,4086,1500,,,1,29,,4087,1440,,,1,70,,4088,1440,,,1,30,,4089,1440,,,1,70,,4090,1440,,,1,29,,4091,1380,,,1,70,,4092,1380,,,1,30,,4093,1380,,,1,70,,4094,1380,,,1,29,,4095,1320,,,1
6501,'3',645,,4096,1380,,,1,70,,4097,1380,,,1,30,,4098,1380,,,1,71,,4099,1440,,,1,30,,4100,1440,,,1,70,,4101,1440,,,1,30,,4102,1440,,,1,70,,4103,1440,,,1,30,,4104,1440,,,1,70,,4105,1440,,,1,30,,4106,1440,,,1,70,,4107,1440,,,1,30,,4108,1440,,,1,70,,4109,1440,,,1,30,,4110,1440,,,1,70,,4111,1440,,,1,31,,4112,1500,,,1,70,,4113,1500,,,1,30,,4114,1500,,,1,70,,4115,1500,,,1,30,,4116,1500,,,1,70,,4117,1500,,,1,30,,4118,1500,,,1,70,,4119,1500,,,1,29,,4120,1440,,,1,70,,4121,1440,,,1,30,,4122,1440,,,1,70,,4123,1440,,,1,29,,4124,1380,,,1,70,,4125,1380,,,1,30,,4126,1380,,,1,70,,4127,1380,,,1,29,,4128,1320,,,1
6501,'4',645,,4129,1380,,,1,70,,4130,1380,,,1,30,,4131,1380,,,1,71,,4132,1440,,,1,30,,4133,1440,,,1,70,,4134,1440,,,1,30,,4135,1440,,,1,70,,4136,1440,,,1,30,,4137,1440,,,1,70,,4138,1440,,,1,30,,4139,1440,,,1,70,,4140,1440,,,1,30,,4141,1440,,,1,70,,4142,1440,,,1,30,,4143,1440,,,1,70,,4144,1440,,,1,31,,4145,1500,,,1,70,,4146,1500,,,1,30,,4147,1500,,,1,70,,4148,1500,,,1,30,,4149,1500,,,1,70,,4150,1500,,,1,30,,4151,1500,,,1,70,,4152,1500,,,1,29,,4153,1440,,,1,70,,4154,1440,,,1,30,,4155,1440,,,1,70,,4156,1440,,,1,29,,4157,1380,,,1,70,,4158,1380,,,1,30,,4159,1380,,,1,70,,4160,1380,,,1,29,,4161,1320,,,1
6501,'5',645,,4162,1380,,,1,70,,4163,1380,,,1,30,,4164,1380,,,1,71,,4165,1440,,,1,30,,4166,1440,,,1,70,,4167,1440,,,1,30,,4168,1440,,,1,70,,4169,1440,,,1,30,,4170,1440,,,1,70,,4171,1440,,,1,30,,4172,1440,,,1,70,,4173,1440,,,1,30,,4174,1440,,,1,70,,4175,1440,,,1,30,,4176,1440,,,1,70,,4177,1440,,,1,31,,4178,1500,,,1,70,,4179,1500,,,1,30,,4180,1500,,,1,70,,4181,1500,,,1,30,,4182,1500,,,1,70,,4183,1500,,,1,30,,4184,1500,,,1,70,,4185,1500,,,1,29,,4186,1440,,,1,70,,4187,1440,,,1,30,,4188,1440,,,1,70,,4189,1440,,,1,29,,4190,1380,,,1,70,,4191,1380,,,1,30,,4192,1380,,,1,70,,4193,1380,,,1,29,,4194,1320,,,1
6501,'6',645,,4195,1380,,,1,70,,4196,1380,,,1,30,,4197,1380,,,1,71,,4198,1440,,,1,30,,4199,1440,,,1,70,,4200,1440,,,1,30,,4201,1440,,,1,70,,4202,1440,,,1,30,,4203,1440,,,1,70,,4204,1440,,,1,30,,4205,1440,,,1,70,,4206,1440,,,1,30,,4207,1440,,,1,70,,4208,1440,,,1,30,,4209,1440,,,1,70,,4210,1440,,,1,31,,4211,1500,,,1,70,,4212,1500,,,1,30,,4213,1500,,,1,70,,4214,1500,,,1,30,,4215,1500,,,1,70,,4216,1500,,,1,30,,4217,1500,,,1,70,,4218,1500,,,1,29,,4219,1440,,,1,70,,4220,1440,,,1,30,,4221,1440,,,1,70,,4222,1440,,,1,29,,4223,1380,,,1,70,,4224,1380,,,1,30,,4225,1380,,,1,70,,4226,1380,,,1,29,,4227,1320,,,1
6501,'9',823,,4228,1320,,,1,100,,4229,1320,,,1,100,,4230,1320,,,1,101,,4231,1380,,,1,100,,4232,1380,,,1,100,,4233,1380,,,1,100,,4234,1380,,,1,100,,4235,1380,,,1,100,,4236,1380,,,1,100,,4237,1380,,,1,100,,4238,1380,,,1,100,,4239,1380,,,1
