4001,'2',638,,3040,2046,,,1,70,,3041,2046,,,1,30,,3042,2046,,,1,70,,3043,2077,,,1,30,,3044,2077,,,1,70,,3045,2077,,,1,30,,3046,2077,,,1,70,,3047,2077,,,1,31,,3048,2108,,,1,70,,3049,2108,,,1,30,,3050,2108,,,1,70,,3051,2108,,,1,32,,3052,2228,,,1,70,,3053,2228,,,1,30,,3054,2228,,,1,70,,3055,2228,,,1,30,,3056,2228,,,1,74,,3057,2498,,,1,30,,3058,2498,,,1,70,,3059,2498,,,1,30,,3060,2498,,,1,67,,3061,2317,,,1,30,,3062,2317,,,1,70,,3063,2317,,,1,28,,3064,2166,,,1,70,,3065,2166,,,1,410,,3066,1984,,,1,30,,3067,1984,,,1
4001,'3',638,,3068,2046,,,1,70,,3069,2046,,,1,30,,3070,2046,,,1,70,,3071,2077,,,1,30,,3072,2077,,,1,70,,3073,2077,,,1,30,,3074,2077,,,1,70,,3075,2077,,,1,31,,3076,2108,,,1,70,,3077,2108,,,1,30,,3078,2108,,,1,70,,3079,2108,,,1,32,,3080,2228,,,1,70,,3081,2228,,,1,30,,3082,2228,,,1,70,,3083,2228,,,1,30,,3084,2228,,,1,74,,3085,2498,,,1,30,,3086,2498,,,1,70,,3087,2498,,,1,30,,3088,2498,,,1,67,,3089,2317,,,1,30,,3090,2317,,,1,70,,3091,2317,,,1,28,,3092,2166,,,1,70,,3093,2166,,,1,410,,3094,1984,,,1,30,,3095,1984,,,1
4001,'4',638,,3096,2046,,,1,70,,3097,2046,,,1,30,,3098,2046,,,1,70,,3099,2077,,,1,30,,3100,2077,,,1,70,,3101,2077,,,1,30,,3102,2077,,,1,70,,3103,2077,,,1,31,,3104,2108,,,1,70,,3105,2108,,,1,30,,3106,2108,,,1,70,,3107,2108,,,1,32,,3108,2228,,,1,70,,3109,2228,,,1,30,,3110,2228,,,1,70,,3111,2228,,,1,30,,3112,2228,,,1,74,,3113,2498,,,1,30,,3114,2498,,,1,70,,3115,2498,,,1,30,,3116,2498,,,1,67,,3117,2317,,,1,30,,3118,2317,,,1,70,,3119,2317,,,1,28,,3120,2166,,,1,70,,3121,2166,,,1,410,,3122,1984,,,1,30,,3123,1984,,,1
4001,'5',638,,3124,2046,,,1,70,,3125,2046,,,1,30,,3126,2046,,,1,70,,3127,2077,,,1,30,,3128,2077,,,1,70,,3129,2077,,,1,30,,3130,2077,,,1,70,,3131,2077,,,1,31,,3132,2108,,,1,70,,3133,2108,,,1,30,,3134,2108,,,1,70,,3135,2108,,,1,32,,3136,2228,,,1,70,,3137,2228,,,1,30,,3138,2228,,,1,70,,3139,2228,,,1,30,,3140,2228,,,1,74,,3141,2498,,,1,30,,3142,2498,,,1,70,,3143,2498,,,1,30,,3144,2498,,,1,67,,3145,2317,,,1,30,,3146,2317,,,1,70,,3147,2317,,,1,28,,3148,2166,,,1,70,,3149,2166,,,1,410,,3150,1984,,,1,30,,3151,1984,,,1
4001,'6',638,,3152,2046,,,1,70,,3153,2046,,,1,30,,3154,2046,,,1,70,,3155,2077,,,1,30,,3156,2077,,,1,70,,3157,2077,,,1,30,,3158,2077,,,1,70,,3159,2077,,,1,31,,3160,2108,,,1,70,,3161,2108,,,1,30,,3162,2108,,,1,70,,3163,2108,,,1,32,,3164,2228,,,1,70,,3165,2228,,,1,30,,3166,2228,,,1,70,,3167,2228,,,1,30,,3168,2228,,,1,74,,3169,2498,,,1,30,,3170,2498,,,1,70,,3171,2498,,,1,30,,3172,2498,,,1,67,,3173,2317,,,1,30,,3174,2317,,,1,70,,3175,2317,,,1,28,,3176,2166,,,1,70,,3177,2166,,,1,410,,3178,1984,,,1,30,,3179,1984,,,1
4001,'9',802,,3180,2166,,,1,100,,3181,2166,,,1,100,,3182,2166,,,1,100,,3183,2166,,,1,101,,3184,2257,,,1,100,,3185,2257,,,1,100,,3186,2257,,,1,100,,3187,2257,,,1,100,,3188,2257,,,1,100,,3189,2257,,,1,100,,3190,2257,,,1,100,,3191,2257,,,1,100,,3192,2257,,,1
6501,'2',655,,4063,2017,,,1,70,,4064,2017,,,1,30,,4065,2017,,,1,71,,4066,2077,,,1,30,,4067,2077,,,1,70,,4068,2077,,,1,30,,4069,2077,,,1,70,,4070,2077,,,1,31,,4071,2108,,,1,70,,4072,2108,,,1,30,,4073,2108,,,1,70,,4074,2108,,,1,29,,4075,2077,,,1,70,,4076,2077,,,1,30,,4077,2077,,,1,70,,4078,2077,,,1,33,,4079,2228,,,1,70,,4080,2228,,,1,30,,4081,2228,,,1,70,,4082,2228,,,1,30,,4083,2228,,,1,68,,4084,2137,,,1,30,,4085,2137,,,1,70,,4086,2137,,,1,29,,4087,2046,,,1,70,,4088,2046,,,1,30,,4089,2046,,,1,70,,4090,2046,,,1,29,,4091,1986,,,1,70,,4092,1986,,,1,30,,4093,1986,,,1,70,,4094,1986,,,1,29,,4095,1926,,,1
6501,'3',655,,4096,2017,,,1,70,,4097,2017,,,1,30,,4098,2017,,,1,71,,4099,2077,,,1,30,,4100,2077,,,1,70,,4101,2077,,,1,30,,4102,2077,,,1,70,,4103,2077,,,1,31,,4104,2108,,,1,70,,4105,2108,,,1,30,,4106,2108,,,1,70,,4107,2108,,,1,29,,4108,2077,,,1,70,,4109,2077,,,1,30,,4110,2077,,,1,70,,4111,2077,,,1,33,,4112,2228,,,1,70,,4113,2228,,,1,30,,4114,2228,,,1,70,,4115,2228,,,1,30,,4116,2228,,,1,68,,4117,2137,,,1,30,,4118,2137,,,1,70,,4119,2137,,,1,29,,4120,2046,,,1,70,,4121,2046,,,1,30,,4122,2046,,,1,70,,4123,2046,,,1,29,,4124,1986,,,1,70,,4125,1986,,,1,30,,4126,1986,,,1,70,,4127,1986,,,1,29,,4128,1926,,,1
6501,'4',655,,4129,2017,,,1,70,,4130,2017,,,1,30,,4131,2017,,,1,71,,4132,2077,,,1,30,,4133,2077,,,1,70,,4134,2077,,,1,30,,4135,2077,,,1,70,,4136,2077,,,1,31,,4137,2108,,,1,70,,4138,2108,,,1,30,,4139,2108,,,1,70,,4140,2108,,,1,29,,4141,2077,,,1,70,,4142,2077,,,1,30,,4143,2077,,,1,70,,4144,2077,,,1,33,,4145,2228,,,1,70,,4146,2228,,,1,30,,4147,2228,,,1,70,,4148,2228,,,1,30,,4149,2228,,,1,68,,4150,2137,,,1,30,,4151,2137,,,1,70,,4152,2137,,,1,29,,4153,2046,,,1,70,,4154,2046,,,1,30,,4155,2046,,,1,70,,4156,2046,,,1,29,,4157,1986,,,1,70,,4158,1986,,,1,30,,4159,1986,,,1,70,,4160,1986,,,1,29,,4161,1926,,,1
6501,'5',655,,4162,2017,,,1,70,,4163,2017,,,1,30,,4164,2017,,,1,71,,4165,2077,,,1,30,,4166,2077,,,1,70,,4167,2077,,,1,30,,4168,2077,,,1,70,,4169,2077,,,1,31,,4170,2108,,,1,70,,4171,2108,,,1,30,,4172,2108,,,1,70,,4173,2108,,,1,29,,4174,2077,,,1,70,,4175,2077,,,1,30,,4176,2077,,,1,70,,4177,2077,,,1,33,,4178,2228,,,1,70,,4179,2228,,,1,30,,4180,2228,,,1,70,,4181,2228,,,1,30,,4182,2228,,,1,68,,4183,2137,,,1,30,,4184,2137,,,1,70,,4185,2137,,,1,29,,4186,2046,,,1,70,,4187,2046,,,1,30,,4188,2046,,,1,70,,4189,2046,,,1,29,,4190,1986,,,1,70,,4191,1986,,,1,30,,4192,1986,,,1,70,,4193,1986,,,1,29,,4194,1926,,,1
6501,'6',655,,4195,2017,,,1,70,,4196,2017,,,1,30,,4197,2017,,,1,71,,4198,2077,,,1,30,,4199,2077,,,1,70,,4200,2077,,,1,30,,4201,2077,,,1,70,,4202,2077,,,1,31,,4203,2108,,,1,70,,4204,2108,,,1,30,,4205,2108,,,1,70,,4206,2108,,,1,29,,4207,2077,,,1,70,,4208,2077,,,1,30,,4209,2077,,,1,70,,4210,2077,,,1,33,,4211,2228,,,1,70,,4212,2228,,,1,30,,4213,2228,,,1,70,,4214,2228,,,1,30,,4215,2228,,,1,68,,4216,2137,,,1,30,,4217,2137,,,1,70,,4218,2137,,,1,29,,4219,2046,,,1,70,,4220,2046,,,1,30,,4221,2046,,,1,70,,4222,2046,,,1,29,,4223,1986,,,1,70,,4224,1986,,,1,30,,4225,1986,,,1,70,,4226,1986,,,1,29,,4227,1926,,,1
6501,'9',832,,4228,1895,,,1,100,,4229,1895,,,1,100,,4230,1895,,,1,102,,4231,2017,,,1,100,,4232,2017,,,1,100,,4233,2017,,,1,100,,4234,2017,,,1,100,,4235,2017,,,1,100,,4236,2017,,,1,100,,4237,2017,,,1,100,,4238,2017,,,1,100,,4239,2017,,,1
8500,'2',616,,4240,1161,,,1,100,,4241,1161,,,1,102,,4242,1315,,,1,100,,4243,1315,,,1,98,,4244,1195,,,1,100,,4245,1195,,,1,100,,4246,1195,,,1,100,,4247,1195,,,1,100,,4248,1195,,,1,104,,4249,1435,,,1,100,,4250,1435,,,1,99,,4251,1375,,,1,100,,4252,1375,,,1,98,,4253,1221,,,1,100,,4254,1221,,,1,98,,4255,1101,,,1,100,,4256,1101,,,1,99,,4257,1068,,,1
8500,'3',616,,4258,1161,,,1,100,,4259,1161,,,1,102,,4260,1315,,,1,100,,4261,1315,,,1,98,,4262,1195,,,1,100,,4263,1195,,,1,100,,4264,1195,,,1,100,,4265,1195,,,1,100,,4266,1195,,,1,104,,4267,1435,,,1,100,,4268,1435,,,1,99,,4269,1375,,,1,100,,4270,1375,,,1,98,,4271,1221,,,1,100,,4272,1221,,,1,98,,4273,1101,,,1,100,,4274,1101,,,1,99,,4275,1068,,,1
8500,'4',616,,4276,1161,,,1,100,,4277,1161,,,1,102,,4278,1315,,,1,100,,4279,1315,,,1,98,,4280,1195,,,1,100,,4281,1195,,,1,100,,4282,1195,,,1,100,,4283,1195,,,1,100,,4284,1195,,,1,104,,4285,1435,,,1,100,,4286,1435,,,1,99,,4287,1375,,,1,100,,4288,1375,,,1,98,,4289,1221,,,1,100,,4290,1221,,,1,98,,4291,1101,,,1,100,,4292,1101,,,1,99,,4293,1068,,,1
8500,'5',616,,4294,1161,,,1,100,,4295,1161,,,1,102,,4296,1315,,,1,100,,4297,1315,,,1,98,,4298,1195,,,1,100,,4299,1195,,,1,100,,4300,1195,,,1,100,,4301,1195,,,1,100,,4302,1195,,,1,104,,4303,1435,,,1,100,,4304,1435,,,1,99,,4305,1375,,,1,100,,4306,1375,,,1,98,,4307,1221,,,1,100,,4308,1221,,,1,98,,4309,1101,,,1,100,,4310,1101,,,1,99,,4311,1068,,,1
8500,'6',616,,4312,1161,,,1,100,,4313,1161,,,1,102,,4314,1315,,,1,100,,4315,1315,,,1,98,,4316,1195,,,1,100,,4317,1195,,,1,100,,4318,1195,,,1,100,,4319,1195,,,1,100,,4320,1195,,,1,104,,4321,1435,,,1,100,,4322,1435,,,1,99,,4323,1375,,,1,100,,4324,1375,,,1,98,,4325,1221,,,1,100,,4326,1221,,,1,98,,4327,1101,,,1,100,,4328,1101,,,1,99,,4329,1068,,,1
8500,'9',827,,4330,1195,,,1,100,,4331,1195,,,1,100,,4332,1195,,,1,101,,4333,1255,,,1,100,,4334,1255,,,1,100,,4335,1255,,,1,100,,4336,1255,,,1,100,,4337,1255,,,1,100,,4338,1255,,,1,100,,4339,1255,,,1,100,,4340,1255,,,1,100,,4341,1255,,,1
