2501,'2',643,,1659,2466,,,1,70,,1660,2466,,,1,30,,1661,2466,,,1,80,,1662,3084,,,1,30,,1663,3084,,,1,70,,1664,3084,,,1,29,,1665,3084,,,1,69,,1666,3084,,,1,29,,1667,3084,,,1,69,,1668,3084,,,1,29,,1669,3084,,,1,69,,1670,3084,,,1,30,,1671,3084,,,1,72,,1672,3243,,,1,29,,1673,3243,,,1,69,,1674,3243,,,1,29,,1675,3243,,,1,74,,1676,3521,,,1,30,,1677,3521,,,1,71,,1678,3521,,,1,31,,1679,3521,,,1,71,,1680,3521,,,1,28,,1681,3324,,,1,71,,1682,3324,,,1,32,,1683,3324,,,1,62,,1684,2763,,,1,30,,1685,2763,,,1,70,,1686,2763,,,1,30,,1687,2763,,,1,66,,1688,2565,,,1,30,,1689,2565,,,1,70,,1690,2565,,,1,30,,1691,2565,,,1,67,,1692,2367,,,1,30,,1693,2367,,,1
2501,'3',643,,1694,2466,,,1,70,,1695,2466,,,1,30,,1696,2466,,,1,80,,1697,3084,,,1,30,,1698,3084,,,1,70,,1699,3084,,,1,29,,1700,3084,,,1,69,,1701,3084,,,1,29,,1702,3084,,,1,69,,1703,3084,,,1,29,,1704,3084,,,1,69,,1705,3084,,,1,30,,1706,3084,,,1,72,,1707,3243,,,1,29,,1708,3243,,,1,69,,1709,3243,,,1,29,,1710,3243,,,1,74,,1711,3521,,,1,30,,1712,3521,,,1,71,,1713,3521,,,1,31,,1714,3521,,,1,71,,1715,3521,,,1,28,,1716,3324,,,1,71,,1717,3324,,,1,32,,1718,3324,,,1,62,,1719,2763,,,1,30,,1720,2763,,,1,70,,1721,2763,,,1,30,,1722,2763,,,1,66,,1723,2565,,,1,30,,1724,2565,,,1,70,,1725,2565,,,1,30,,1726,2565,,,1,67,,1727,2367,,,1,30,,1728,2367,,,1
2501,'4',643,,1729,2466,,,1,70,,1730,2466,,,1,30,,1731,2466,,,1,80,,1732,3084,,,1,30,,1733,3084,,,1,70,,1734,3084,,,1,29,,1735,3084,,,1,69,,1736,3084,,,1,29,,1737,3084,,,1,69,,1738,3084,,,1,29,,1739,3084,,,1,69,,1740,3084,,,1,30,,1741,3084,,,1,72,,1742,3243,,,1,29,,1743,3243,,,1,69,,1744,3243,,,1,29,,1745,3243,,,1,74,,1746,3521,,,1,30,,1747,3521,,,1,71,,1748,3521,,,1,31,,1749,3521,,,1,71,,1750,3521,,,1,28,,1751,3324,,,1,71,,1752,3324,,,1,32,,1753,3324,,,1,62,,1754,2763,,,1,30,,1755,2763,,,1,70,,1756,2763,,,1,30,,1757,2763,,,1,66,,1758,2565,,,1,30,,1759,2565,,,1,70,,1760,2565,,,1,30,,1761,2565,,,1,67,,1762,2367,,,1,30,,1763,2367,,,1
2501,'5',643,,1764,2466,,,1,70,,1765,2466,,,1,30,,1766,2466,,,1,80,,1767,3084,,,1,30,,1768,3084,,,1,70,,1769,3084,,,1,29,,1770,3084,,,1,69,,1771,3084,,,1,29,,1772,3084,,,1,69,,1773,3084,,,1,29,,1774,3084,,,1,69,,1775,3084,,,1,30,,1776,3084,,,1,72,,1777,3243,,,1,29,,1778,3243,,,1,69,,1779,3243,,,1,29,,1780,3243,,,1,74,,1781,3521,,,1,30,,1782,3521,,,1,71,,1783,3521,,,1,31,,1784,3521,,,1,71,,1785,3521,,,1,28,,1786,3324,,,1,71,,1787,3324,,,1,32,,1788,3324,,,1,62,,1789,2763,,,1,30,,1790,2763,,,1,70,,1791,2763,,,1,30,,1792,2763,,,1,66,,1793,2565,,,1,30,,1794,2565,,,1,70,,1795,2565,,,1,30,,1796,2565,,,1,67,,1797,2367,,,1,30,,1798,2367,,,1
2501,'6',643,,1799,2466,,,1,70,,1800,2466,,,1,30,,1801,2466,,,1,80,,1802,3084,,,1,30,,1803,3084,,,1,70,,1804,3084,,,1,29,,1805,3084,,,1,69,,1806,3084,,,1,29,,1807,3084,,,1,69,,1808,3084,,,1,29,,1809,3084,,,1,69,,1810,3084,,,1,30,,1811,3084,,,1,72,,1812,3243,,,1,29,,1813,3243,,,1,69,,1814,3243,,,1,29,,1815,3243,,,1,74,,1816,3521,,,1,30,,1817,3521,,,1,71,,1818,3521,,,1,31,,1819,3521,,,1,71,,1820,3521,,,1,28,,1821,3324,,,1,71,,1822,3324,,,1,32,,1823,3324,,,1,62,,1824,2763,,,1,30,,1825,2763,,,1,70,,1826,2763,,,1,30,,1827,2763,,,1,66,,1828,2565,,,1,30,,1829,2565,,,1,70,,1830,2565,,,1,30,,1831,2565,,,1,67,,1832,2367,,,1,30,,1833,2367,,,1
2501,'9',844,,1834,2427,,,1,71,,1835,2427,,,1,31,,1836,2427,,,1,70,,1837,2427,,,1,30,,1838,2427,,,1,70,,1839,2427,,,1,33,,1840,2625,,,1,70,,1841,2625,,,1,30,,1842,2625,,,1,70,,1843,2625,,,1,30,,1844,2625,,,1,70,,1845,2625,,,1,30,,1846,2625,,,1,70,,1847,2625,,,1,31,,1848,2685,,,1,70,,1849,2685,,,1,30,,1850,2685,,,1,70,,1851,2685,,,1,30,,1852,2685,,,1,70,,1853,2685,,,1,30,,1854,2685,,,1,100,,1855,2685,,,1
9201,'2',619,,4489,1970,,,1,94,,4490,1970,,,1,30,,4491,1970,,,1,98,,4492,2030,,,1,69,,4493,2030,,,1,94,,4494,2030,,,1,653,,4495,2030,,,1,71,,4496,2030,,,1,104,,4497,2030,,,1,88,,4498,1914,,,1
9201,'3',619,,4499,1970,,,1,94,,4500,1970,,,1,30,,4501,1970,,,1,98,,4502,2030,,,1,69,,4503,2030,,,1,94,,4504,2030,,,1,653,,4505,2030,,,1,71,,4506,2030,,,1,104,,4507,2030,,,1,88,,4508,1914,,,1
9201,'4',619,,4509,1970,,,1,94,,4510,1970,,,1,30,,4511,1970,,,1,98,,4512,2030,,,1,69,,4513,2030,,,1,94,,4514,2030,,,1,653,,4515,2030,,,1,71,,4516,2030,,,1,104,,4517,2030,,,1,88,,4518,1914,,,1
9201,'5',619,,4519,1970,,,1,94,,4520,1970,,,1,30,,4521,1970,,,1,98,,4522,2030,,,1,69,,4523,2030,,,1,94,,4524,2030,,,1,653,,4525,2030,,,1,71,,4526,2030,,,1,104,,4527,2030,,,1,88,,4528,1914,,,1
9201,'6',619,,4529,1970,,,1,94,,4530,1970,,,1,30,,4531,1970,,,1,98,,4532,2030,,,1,69,,4533,2030,,,1,94,,4534,2030,,,1,653,,4535,2030,,,1,71,,4536,2030,,,1,104,,4537,2030,,,1,88,,4538,1914,,,1
