1000,'2',614,,1,,,1,15,,2,,,1,15,,3,,,1,15,,4,,,1,55,,5,,,1,15,,6,,,1,16,,7,,,1,55,,8,,,1,15,,9,,,1,15,,10,,,1,15,,11,,,1,55,,12,,,1,15,,13,,,1,15,,14,,,1,15,,15,,,1,55,,16,,,1,15,,17,,,1,15,,18,,,1,15,,19,,,1,55,,20,,,1,15,,21,,,1,15,,22,,,1,15,,23,,,1,55,,24,,,1,15,,25,,,1,15,,26,,,1,15,,27,,,1,55,,28,,,1,15,,29,,,1,15,,30,,,1,15,,31,,,1,55,,32,,,1,15,,33,,,1,18,,34,,,1,16,,35,,,1,56,,36,,,1,16,,37,,,1,16,,38,,,1,16,,39,,,1,56,,40,,,1,16,,41,,,1,16,,42,,,1,13,,43,,,1,56,,44,,,1,16,,45,,,1,16,,46,,,1,16,,47,,,1,56,,48,,,1,16,,49,,,1,15,,50,,,1,55,,51,,,1,15,,52,,,1,30,,53,,,1,69,,54,,,1,30,,55,,,1,70,,56,,,1,30,,57,,,1,69,,58,,,1,100,,59,,,1
1000,'3',614,,60,,,1,15,,61,,,1,15,,62,,,1,15,,63,,,1,55,,64,,,1,15,,65,,,1,16,,66,,,1,55,,67,,,1,15,,68,,,1,15,,69,,,1,15,,70,,,1,55,,71,,,1,15,,72,,,1,15,,73,,,1,15,,74,,,1,55,,75,,,1,15,,76,,,1,15,,77,,,1,15,,78,,,1,55,,79,,,1,15,,80,,,1,15,,81,,,1,15,,82,,,1,55,,83,,,1,15,,84,,,1,15,,85,,,1,15,,86,,,1,55,,87,,,1,15,,88,,,1,15,,89,,,1,15,,90,,,1,55,,91,,,1,15,,92,,,1,18,,93,,,1,16,,94,,,1,56,,95,,,1,16,,96,,,1,16,,97,,,1,16,,98,,,1,56,,99,,,1,16,,100,,,1,16,,101,,,1,13,,102,,,1,56,,103,,,1,16,,104,,,1,16,,105,,,1,16,,106,,,1,56,,107,,,1,16,,108,,,1,15,,109,,,1,55,,110,,,1,15,,111,,,1,30,,112,,,1,69,,113,,,1,30,,114,,,1,70,,115,,,1,30,,116,,,1,69,,117,,,1,100,,118,,,1
1000,'4',614,,119,,,1,15,,120,,,1,15,,121,,,1,15,,122,,,1,55,,123,,,1,15,,124,,,1,16,,125,,,1,55,,126,,,1,15,,127,,,1,15,,128,,,1,15,,129,,,1,55,,130,,,1,15,,131,,,1,15,,132,,,1,15,,133,,,1,55,,134,,,1,15,,135,,,1,15,,136,,,1,15,,137,,,1,55,,138,,,1,15,,139,,,1,15,,140,,,1,15,,141,,,1,55,,142,,,1,15,,143,,,1,15,,144,,,1,15,,145,,,1,55,,146,,,1,15,,147,,,1,15,,148,,,1,15,,149,,,1,55,,150,,,1,15,,151,,,1,18,,152,,,1,16,,153,,,1,56,,154,,,1,16,,155,,,1,16,,156,,,1,16,,157,,,1,56,,158,,,1,16,,159,,,1,16,,160,,,1,13,,161,,,1,56,,162,,,1,16,,163,,,1,16,,164,,,1,16,,165,,,1,56,,166,,,1,16,,167,,,1,15,,168,,,1,55,,169,,,1,15,,170,,,1,30,,171,,,1,69,,172,,,1,30,,173,,,1,70,,174,,,1,30,,175,,,1,69,,176,,,1,100,,177,,,1
1000,'5',614,,178,,,1,15,,179,,,1,15,,180,,,1,15,,181,,,1,55,,182,,,1,15,,183,,,1,16,,184,,,1,55,,185,,,1,15,,186,,,1,15,,187,,,1,15,,188,,,1,55,,189,,,1,15,,190,,,1,15,,191,,,1,15,,192,,,1,55,,193,,,1,15,,194,,,1,15,,195,,,1,15,,196,,,1,55,,197,,,1,15,,198,,,1,15,,199,,,1,15,,200,,,1,55,,201,,,1,15,,202,,,1,15,,203,,,1,15,,204,,,1,55,,205,,,1,15,,206,,,1,15,,207,,,1,15,,208,,,1,55,,209,,,1,15,,210,,,1,18,,211,,,1,16,,212,,,1,56,,213,,,1,16,,214,,,1,16,,215,,,1,16,,216,,,1,56,,217,,,1,16,,218,,,1,16,,219,,,1,13,,220,,,1,56,,221,,,1,16,,222,,,1,16,,223,,,1,16,,224,,,1,56,,225,,,1,16,,226,,,1,15,,227,,,1,55,,228,,,1,15,,229,,,1,30,,230,,,1,69,,231,,,1,30,,232,,,1,70,,233,,,1,30,,234,,,1,69,,235,,,1,100,,236,,,1
1000,'6',614,,237,,,1,15,,238,,,1,15,,239,,,1,15,,240,,,1,55,,241,,,1,15,,242,,,1,16,,243,,,1,55,,244,,,1,15,,245,,,1,15,,246,,,1,15,,247,,,1,55,,248,,,1,15,,249,,,1,15,,250,,,1,15,,251,,,1,55,,252,,,1,15,,253,,,1,15,,254,,,1,15,,255,,,1,55,,256,,,1,15,,257,,,1,15,,258,,,1,15,,259,,,1,55,,260,,,1,15,,261,,,1,15,,262,,,1,15,,263,,,1,55,,264,,,1,15,,265,,,1,15,,266,,,1,15,,267,,,1,55,,268,,,1,15,,269,,,1,18,,270,,,1,16,,271,,,1,56,,272,,,1,16,,273,,,1,16,,274,,,1,16,,275,,,1,56,,276,,,1,16,,277,,,1,16,,278,,,1,13,,279,,,1,56,,280,,,1,16,,281,,,1,16,,282,,,1,16,,283,,,1,56,,284,,,1,16,,285,,,1,15,,286,,,1,55,,287,,,1,15,,288,,,1,30,,289,,,1,69,,290,,,1,30,,291,,,1,70,,292,,,1,30,,293,,,1,69,,294,,,1,100,,295,,,1
1000,'9',810,,296,,,1,30,,297,,,1,70,,298,,,1,30,,299,,,1,70,,300,,,1,30,,301,,,1,70,,302,,,1,30,,303,,,1,70,,304,,,1,30,,305,,,1,70,,306,,,1,30,,307,,,1,70,,308,,,1,30,,309,,,1,70,,310,,,1,30,,311,,,1,70,,312,,,1,30,,313,,,1,70,,314,,,1,30,,315,,,1,70,,316,,,1,30,,317,,,1,100,,318,,,1
8500,'2',606,,4240,,,1,100,,4241,,,1,101,,4242,,,1,100,,4243,,,1,99,,4244,,,1,100,,4245,,,1,100,,4246,,,1,99,,4247,,,1,100,,4248,,,1,103,,4249,,,1,100,,4250,,,1,99,,4251,,,1,100,,4252,,,1,99,,4253,,,1,100,,4254,,,1,99,,4255,,,1,100,,4256,,,1,100,,4257,,,1
8500,'3',606,,4258,,,1,100,,4259,,,1,101,,4260,,,1,100,,4261,,,1,99,,4262,,,1,100,,4263,,,1,100,,4264,,,1,99,,4265,,,1,100,,4266,,,1,103,,4267,,,1,100,,4268,,,1,99,,4269,,,1,100,,4270,,,1,99,,4271,,,1,100,,4272,,,1,99,,4273,,,1,100,,4274,,,1,100,,4275,,,1
8500,'4',606,,4276,,,1,100,,4277,,,1,101,,4278,,,1,100,,4279,,,1,99,,4280,,,1,100,,4281,,,1,100,,4282,,,1,99,,4283,,,1,100,,4284,,,1,103,,4285,,,1,100,,4286,,,1,99,,4287,,,1,100,,4288,,,1,99,,4289,,,1,100,,4290,,,1,99,,4291,,,1,100,,4292,,,1,100,,4293,,,1
8500,'5',606,,4294,,,1,100,,4295,,,1,101,,4296,,,1,100,,4297,,,1,99,,4298,,,1,100,,4299,,,1,100,,4300,,,1,99,,4301,,,1,100,,4302,,,1,103,,4303,,,1,100,,4304,,,1,99,,4305,,,1,100,,4306,,,1,99,,4307,,,1,100,,4308,,,1,99,,4309,,,1,100,,4310,,,1,100,,4311,,,1
8500,'6',606,,4312,,,1,100,,4313,,,1,101,,4314,,,1,100,,4315,,,1,99,,4316,,,1,100,,4317,,,1,100,,4318,,,1,99,,4319,,,1,100,,4320,,,1,103,,4321,,,1,100,,4322,,,1,99,,4323,,,1,100,,4324,,,1,99,,4325,,,1,100,,4326,,,1,99,,4327,,,1,100,,4328,,,1,100,,4329,,,1
8500,'9',816,,4330,,,1,100,,4331,,,1,100,,4332,,,1,101,,4333,,,1,100,,4334,,,1,100,,4335,,,1,100,,4336,,,1,100,,4337,,,1,100,,4338,,,1,100,,4339,,,1,100,,4340,,,1,100,,4341,,,1
