4001,'2',615,,3040,679,,,1,30,,3041,679,,,1,70,,3042,679,,,1,30,,3043,679,,,1,70,,3044,679,,,1,30,,3045,679,,,1,70,,3046,679,,,1,30,,3047,679,,,1,70,,3048,679,,,1,30,,3049,679,,,1,70,,3050,679,,,1,30,,3051,679,,,1,71,,3052,739,,,1,30,,3053,739,,,1,70,,3054,739,,,1,30,,3055,739,,,1,70,,3056,739,,,1,32,,3057,863,,,1,70,,3058,863,,,1,30,,3059,863,,,1,70,,3060,863,,,1,29,,3061,803,,,1,70,,3062,803,,,1,30,,3063,803,,,1,69,,3064,739,,,1,30,,3065,739,,,1,413,,3066,739,,,1,70,,3067,739,,,1
4001,'3',615,,3068,679,,,1,30,,3069,679,,,1,70,,3070,679,,,1,30,,3071,679,,,1,70,,3072,679,,,1,30,,3073,679,,,1,70,,3074,679,,,1,30,,3075,679,,,1,70,,3076,679,,,1,30,,3077,679,,,1,70,,3078,679,,,1,30,,3079,679,,,1,71,,3080,739,,,1,30,,3081,739,,,1,70,,3082,739,,,1,30,,3083,739,,,1,70,,3084,739,,,1,32,,3085,863,,,1,70,,3086,863,,,1,30,,3087,863,,,1,70,,3088,863,,,1,29,,3089,803,,,1,70,,3090,803,,,1,30,,3091,803,,,1,69,,3092,739,,,1,30,,3093,739,,,1,413,,3094,739,,,1,70,,3095,739,,,1
4001,'4',615,,3096,679,,,1,30,,3097,679,,,1,70,,3098,679,,,1,30,,3099,679,,,1,70,,3100,679,,,1,30,,3101,679,,,1,70,,3102,679,,,1,30,,3103,679,,,1,70,,3104,679,,,1,30,,3105,679,,,1,70,,3106,679,,,1,30,,3107,679,,,1,71,,3108,739,,,1,30,,3109,739,,,1,70,,3110,739,,,1,30,,3111,739,,,1,70,,3112,739,,,1,32,,3113,863,,,1,70,,3114,863,,,1,30,,3115,863,,,1,70,,3116,863,,,1,29,,3117,803,,,1,70,,3118,803,,,1,30,,3119,803,,,1,69,,3120,739,,,1,30,,3121,739,,,1,413,,3122,739,,,1,70,,3123,739,,,1
4001,'5',615,,3124,679,,,1,30,,3125,679,,,1,70,,3126,679,,,1,30,,3127,679,,,1,70,,3128,679,,,1,30,,3129,679,,,1,70,,3130,679,,,1,30,,3131,679,,,1,70,,3132,679,,,1,30,,3133,679,,,1,70,,3134,679,,,1,30,,3135,679,,,1,71,,3136,739,,,1,30,,3137,739,,,1,70,,3138,739,,,1,30,,3139,739,,,1,70,,3140,739,,,1,32,,3141,863,,,1,70,,3142,863,,,1,30,,3143,863,,,1,70,,3144,863,,,1,29,,3145,803,,,1,70,,3146,803,,,1,30,,3147,803,,,1,69,,3148,739,,,1,30,,3149,739,,,1,413,,3150,739,,,1,70,,3151,739,,,1
4001,'6',615,,3152,679,,,1,30,,3153,679,,,1,70,,3154,679,,,1,30,,3155,679,,,1,70,,3156,679,,,1,30,,3157,679,,,1,70,,3158,679,,,1,30,,3159,679,,,1,70,,3160,679,,,1,30,,3161,679,,,1,70,,3162,679,,,1,30,,3163,679,,,1,71,,3164,739,,,1,30,,3165,739,,,1,70,,3166,739,,,1,30,,3167,739,,,1,70,,3168,739,,,1,32,,3169,863,,,1,70,,3170,863,,,1,30,,3171,863,,,1,70,,3172,863,,,1,29,,3173,803,,,1,70,,3174,803,,,1,30,,3175,803,,,1,69,,3176,739,,,1,30,,3177,739,,,1,413,,3178,739,,,1,70,,3179,739,,,1
4001,'9',738,,3180,739,,,1,100,,3181,739,,,1,100,,3182,739,,,1,100,,3183,739,,,1,100,,3184,743,,,1,100,,3185,743,,,1,100,,3186,743,,,1,100,,3187,743,,,1,100,,3188,743,,,1,100,,3189,743,,,1,100,,3190,743,,,1,100,,3191,743,,,1,100,,3192,743,,,1
6500,'2',631,,3886,739,,,1,70,,3887,739,,,1,30,,3888,739,,,1,70,,3889,739,,,1,30,,3890,739,,,1,70,,3891,739,,,1,30,,3892,739,,,1,70,,3893,739,,,1,29,,3894,679,,,1,70,,3895,679,,,1,30,,3896,679,,,1,70,,3897,679,,,1,31,,3898,739,,,1,70,,3899,739,,,1,30,,3900,739,,,1,70,,3901,739,,,1,30,,3902,739,,,1,71,,3903,803,,,1,30,,3904,803,,,1,70,,3905,803,,,1,30,,3906,803,,,1,70,,3907,803,,,1,30,,3908,803,,,1,70,,3909,803,,,1,29,,3910,743,,,1,70,,3911,743,,,1,30,,3912,743,,,1,70,,3913,743,,,1,29,,3914,679,,,1,70,,3915,679,,,1,30,,3916,679,,,1,70,,3917,679,,,1,30,,3918,679,,,1
6500,'3',631,,3919,739,,,1,70,,3920,739,,,1,30,,3921,739,,,1,70,,3922,739,,,1,30,,3923,739,,,1,70,,3924,739,,,1,30,,3925,739,,,1,70,,3926,739,,,1,29,,3927,679,,,1,70,,3928,679,,,1,30,,3929,679,,,1,70,,3930,679,,,1,31,,3931,739,,,1,70,,3932,739,,,1,30,,3933,739,,,1,70,,3934,739,,,1,30,,3935,739,,,1,71,,3936,803,,,1,30,,3937,803,,,1,70,,3938,803,,,1,30,,3939,803,,,1,70,,3940,803,,,1,30,,3941,803,,,1,70,,3942,803,,,1,29,,3943,743,,,1,70,,3944,743,,,1,30,,3945,743,,,1,70,,3946,743,,,1,29,,3947,679,,,1,70,,3948,679,,,1,30,,3949,679,,,1,70,,3950,679,,,1,30,,3951,679,,,1
6500,'4',631,,3952,739,,,1,70,,3953,739,,,1,30,,3954,739,,,1,70,,3955,739,,,1,30,,3956,739,,,1,70,,3957,739,,,1,30,,3958,739,,,1,70,,3959,739,,,1,29,,3960,679,,,1,70,,3961,679,,,1,30,,3962,679,,,1,70,,3963,679,,,1,31,,3964,739,,,1,70,,3965,739,,,1,30,,3966,739,,,1,70,,3967,739,,,1,30,,3968,739,,,1,71,,3969,803,,,1,30,,3970,803,,,1,70,,3971,803,,,1,30,,3972,803,,,1,70,,3973,803,,,1,30,,3974,803,,,1,70,,3975,803,,,1,29,,3976,743,,,1,70,,3977,743,,,1,30,,3978,743,,,1,70,,3979,743,,,1,29,,3980,679,,,1,70,,3981,679,,,1,30,,3982,679,,,1,70,,3983,679,,,1,30,,3984,679,,,1
6500,'5',631,,3985,739,,,1,70,,3986,739,,,1,30,,3987,739,,,1,70,,3988,739,,,1,30,,3989,739,,,1,70,,3990,739,,,1,30,,3991,739,,,1,70,,3992,739,,,1,29,,3993,679,,,1,70,,3994,679,,,1,30,,3995,679,,,1,70,,3996,679,,,1,31,,3997,739,,,1,70,,3998,739,,,1,30,,3999,739,,,1,70,,4000,739,,,1,30,,4001,739,,,1,71,,4002,803,,,1,30,,4003,803,,,1,70,,4004,803,,,1,30,,4005,803,,,1,70,,4006,803,,,1,30,,4007,803,,,1,70,,4008,803,,,1,29,,4009,743,,,1,70,,4010,743,,,1,30,,4011,743,,,1,70,,4012,743,,,1,29,,4013,679,,,1,70,,4014,679,,,1,30,,4015,679,,,1,70,,4016,679,,,1,30,,4017,679,,,1
6500,'6',631,,4018,739,,,1,70,,4019,739,,,1,30,,4020,739,,,1,70,,4021,739,,,1,30,,4022,739,,,1,70,,4023,739,,,1,30,,4024,739,,,1,70,,4025,739,,,1,29,,4026,679,,,1,70,,4027,679,,,1,30,,4028,679,,,1,70,,4029,679,,,1,31,,4030,739,,,1,70,,4031,739,,,1,30,,4032,739,,,1,70,,4033,739,,,1,30,,4034,739,,,1,71,,4035,803,,,1,30,,4036,803,,,1,70,,4037,803,,,1,30,,4038,803,,,1,70,,4039,803,,,1,30,,4040,803,,,1,70,,4041,803,,,1,29,,4042,743,,,1,70,,4043,743,,,1,30,,4044,743,,,1,70,,4045,743,,,1,29,,4046,679,,,1,70,,4047,679,,,1,30,,4048,679,,,1,70,,4049,679,,,1,30,,4050,679,,,1
6500,'9',809,,4051,679,,,1,100,,4052,679,,,1,100,,4053,679,,,1,100,,4054,679,,,1,101,,4055,739,,,1,100,,4056,739,,,1,100,,4057,739,,,1,100,,4058,739,,,1,101,,4059,803,,,1,100,,4060,803,,,1,100,,4061,803,,,1,100,,4062,803,,,1
