5500,'2',548,,3537,43,,,1,70,,3538,43,,,1,30,,3539,43,,,1,69,,3540,43,,,1,29,,3541,43,,,1,70,,3542,43,,,1,30,,3543,43,,,1,70,,3544,43,,,1,30,,3545,43,,,1,70,,3546,51,,,1,30,,3547,51,,,1,70,,3548,51,,,1,29,,3549,51,,,1,69,,3550,51,,,1,29,,3551,51,,,1,69,,3552,51,,,1,30,,3553,51,,,1,68,,3554,51,,,1,29,,3555,60,,,1,69,,3556,60,,,1,30,,3557,60,,,1,71,,3558,60,,,1,31,,3559,69,,,1,71,,3560,69,,,1,31,,3561,69,,,1,69,,3562,51,,,1,30,,3563,51,,,1,70,,3564,51,,,1,30,,3565,51,,,1,70,,3566,43,,,1,30,,3567,43,,,1,70,,3568,43,,,1,30,,3569,43,,,1
5500,'3',548,,3570,43,,,1,70,,3571,43,,,1,30,,3572,43,,,1,69,,3573,43,,,1,29,,3574,43,,,1,70,,3575,43,,,1,30,,3576,43,,,1,70,,3577,43,,,1,30,,3578,43,,,1,70,,3579,51,,,1,30,,3580,51,,,1,70,,3581,51,,,1,29,,3582,51,,,1,69,,3583,51,,,1,29,,3584,51,,,1,69,,3585,51,,,1,30,,3586,51,,,1,68,,3587,51,,,1,29,,3588,60,,,1,69,,3589,60,,,1,30,,3590,60,,,1,71,,3591,60,,,1,31,,3592,69,,,1,71,,3593,69,,,1,31,,3594,69,,,1,69,,3595,51,,,1,30,,3596,51,,,1,70,,3597,51,,,1,30,,3598,51,,,1,70,,3599,43,,,1,30,,3600,43,,,1,70,,3601,43,,,1,30,,3602,43,,,1
5500,'4',548,,3603,43,,,1,70,,3604,43,,,1,30,,3605,43,,,1,69,,3606,43,,,1,29,,3607,43,,,1,70,,3608,43,,,1,30,,3609,43,,,1,70,,3610,43,,,1,30,,3611,43,,,1,70,,3612,51,,,1,30,,3613,51,,,1,70,,3614,51,,,1,29,,3615,51,,,1,69,,3616,51,,,1,29,,3617,51,,,1,69,,3618,51,,,1,30,,3619,51,,,1,68,,3620,51,,,1,29,,3621,60,,,1,69,,3622,60,,,1,30,,3623,60,,,1,71,,3624,60,,,1,31,,3625,69,,,1,71,,3626,69,,,1,31,,3627,69,,,1,69,,3628,51,,,1,30,,3629,51,,,1,70,,3630,51,,,1,30,,3631,51,,,1,70,,3632,43,,,1,30,,3633,43,,,1,70,,3634,43,,,1,30,,3635,43,,,1
5500,'5',548,,3636,43,,,1,70,,3637,43,,,1,30,,3638,43,,,1,69,,3639,43,,,1,29,,3640,43,,,1,70,,3641,43,,,1,30,,3642,43,,,1,70,,3643,43,,,1,30,,3644,43,,,1,70,,3645,51,,,1,30,,3646,51,,,1,70,,3647,51,,,1,29,,3648,51,,,1,69,,3649,51,,,1,29,,3650,51,,,1,69,,3651,51,,,1,30,,3652,51,,,1,68,,3653,51,,,1,29,,3654,60,,,1,69,,3655,60,,,1,30,,3656,60,,,1,71,,3657,60,,,1,31,,3658,69,,,1,71,,3659,69,,,1,31,,3660,69,,,1,69,,3661,51,,,1,30,,3662,51,,,1,70,,3663,51,,,1,30,,3664,51,,,1,70,,3665,43,,,1,30,,3666,43,,,1,70,,3667,43,,,1,30,,3668,43,,,1
5500,'6',548,,3669,43,,,1,70,,3670,43,,,1,30,,3671,43,,,1,69,,3672,43,,,1,29,,3673,43,,,1,70,,3674,43,,,1,30,,3675,43,,,1,70,,3676,43,,,1,30,,3677,43,,,1,70,,3678,51,,,1,30,,3679,51,,,1,70,,3680,51,,,1,29,,3681,51,,,1,69,,3682,51,,,1,29,,3683,51,,,1,69,,3684,51,,,1,30,,3685,51,,,1,68,,3686,51,,,1,29,,3687,60,,,1,69,,3688,60,,,1,30,,3689,60,,,1,71,,3690,60,,,1,31,,3691,69,,,1,71,,3692,69,,,1,31,,3693,69,,,1,69,,3694,51,,,1,30,,3695,51,,,1,70,,3696,51,,,1,30,,3697,51,,,1,70,,3698,43,,,1,30,,3699,43,,,1,70,,3700,43,,,1,30,,3701,43,,,1
5500,'9',752,,3702,43,,,1,100,,3703,43,,,1,100,,3704,43,,,1,100,,3705,43,,,1,101,,3706,60,,,1,100,,3707,60,,,1,100,,3708,60,,,1,100,,3709,60,,,1,100,,3710,60,,,1,100,,3711,60,,,1,100,,3712,60,,,1,100,,3713,60,,,1
8501,'2',613,,4342,584,,,1,100,,4343,584,,,1,102,,4344,713,,,1,100,,4345,713,,,1,100,,4346,713,,,1,100,,4347,713,,,1,100,,4348,713,,,1,100,,4349,713,,,1,100,,4350,713,,,1,101,,4351,778,,,1,100,,4352,778,,,1,101,,4353,782,,,1,99,,4354,773,,,1,100,,4355,773,,,1,99,,4356,704,,,1,100,,4357,704,,,1,99,,4358,640,,,1,100,,4359,640,,,1
8501,'3',613,,4360,584,,,1,100,,4361,584,,,1,102,,4362,713,,,1,100,,4363,713,,,1,100,,4364,713,,,1,100,,4365,713,,,1,100,,4366,713,,,1,100,,4367,713,,,1,100,,4368,713,,,1,101,,4369,778,,,1,100,,4370,778,,,1,101,,4371,782,,,1,99,,4372,773,,,1,100,,4373,773,,,1,99,,4374,704,,,1,100,,4375,704,,,1,99,,4376,640,,,1,100,,4377,640,,,1
8501,'4',613,,4378,584,,,1,100,,4379,584,,,1,102,,4380,713,,,1,100,,4381,713,,,1,100,,4382,713,,,1,100,,4383,713,,,1,100,,4384,713,,,1,100,,4385,713,,,1,100,,4386,713,,,1,101,,4387,778,,,1,100,,4388,778,,,1,101,,4389,782,,,1,99,,4390,773,,,1,100,,4391,773,,,1,99,,4392,704,,,1,100,,4393,704,,,1,99,,4394,640,,,1,100,,4395,640,,,1
8501,'5',613,,4396,584,,,1,100,,4397,584,,,1,102,,4398,713,,,1,100,,4399,713,,,1,100,,4400,713,,,1,100,,4401,713,,,1,100,,4402,713,,,1,100,,4403,713,,,1,100,,4404,713,,,1,101,,4405,778,,,1,100,,4406,778,,,1,101,,4407,782,,,1,99,,4408,773,,,1,100,,4409,773,,,1,99,,4410,704,,,1,100,,4411,704,,,1,99,,4412,640,,,1,100,,4413,640,,,1
8501,'6',613,,4414,584,,,1,100,,4415,584,,,1,102,,4416,713,,,1,100,,4417,713,,,1,100,,4418,713,,,1,100,,4419,713,,,1,100,,4420,713,,,1,100,,4421,713,,,1,100,,4422,713,,,1,101,,4423,778,,,1,100,,4424,778,,,1,101,,4425,782,,,1,99,,4426,773,,,1,100,,4427,773,,,1,99,,4428,704,,,1,100,,4429,704,,,1,99,,4430,640,,,1,100,,4431,640,,,1
8501,'9',819,,4432,649,,,1,100,,4433,649,,,1,100,,4434,649,,,1,101,,4435,713,,,1,100,,4436,713,,,1,100,,4437,713,,,1,100,,4438,713,,,1,102,,4439,833,,,1,100,,4440,833,,,1,100,,4441,833,,,1,100,,4442,833,,,1,100,,4443,833,,,1
