4001,'2',620,,3040,993,,,1,30,,3041,993,,,1,70,,3042,993,,,1,30,,3043,993,,,1,70,,3044,993,,,1,30,,3045,993,,,1,70,,3046,993,,,1,30,,3047,993,,,1,70,,3048,993,,,1,30,,3049,993,,,1,70,,3050,993,,,1,30,,3051,993,,,1,71,,3052,1053,,,1,30,,3053,1053,,,1,70,,3054,1053,,,1,30,,3055,1053,,,1,70,,3056,1053,,,1,33,,3057,1229,,,1,70,,3058,1229,,,1,30,,3059,1229,,,1,70,,3060,1229,,,1,29,,3061,1169,,,1,70,,3062,1169,,,1,30,,3063,1169,,,1,68,,3064,1053,,,1,30,,3065,1053,,,1,453,,3066,1053,,,1,30,,3067,1053,,,1
4001,'3',620,,3068,993,,,1,30,,3069,993,,,1,70,,3070,993,,,1,30,,3071,993,,,1,70,,3072,993,,,1,30,,3073,993,,,1,70,,3074,993,,,1,30,,3075,993,,,1,70,,3076,993,,,1,30,,3077,993,,,1,70,,3078,993,,,1,30,,3079,993,,,1,71,,3080,1053,,,1,30,,3081,1053,,,1,70,,3082,1053,,,1,30,,3083,1053,,,1,70,,3084,1053,,,1,33,,3085,1229,,,1,70,,3086,1229,,,1,30,,3087,1229,,,1,70,,3088,1229,,,1,29,,3089,1169,,,1,70,,3090,1169,,,1,30,,3091,1169,,,1,68,,3092,1053,,,1,30,,3093,1053,,,1,453,,3094,1053,,,1,30,,3095,1053,,,1
4001,'4',620,,3096,993,,,1,30,,3097,993,,,1,70,,3098,993,,,1,30,,3099,993,,,1,70,,3100,993,,,1,30,,3101,993,,,1,70,,3102,993,,,1,30,,3103,993,,,1,70,,3104,993,,,1,30,,3105,993,,,1,70,,3106,993,,,1,30,,3107,993,,,1,71,,3108,1053,,,1,30,,3109,1053,,,1,70,,3110,1053,,,1,30,,3111,1053,,,1,70,,3112,1053,,,1,33,,3113,1229,,,1,70,,3114,1229,,,1,30,,3115,1229,,,1,70,,3116,1229,,,1,29,,3117,1169,,,1,70,,3118,1169,,,1,30,,3119,1169,,,1,68,,3120,1053,,,1,30,,3121,1053,,,1,453,,3122,1053,,,1,30,,3123,1053,,,1
4001,'5',620,,3124,993,,,1,30,,3125,993,,,1,70,,3126,993,,,1,30,,3127,993,,,1,70,,3128,993,,,1,30,,3129,993,,,1,70,,3130,993,,,1,30,,3131,993,,,1,70,,3132,993,,,1,30,,3133,993,,,1,70,,3134,993,,,1,30,,3135,993,,,1,71,,3136,1053,,,1,30,,3137,1053,,,1,70,,3138,1053,,,1,30,,3139,1053,,,1,70,,3140,1053,,,1,33,,3141,1229,,,1,70,,3142,1229,,,1,30,,3143,1229,,,1,70,,3144,1229,,,1,29,,3145,1169,,,1,70,,3146,1169,,,1,30,,3147,1169,,,1,68,,3148,1053,,,1,30,,3149,1053,,,1,453,,3150,1053,,,1,30,,3151,1053,,,1
4001,'6',620,,3152,993,,,1,30,,3153,993,,,1,70,,3154,993,,,1,30,,3155,993,,,1,70,,3156,993,,,1,30,,3157,993,,,1,70,,3158,993,,,1,30,,3159,993,,,1,70,,3160,993,,,1,30,,3161,993,,,1,70,,3162,993,,,1,30,,3163,993,,,1,71,,3164,1053,,,1,30,,3165,1053,,,1,70,,3166,1053,,,1,30,,3167,1053,,,1,70,,3168,1053,,,1,33,,3169,1229,,,1,70,,3170,1229,,,1,30,,3171,1229,,,1,70,,3172,1229,,,1,29,,3173,1169,,,1,70,,3174,1169,,,1,30,,3175,1169,,,1,68,,3176,1053,,,1,30,,3177,1053,,,1,453,,3178,1053,,,1,30,,3179,1053,,,1
4001,'9',743,,3180,1053,,,1,100,,3181,1053,,,1,100,,3182,1053,,,1,100,,3183,1053,,,1,101,,3184,1109,,,1,100,,3185,1109,,,1,100,,3186,1109,,,1,100,,3187,1109,,,1,100,,3188,1109,,,1,100,,3189,1109,,,1,100,,3190,1109,,,1,100,,3191,1109,,,1,100,,3192,1109,,,1
6500,'2',636,,3886,1053,,,1,70,,3887,1053,,,1,30,,3888,1053,,,1,70,,3889,1053,,,1,30,,3890,1053,,,1,70,,3891,1053,,,1,30,,3892,1053,,,1,70,,3893,1053,,,1,29,,3894,993,,,1,70,,3895,993,,,1,30,,3896,993,,,1,70,,3897,993,,,1,31,,3898,1053,,,1,70,,3899,1053,,,1,30,,3900,1053,,,1,70,,3901,1053,,,1,30,,3902,1053,,,1,72,,3903,1169,,,1,30,,3904,1169,,,1,70,,3905,1169,,,1,30,,3906,1169,,,1,70,,3907,1169,,,1,30,,3908,1169,,,1,70,,3909,1169,,,1,29,,3910,1109,,,1,70,,3911,1109,,,1,30,,3912,1109,,,1,70,,3913,1109,,,1,28,,3914,993,,,1,70,,3915,993,,,1,30,,3916,993,,,1,70,,3917,993,,,1,30,,3918,993,,,1
6500,'3',636,,3919,1053,,,1,70,,3920,1053,,,1,30,,3921,1053,,,1,70,,3922,1053,,,1,30,,3923,1053,,,1,70,,3924,1053,,,1,30,,3925,1053,,,1,70,,3926,1053,,,1,29,,3927,993,,,1,70,,3928,993,,,1,30,,3929,993,,,1,70,,3930,993,,,1,31,,3931,1053,,,1,70,,3932,1053,,,1,30,,3933,1053,,,1,70,,3934,1053,,,1,30,,3935,1053,,,1,72,,3936,1169,,,1,30,,3937,1169,,,1,70,,3938,1169,,,1,30,,3939,1169,,,1,70,,3940,1169,,,1,30,,3941,1169,,,1,70,,3942,1169,,,1,29,,3943,1109,,,1,70,,3944,1109,,,1,30,,3945,1109,,,1,70,,3946,1109,,,1,28,,3947,993,,,1,70,,3948,993,,,1,30,,3949,993,,,1,70,,3950,993,,,1,30,,3951,993,,,1
6500,'4',636,,3952,1053,,,1,70,,3953,1053,,,1,30,,3954,1053,,,1,70,,3955,1053,,,1,30,,3956,1053,,,1,70,,3957,1053,,,1,30,,3958,1053,,,1,70,,3959,1053,,,1,29,,3960,993,,,1,70,,3961,993,,,1,30,,3962,993,,,1,70,,3963,993,,,1,31,,3964,1053,,,1,70,,3965,1053,,,1,30,,3966,1053,,,1,70,,3967,1053,,,1,30,,3968,1053,,,1,72,,3969,1169,,,1,30,,3970,1169,,,1,70,,3971,1169,,,1,30,,3972,1169,,,1,70,,3973,1169,,,1,30,,3974,1169,,,1,70,,3975,1169,,,1,29,,3976,1109,,,1,70,,3977,1109,,,1,30,,3978,1109,,,1,70,,3979,1109,,,1,28,,3980,993,,,1,70,,3981,993,,,1,30,,3982,993,,,1,70,,3983,993,,,1,30,,3984,993,,,1
6500,'5',636,,3985,1053,,,1,70,,3986,1053,,,1,30,,3987,1053,,,1,70,,3988,1053,,,1,30,,3989,1053,,,1,70,,3990,1053,,,1,30,,3991,1053,,,1,70,,3992,1053,,,1,29,,3993,993,,,1,70,,3994,993,,,1,30,,3995,993,,,1,70,,3996,993,,,1,31,,3997,1053,,,1,70,,3998,1053,,,1,30,,3999,1053,,,1,70,,4000,1053,,,1,30,,4001,1053,,,1,72,,4002,1169,,,1,30,,4003,1169,,,1,70,,4004,1169,,,1,30,,4005,1169,,,1,70,,4006,1169,,,1,30,,4007,1169,,,1,70,,4008,1169,,,1,29,,4009,1109,,,1,70,,4010,1109,,,1,30,,4011,1109,,,1,70,,4012,1109,,,1,28,,4013,993,,,1,70,,4014,993,,,1,30,,4015,993,,,1,70,,4016,993,,,1,30,,4017,993,,,1
6500,'6',636,,4018,1053,,,1,70,,4019,1053,,,1,30,,4020,1053,,,1,70,,4021,1053,,,1,30,,4022,1053,,,1,70,,4023,1053,,,1,30,,4024,1053,,,1,70,,4025,1053,,,1,29,,4026,993,,,1,70,,4027,993,,,1,30,,4028,993,,,1,70,,4029,993,,,1,31,,4030,1053,,,1,70,,4031,1053,,,1,30,,4032,1053,,,1,70,,4033,1053,,,1,30,,4034,1053,,,1,72,,4035,1169,,,1,30,,4036,1169,,,1,70,,4037,1169,,,1,30,,4038,1169,,,1,70,,4039,1169,,,1,30,,4040,1169,,,1,70,,4041,1169,,,1,29,,4042,1109,,,1,70,,4043,1109,,,1,30,,4044,1109,,,1,70,,4045,1109,,,1,28,,4046,993,,,1,70,,4047,993,,,1,30,,4048,993,,,1,70,,4049,993,,,1,30,,4050,993,,,1
6500,'9',814,,4051,993,,,1,100,,4052,993,,,1,100,,4053,993,,,1,100,,4054,993,,,1,101,,4055,1053,,,1,100,,4056,1053,,,1,100,,4057,1053,,,1,100,,4058,1053,,,1,102,,4059,1169,,,1,100,,4060,1169,,,1,100,,4061,1169,,,1,100,,4062,1169,,,1
8501,'2',632,,4342,1720,,,1,100,,4343,1720,,,1,106,,4344,2076,,,1,100,,4345,2076,,,1,101,,4346,2131,,,1,100,,4347,2131,,,1,101,,4348,2191,,,1,100,,4349,2191,,,1,100,,4350,2191,,,1,102,,4351,2311,,,1,100,,4352,2311,,,1,102,,4353,2426,,,1,95,,4354,2136,,,1,100,,4355,2136,,,1,97,,4356,1956,,,1,100,,4357,1956,,,1,97,,4358,1776,,,1,100,,4359,1776,,,1
8501,'3',632,,4360,1720,,,1,100,,4361,1720,,,1,106,,4362,2076,,,1,100,,4363,2076,,,1,101,,4364,2131,,,1,100,,4365,2131,,,1,101,,4366,2191,,,1,100,,4367,2191,,,1,100,,4368,2191,,,1,102,,4369,2311,,,1,100,,4370,2311,,,1,102,,4371,2426,,,1,95,,4372,2136,,,1,100,,4373,2136,,,1,97,,4374,1956,,,1,100,,4375,1956,,,1,97,,4376,1776,,,1,100,,4377,1776,,,1
8501,'4',632,,4378,1720,,,1,100,,4379,1720,,,1,106,,4380,2076,,,1,100,,4381,2076,,,1,101,,4382,2131,,,1,100,,4383,2131,,,1,101,,4384,2191,,,1,100,,4385,2191,,,1,100,,4386,2191,,,1,102,,4387,2311,,,1,100,,4388,2311,,,1,102,,4389,2426,,,1,95,,4390,2136,,,1,100,,4391,2136,,,1,97,,4392,1956,,,1,100,,4393,1956,,,1,97,,4394,1776,,,1,100,,4395,1776,,,1
8501,'5',632,,4396,1720,,,1,100,,4397,1720,,,1,106,,4398,2076,,,1,100,,4399,2076,,,1,101,,4400,2131,,,1,100,,4401,2131,,,1,101,,4402,2191,,,1,100,,4403,2191,,,1,100,,4404,2191,,,1,102,,4405,2311,,,1,100,,4406,2311,,,1,102,,4407,2426,,,1,95,,4408,2136,,,1,100,,4409,2136,,,1,97,,4410,1956,,,1,100,,4411,1956,,,1,97,,4412,1776,,,1,100,,4413,1776,,,1
8501,'6',632,,4414,1720,,,1,100,,4415,1720,,,1,106,,4416,2076,,,1,100,,4417,2076,,,1,101,,4418,2131,,,1,100,,4419,2131,,,1,101,,4420,2191,,,1,100,,4421,2191,,,1,100,,4422,2191,,,1,102,,4423,2311,,,1,100,,4424,2311,,,1,102,,4425,2426,,,1,95,,4426,2136,,,1,100,,4427,2136,,,1,97,,4428,1956,,,1,100,,4429,1956,,,1,97,,4430,1776,,,1,100,,4431,1776,,,1
8501,'9',841,,4432,1956,,,1,100,,4433,1956,,,1,100,,4434,1956,,,1,103,,4435,2131,,,1,100,,4436,2131,,,1,100,,4437,2131,,,1,100,,4438,2131,,,1,103,,4439,2311,,,1,100,,4440,2311,,,1,100,,4441,2311,,,1,100,,4442,2311,,,1,100,,4443,2311,,,1
