2500,'2',649,,1462,2701,,,1,70,,1463,2701,,,1,30,,1464,2701,,,1,75,,1465,3061,,,1,29,,1466,3061,,,1,69,,1467,3061,,,1,29,,1468,3061,,,1,69,,1469,3061,,,1,26,,1470,2926,,,1,69,,1471,2926,,,1,29,,1472,2926,,,1,69,,1473,2926,,,1,29,,1474,2926,,,1,70,,1475,3106,,,1,31,,1476,3106,,,1,70,,1477,3106,,,1,29,,1478,3106,,,1,68,,1479,3106,,,1,35,,1480,3331,,,1,71,,1481,3331,,,1,31,,1482,3331,,,1,71,,1483,3331,,,1,32,,1484,3391,,,1,70,,1485,3391,,,1,31,,1486,3391,,,1,64,,1487,2956,,,1,30,,1488,2956,,,1,70,,1489,2956,,,1,30,,1490,2956,,,1,67,,1491,2806,,,1,30,,1492,2806,,,1,70,,1493,2806,,,1,30,,1494,2806,,,1,64,,1495,2430,,,1,38,,1496,2430,,,1
2500,'3',649,,1497,2701,,,1,70,,1498,2701,,,1,30,,1499,2701,,,1,75,,1500,3061,,,1,29,,1501,3061,,,1,69,,1502,3061,,,1,29,,1503,3061,,,1,69,,1504,3061,,,1,26,,1505,2926,,,1,69,,1506,2926,,,1,29,,1507,2926,,,1,69,,1508,2926,,,1,29,,1509,2926,,,1,70,,1510,3106,,,1,31,,1511,3106,,,1,70,,1512,3106,,,1,29,,1513,3106,,,1,68,,1514,3106,,,1,35,,1515,3331,,,1,71,,1516,3331,,,1,31,,1517,3331,,,1,71,,1518,3331,,,1,32,,1519,3391,,,1,70,,1520,3391,,,1,31,,1521,3391,,,1,64,,1522,2956,,,1,30,,1523,2956,,,1,70,,1524,2956,,,1,30,,1525,2956,,,1,67,,1526,2806,,,1,30,,1527,2806,,,1,70,,1528,2806,,,1,30,,1529,2806,,,1,64,,1530,2430,,,1,38,,1531,2430,,,1
2500,'4',649,,1532,2701,,,1,70,,1533,2701,,,1,30,,1534,2701,,,1,75,,1535,3061,,,1,29,,1536,3061,,,1,69,,1537,3061,,,1,29,,1538,3061,,,1,69,,1539,3061,,,1,26,,1540,2926,,,1,69,,1541,2926,,,1,29,,1542,2926,,,1,69,,1543,2926,,,1,29,,1544,2926,,,1,70,,1545,3106,,,1,31,,1546,3106,,,1,70,,1547,3106,,,1,29,,1548,3106,,,1,68,,1549,3106,,,1,35,,1550,3331,,,1,71,,1551,3331,,,1,31,,1552,3331,,,1,71,,1553,3331,,,1,32,,1554,3391,,,1,70,,1555,3391,,,1,31,,1556,3391,,,1,64,,1557,2956,,,1,30,,1558,2956,,,1,70,,1559,2956,,,1,30,,1560,2956,,,1,67,,1561,2806,,,1,30,,1562,2806,,,1,70,,1563,2806,,,1,30,,1564,2806,,,1,64,,1565,2430,,,1,38,,1566,2430,,,1
2500,'5',649,,1567,2701,,,1,70,,1568,2701,,,1,30,,1569,2701,,,1,75,,1570,3061,,,1,29,,1571,3061,,,1,69,,1572,3061,,,1,29,,1573,3061,,,1,69,,1574,3061,,,1,26,,1575,2926,,,1,69,,1576,2926,,,1,29,,1577,2926,,,1,69,,1578,2926,,,1,29,,1579,2926,,,1,70,,1580,3106,,,1,31,,1581,3106,,,1,70,,1582,3106,,,1,29,,1583,3106,,,1,68,,1584,3106,,,1,35,,1585,3331,,,1,71,,1586,3331,,,1,31,,1587,3331,,,1,71,,1588,3331,,,1,32,,1589,3391,,,1,70,,1590,3391,,,1,31,,1591,3391,,,1,64,,1592,2956,,,1,30,,1593,2956,,,1,70,,1594,2956,,,1,30,,1595,2956,,,1,67,,1596,2806,,,1,30,,1597,2806,,,1,70,,1598,2806,,,1,30,,1599,2806,,,1,64,,1600,2430,,,1,38,,1601,2430,,,1
2500,'6',649,,1602,2701,,,1,70,,1603,2701,,,1,30,,1604,2701,,,1,75,,1605,3061,,,1,29,,1606,3061,,,1,69,,1607,3061,,,1,29,,1608,3061,,,1,69,,1609,3061,,,1,26,,1610,2926,,,1,69,,1611,2926,,,1,29,,1612,2926,,,1,69,,1613,2926,,,1,29,,1614,2926,,,1,70,,1615,3106,,,1,31,,1616,3106,,,1,70,,1617,3106,,,1,29,,1618,3106,,,1,68,,1619,3106,,,1,35,,1620,3331,,,1,71,,1621,3331,,,1,31,,1622,3331,,,1,71,,1623,3331,,,1,32,,1624,3391,,,1,70,,1625,3391,,,1,31,,1626,3391,,,1,64,,1627,2956,,,1,30,,1628,2956,,,1,70,,1629,2956,,,1,30,,1630,2956,,,1,67,,1631,2806,,,1,30,,1632,2806,,,1,70,,1633,2806,,,1,30,,1634,2806,,,1,64,,1635,2430,,,1,38,,1636,2430,,,1
2500,'9',858,,1637,2641,,,1,70,,1638,2641,,,1,30,,1639,2641,,,1,70,,1640,2641,,,1,30,,1641,2641,,,1,70,,1642,2641,,,1,31,,1643,2701,,,1,70,,1644,2701,,,1,30,,1645,2701,,,1,70,,1646,2701,,,1,30,,1647,2701,,,1,70,,1648,2701,,,1,30,,1649,2701,,,1,70,,1650,2701,,,1,30,,1651,2715,,,1,70,,1652,2715,,,1,30,,1653,2715,,,1,70,,1654,2715,,,1,30,,1655,2715,,,1,70,,1656,2715,,,1,30,,1657,2715,,,1,100,,1658,2715,,,1
9200,'2',644,,4444,1042,,,1,96,,4445,1042,,,1,72,,4446,1100,,,1,94,,4447,1100,,,1,653,,4448,1217,,,1,70,,4449,1217,,,1,105,,4450,1332,,,1,92,,4451,1102,,,1,76,,4452,1102,,,1
9200,'3',644,,4453,1042,,,1,96,,4454,1042,,,1,72,,4455,1100,,,1,94,,4456,1100,,,1,653,,4457,1217,,,1,70,,4458,1217,,,1,105,,4459,1332,,,1,92,,4460,1102,,,1,76,,4461,1102,,,1
9200,'4',644,,4462,1042,,,1,96,,4463,1042,,,1,72,,4464,1100,,,1,94,,4465,1100,,,1,653,,4466,1217,,,1,70,,4467,1217,,,1,105,,4468,1332,,,1,92,,4469,1102,,,1,76,,4470,1102,,,1
9200,'5',644,,4471,1042,,,1,96,,4472,1042,,,1,72,,4473,1100,,,1,94,,4474,1100,,,1,653,,4475,1217,,,1,70,,4476,1217,,,1,105,,4477,1332,,,1,92,,4478,1102,,,1,76,,4479,1102,,,1
9200,'6',644,,4480,1042,,,1,96,,4481,1042,,,1,72,,4482,1100,,,1,94,,4483,1100,,,1,653,,4484,1217,,,1,70,,4485,1217,,,1,105,,4486,1332,,,1,92,,4487,1102,,,1,76,,4488,1102,,,1
9201,'2',604,,4489,1057,,,1,54,,4490,1057,,,1,70,,4491,1057,,,1,98,,4492,1117,,,1,29,,4493,1117,,,1,94,,4494,1117,,,1,693,,4495,1117,,,1,71,,4496,1117,,,1,104,,4497,1117,,,1,89,,4498,1057,,,1
9201,'3',604,,4499,1057,,,1,54,,4500,1057,,,1,70,,4501,1057,,,1,98,,4502,1117,,,1,29,,4503,1117,,,1,94,,4504,1117,,,1,693,,4505,1117,,,1,71,,4506,1117,,,1,104,,4507,1117,,,1,89,,4508,1057,,,1
9201,'4',604,,4509,1057,,,1,54,,4510,1057,,,1,70,,4511,1057,,,1,98,,4512,1117,,,1,29,,4513,1117,,,1,94,,4514,1117,,,1,693,,4515,1117,,,1,71,,4516,1117,,,1,104,,4517,1117,,,1,89,,4518,1057,,,1
9201,'5',604,,4519,1057,,,1,54,,4520,1057,,,1,70,,4521,1057,,,1,98,,4522,1117,,,1,29,,4523,1117,,,1,94,,4524,1117,,,1,693,,4525,1117,,,1,71,,4526,1117,,,1,104,,4527,1117,,,1,89,,4528,1057,,,1
9201,'6',604,,4529,1057,,,1,54,,4530,1057,,,1,70,,4531,1057,,,1,98,,4532,1117,,,1,29,,4533,1117,,,1,94,,4534,1117,,,1,693,,4535,1117,,,1,71,,4536,1117,,,1,104,,4537,1117,,,1,89,,4538,1057,,,1
