4001,'2',621,,3040,1070,,,1,30,,3041,1070,,,1,70,,3042,1070,,,1,30,,3043,1070,,,1,70,,3044,1070,,,1,30,,3045,1070,,,1,70,,3046,1070,,,1,30,,3047,1070,,,1,70,,3048,1070,,,1,30,,3049,1070,,,1,70,,3050,1070,,,1,30,,3051,1070,,,1,71,,3052,1137,,,1,30,,3053,1137,,,1,70,,3054,1137,,,1,30,,3055,1137,,,1,70,,3056,1137,,,1,33,,3057,1317,,,1,70,,3058,1317,,,1,30,,3059,1317,,,1,70,,3060,1317,,,1,29,,3061,1257,,,1,70,,3062,1257,,,1,30,,3063,1257,,,1,68,,3064,1137,,,1,30,,3065,1137,,,1,453,,3066,1130,,,1,30,,3067,1130,,,1
4001,'3',621,,3068,1070,,,1,30,,3069,1070,,,1,70,,3070,1070,,,1,30,,3071,1070,,,1,70,,3072,1070,,,1,30,,3073,1070,,,1,70,,3074,1070,,,1,30,,3075,1070,,,1,70,,3076,1070,,,1,30,,3077,1070,,,1,70,,3078,1070,,,1,30,,3079,1070,,,1,71,,3080,1137,,,1,30,,3081,1137,,,1,70,,3082,1137,,,1,30,,3083,1137,,,1,70,,3084,1137,,,1,33,,3085,1317,,,1,70,,3086,1317,,,1,30,,3087,1317,,,1,70,,3088,1317,,,1,29,,3089,1257,,,1,70,,3090,1257,,,1,30,,3091,1257,,,1,68,,3092,1137,,,1,30,,3093,1137,,,1,453,,3094,1130,,,1,30,,3095,1130,,,1
4001,'4',621,,3096,1070,,,1,30,,3097,1070,,,1,70,,3098,1070,,,1,30,,3099,1070,,,1,70,,3100,1070,,,1,30,,3101,1070,,,1,70,,3102,1070,,,1,30,,3103,1070,,,1,70,,3104,1070,,,1,30,,3105,1070,,,1,70,,3106,1070,,,1,30,,3107,1070,,,1,71,,3108,1137,,,1,30,,3109,1137,,,1,70,,3110,1137,,,1,30,,3111,1137,,,1,70,,3112,1137,,,1,33,,3113,1317,,,1,70,,3114,1317,,,1,30,,3115,1317,,,1,70,,3116,1317,,,1,29,,3117,1257,,,1,70,,3118,1257,,,1,30,,3119,1257,,,1,68,,3120,1137,,,1,30,,3121,1137,,,1,453,,3122,1130,,,1,30,,3123,1130,,,1
4001,'5',621,,3124,1070,,,1,30,,3125,1070,,,1,70,,3126,1070,,,1,30,,3127,1070,,,1,70,,3128,1070,,,1,30,,3129,1070,,,1,70,,3130,1070,,,1,30,,3131,1070,,,1,70,,3132,1070,,,1,30,,3133,1070,,,1,70,,3134,1070,,,1,30,,3135,1070,,,1,71,,3136,1137,,,1,30,,3137,1137,,,1,70,,3138,1137,,,1,30,,3139,1137,,,1,70,,3140,1137,,,1,33,,3141,1317,,,1,70,,3142,1317,,,1,30,,3143,1317,,,1,70,,3144,1317,,,1,29,,3145,1257,,,1,70,,3146,1257,,,1,30,,3147,1257,,,1,68,,3148,1137,,,1,30,,3149,1137,,,1,453,,3150,1130,,,1,30,,3151,1130,,,1
4001,'6',621,,3152,1070,,,1,30,,3153,1070,,,1,70,,3154,1070,,,1,30,,3155,1070,,,1,70,,3156,1070,,,1,30,,3157,1070,,,1,70,,3158,1070,,,1,30,,3159,1070,,,1,70,,3160,1070,,,1,30,,3161,1070,,,1,70,,3162,1070,,,1,30,,3163,1070,,,1,71,,3164,1137,,,1,30,,3165,1137,,,1,70,,3166,1137,,,1,30,,3167,1137,,,1,70,,3168,1137,,,1,33,,3169,1317,,,1,70,,3170,1317,,,1,30,,3171,1317,,,1,70,,3172,1317,,,1,29,,3173,1257,,,1,70,,3174,1257,,,1,30,,3175,1257,,,1,68,,3176,1137,,,1,30,,3177,1137,,,1,453,,3178,1130,,,1,30,,3179,1130,,,1
4001,'9',744,,3180,1137,,,1,100,,3181,1137,,,1,100,,3182,1137,,,1,100,,3183,1137,,,1,101,,3184,1197,,,1,100,,3185,1197,,,1,100,,3186,1197,,,1,100,,3187,1197,,,1,100,,3188,1197,,,1,100,,3189,1197,,,1,100,,3190,1197,,,1,100,,3191,1197,,,1,100,,3192,1197,,,1
6500,'2',637,,3886,1137,,,1,70,,3887,1137,,,1,30,,3888,1137,,,1,70,,3889,1137,,,1,30,,3890,1137,,,1,70,,3891,1137,,,1,30,,3892,1137,,,1,70,,3893,1137,,,1,29,,3894,1077,,,1,70,,3895,1077,,,1,30,,3896,1077,,,1,70,,3897,1077,,,1,31,,3898,1137,,,1,70,,3899,1137,,,1,30,,3900,1137,,,1,70,,3901,1137,,,1,30,,3902,1137,,,1,72,,3903,1257,,,1,30,,3904,1257,,,1,70,,3905,1257,,,1,30,,3906,1257,,,1,71,,3907,1264,,,1,30,,3908,1264,,,1,70,,3909,1264,,,1,28,,3910,1190,,,1,70,,3911,1190,,,1,30,,3912,1190,,,1,70,,3913,1190,,,1,28,,3914,1070,,,1,70,,3915,1070,,,1,30,,3916,1070,,,1,70,,3917,1070,,,1,30,,3918,1077,,,1
6500,'3',637,,3919,1137,,,1,70,,3920,1137,,,1,30,,3921,1137,,,1,70,,3922,1137,,,1,30,,3923,1137,,,1,70,,3924,1137,,,1,30,,3925,1137,,,1,70,,3926,1137,,,1,29,,3927,1077,,,1,70,,3928,1077,,,1,30,,3929,1077,,,1,70,,3930,1077,,,1,31,,3931,1137,,,1,70,,3932,1137,,,1,30,,3933,1137,,,1,70,,3934,1137,,,1,30,,3935,1137,,,1,72,,3936,1257,,,1,30,,3937,1257,,,1,70,,3938,1257,,,1,30,,3939,1257,,,1,71,,3940,1264,,,1,30,,3941,1264,,,1,70,,3942,1264,,,1,28,,3943,1190,,,1,70,,3944,1190,,,1,30,,3945,1190,,,1,70,,3946,1190,,,1,28,,3947,1070,,,1,70,,3948,1070,,,1,30,,3949,1070,,,1,70,,3950,1070,,,1,30,,3951,1077,,,1
6500,'4',637,,3952,1137,,,1,70,,3953,1137,,,1,30,,3954,1137,,,1,70,,3955,1137,,,1,30,,3956,1137,,,1,70,,3957,1137,,,1,30,,3958,1137,,,1,70,,3959,1137,,,1,29,,3960,1077,,,1,70,,3961,1077,,,1,30,,3962,1077,,,1,70,,3963,1077,,,1,31,,3964,1137,,,1,70,,3965,1137,,,1,30,,3966,1137,,,1,70,,3967,1137,,,1,30,,3968,1137,,,1,72,,3969,1257,,,1,30,,3970,1257,,,1,70,,3971,1257,,,1,30,,3972,1257,,,1,71,,3973,1264,,,1,30,,3974,1264,,,1,70,,3975,1264,,,1,28,,3976,1190,,,1,70,,3977,1190,,,1,30,,3978,1190,,,1,70,,3979,1190,,,1,28,,3980,1070,,,1,70,,3981,1070,,,1,30,,3982,1070,,,1,70,,3983,1070,,,1,30,,3984,1077,,,1
6500,'5',637,,3985,1137,,,1,70,,3986,1137,,,1,30,,3987,1137,,,1,70,,3988,1137,,,1,30,,3989,1137,,,1,70,,3990,1137,,,1,30,,3991,1137,,,1,70,,3992,1137,,,1,29,,3993,1077,,,1,70,,3994,1077,,,1,30,,3995,1077,,,1,70,,3996,1077,,,1,31,,3997,1137,,,1,70,,3998,1137,,,1,30,,3999,1137,,,1,70,,4000,1137,,,1,30,,4001,1137,,,1,72,,4002,1257,,,1,30,,4003,1257,,,1,70,,4004,1257,,,1,30,,4005,1257,,,1,71,,4006,1264,,,1,30,,4007,1264,,,1,70,,4008,1264,,,1,28,,4009,1190,,,1,70,,4010,1190,,,1,30,,4011,1190,,,1,70,,4012,1190,,,1,28,,4013,1070,,,1,70,,4014,1070,,,1,30,,4015,1070,,,1,70,,4016,1070,,,1,30,,4017,1077,,,1
6500,'6',637,,4018,1137,,,1,70,,4019,1137,,,1,30,,4020,1137,,,1,70,,4021,1137,,,1,30,,4022,1137,,,1,70,,4023,1137,,,1,30,,4024,1137,,,1,70,,4025,1137,,,1,29,,4026,1077,,,1,70,,4027,1077,,,1,30,,4028,1077,,,1,70,,4029,1077,,,1,31,,4030,1137,,,1,70,,4031,1137,,,1,30,,4032,1137,,,1,70,,4033,1137,,,1,30,,4034,1137,,,1,72,,4035,1257,,,1,30,,4036,1257,,,1,70,,4037,1257,,,1,30,,4038,1257,,,1,71,,4039,1264,,,1,30,,4040,1264,,,1,70,,4041,1264,,,1,28,,4042,1190,,,1,70,,4043,1190,,,1,30,,4044,1190,,,1,70,,4045,1190,,,1,28,,4046,1070,,,1,70,,4047,1070,,,1,30,,4048,1070,,,1,70,,4049,1070,,,1,30,,4050,1077,,,1
6500,'9',815,,4051,1070,,,1,100,,4052,1070,,,1,100,,4053,1070,,,1,100,,4054,1070,,,1,101,,4055,1130,,,1,100,,4056,1130,,,1,100,,4057,1130,,,1,100,,4058,1130,,,1,102,,4059,1250,,,1,100,,4060,1250,,,1,100,,4061,1250,,,1,100,,4062,1250,,,1
