4001,'2',635,,3040,1904,,,1,70,,3041,1904,,,1,30,,3042,1904,,,1,70,,3043,1917,,,1,30,,3044,1917,,,1,70,,3045,1917,,,1,30,,3046,1917,,,1,70,,3047,1917,,,1,31,,3048,1931,,,1,70,,3049,1931,,,1,30,,3050,1931,,,1,70,,3051,1931,,,1,32,,3052,2051,,,1,70,,3053,2051,,,1,30,,3054,2051,,,1,70,,3055,2051,,,1,30,,3056,2051,,,1,74,,3057,2304,,,1,30,,3058,2304,,,1,70,,3059,2304,,,1,30,,3060,2304,,,1,67,,3061,2157,,,1,30,,3062,2157,,,1,70,,3063,2157,,,1,28,,3064,2024,,,1,70,,3065,2024,,,1,411,,3066,1878,,,1,30,,3067,1878,,,1
4001,'3',635,,3068,1904,,,1,70,,3069,1904,,,1,30,,3070,1904,,,1,70,,3071,1917,,,1,30,,3072,1917,,,1,70,,3073,1917,,,1,30,,3074,1917,,,1,70,,3075,1917,,,1,31,,3076,1931,,,1,70,,3077,1931,,,1,30,,3078,1931,,,1,70,,3079,1931,,,1,32,,3080,2051,,,1,70,,3081,2051,,,1,30,,3082,2051,,,1,70,,3083,2051,,,1,30,,3084,2051,,,1,74,,3085,2304,,,1,30,,3086,2304,,,1,70,,3087,2304,,,1,30,,3088,2304,,,1,67,,3089,2157,,,1,30,,3090,2157,,,1,70,,3091,2157,,,1,28,,3092,2024,,,1,70,,3093,2024,,,1,411,,3094,1878,,,1,30,,3095,1878,,,1
4001,'4',635,,3096,1904,,,1,70,,3097,1904,,,1,30,,3098,1904,,,1,70,,3099,1917,,,1,30,,3100,1917,,,1,70,,3101,1917,,,1,30,,3102,1917,,,1,70,,3103,1917,,,1,31,,3104,1931,,,1,70,,3105,1931,,,1,30,,3106,1931,,,1,70,,3107,1931,,,1,32,,3108,2051,,,1,70,,3109,2051,,,1,30,,3110,2051,,,1,70,,3111,2051,,,1,30,,3112,2051,,,1,74,,3113,2304,,,1,30,,3114,2304,,,1,70,,3115,2304,,,1,30,,3116,2304,,,1,67,,3117,2157,,,1,30,,3118,2157,,,1,70,,3119,2157,,,1,28,,3120,2024,,,1,70,,3121,2024,,,1,411,,3122,1878,,,1,30,,3123,1878,,,1
4001,'5',635,,3124,1904,,,1,70,,3125,1904,,,1,30,,3126,1904,,,1,70,,3127,1917,,,1,30,,3128,1917,,,1,70,,3129,1917,,,1,30,,3130,1917,,,1,70,,3131,1917,,,1,31,,3132,1931,,,1,70,,3133,1931,,,1,30,,3134,1931,,,1,70,,3135,1931,,,1,32,,3136,2051,,,1,70,,3137,2051,,,1,30,,3138,2051,,,1,70,,3139,2051,,,1,30,,3140,2051,,,1,74,,3141,2304,,,1,30,,3142,2304,,,1,70,,3143,2304,,,1,30,,3144,2304,,,1,67,,3145,2157,,,1,30,,3146,2157,,,1,70,,3147,2157,,,1,28,,3148,2024,,,1,70,,3149,2024,,,1,411,,3150,1878,,,1,30,,3151,1878,,,1
4001,'6',635,,3152,1904,,,1,70,,3153,1904,,,1,30,,3154,1904,,,1,70,,3155,1917,,,1,30,,3156,1917,,,1,70,,3157,1917,,,1,30,,3158,1917,,,1,70,,3159,1917,,,1,31,,3160,1931,,,1,70,,3161,1931,,,1,30,,3162,1931,,,1,70,,3163,1931,,,1,32,,3164,2051,,,1,70,,3165,2051,,,1,30,,3166,2051,,,1,70,,3167,2051,,,1,30,,3168,2051,,,1,74,,3169,2304,,,1,30,,3170,2304,,,1,70,,3171,2304,,,1,30,,3172,2304,,,1,67,,3173,2157,,,1,30,,3174,2157,,,1,70,,3175,2157,,,1,28,,3176,2024,,,1,70,,3177,2024,,,1,411,,3178,1878,,,1,30,,3179,1878,,,1
4001,'9',759,,3180,2024,,,1,100,,3181,2024,,,1,100,,3182,2024,,,1,100,,3183,2024,,,1,141,,3184,2097,,,1,100,,3185,2097,,,1,100,,3186,2097,,,1,100,,3187,2097,,,1,100,,3188,2097,,,1,100,,3189,2097,,,1,100,,3190,2097,,,1,100,,3191,2097,,,1,100,,3192,2097,,,1
6501,'2',652,,4063,1857,,,1,70,,4064,1857,,,1,30,,4065,1857,,,1,71,,4066,1917,,,1,30,,4067,1917,,,1,70,,4068,1917,,,1,30,,4069,1917,,,1,70,,4070,1917,,,1,31,,4071,1931,,,1,70,,4072,1931,,,1,30,,4073,1931,,,1,70,,4074,1931,,,1,29,,4075,1917,,,1,70,,4076,1917,,,1,30,,4077,1917,,,1,70,,4078,1917,,,1,33,,4079,2051,,,1,70,,4080,2051,,,1,30,,4081,2051,,,1,70,,4082,2051,,,1,30,,4083,2051,,,1,68,,4084,1977,,,1,30,,4085,1977,,,1,70,,4086,1977,,,1,29,,4087,1904,,,1,70,,4088,1904,,,1,30,,4089,1904,,,1,70,,4090,1904,,,1,29,,4091,1844,,,1,70,,4092,1844,,,1,30,,4093,1844,,,1,70,,4094,1844,,,1,29,,4095,1784,,,1
6501,'3',652,,4096,1857,,,1,70,,4097,1857,,,1,30,,4098,1857,,,1,71,,4099,1917,,,1,30,,4100,1917,,,1,70,,4101,1917,,,1,30,,4102,1917,,,1,70,,4103,1917,,,1,31,,4104,1931,,,1,70,,4105,1931,,,1,30,,4106,1931,,,1,70,,4107,1931,,,1,29,,4108,1917,,,1,70,,4109,1917,,,1,30,,4110,1917,,,1,70,,4111,1917,,,1,33,,4112,2051,,,1,70,,4113,2051,,,1,30,,4114,2051,,,1,70,,4115,2051,,,1,30,,4116,2051,,,1,68,,4117,1977,,,1,30,,4118,1977,,,1,70,,4119,1977,,,1,29,,4120,1904,,,1,70,,4121,1904,,,1,30,,4122,1904,,,1,70,,4123,1904,,,1,29,,4124,1844,,,1,70,,4125,1844,,,1,30,,4126,1844,,,1,70,,4127,1844,,,1,29,,4128,1784,,,1
6501,'4',652,,4129,1857,,,1,70,,4130,1857,,,1,30,,4131,1857,,,1,71,,4132,1917,,,1,30,,4133,1917,,,1,70,,4134,1917,,,1,30,,4135,1917,,,1,70,,4136,1917,,,1,31,,4137,1931,,,1,70,,4138,1931,,,1,30,,4139,1931,,,1,70,,4140,1931,,,1,29,,4141,1917,,,1,70,,4142,1917,,,1,30,,4143,1917,,,1,70,,4144,1917,,,1,33,,4145,2051,,,1,70,,4146,2051,,,1,30,,4147,2051,,,1,70,,4148,2051,,,1,30,,4149,2051,,,1,68,,4150,1977,,,1,30,,4151,1977,,,1,70,,4152,1977,,,1,29,,4153,1904,,,1,70,,4154,1904,,,1,30,,4155,1904,,,1,70,,4156,1904,,,1,29,,4157,1844,,,1,70,,4158,1844,,,1,30,,4159,1844,,,1,70,,4160,1844,,,1,29,,4161,1784,,,1
6501,'5',652,,4162,1857,,,1,70,,4163,1857,,,1,30,,4164,1857,,,1,71,,4165,1917,,,1,30,,4166,1917,,,1,70,,4167,1917,,,1,30,,4168,1917,,,1,70,,4169,1917,,,1,31,,4170,1931,,,1,70,,4171,1931,,,1,30,,4172,1931,,,1,70,,4173,1931,,,1,29,,4174,1917,,,1,70,,4175,1917,,,1,30,,4176,1917,,,1,70,,4177,1917,,,1,33,,4178,2051,,,1,70,,4179,2051,,,1,30,,4180,2051,,,1,70,,4181,2051,,,1,30,,4182,2051,,,1,68,,4183,1977,,,1,30,,4184,1977,,,1,70,,4185,1977,,,1,29,,4186,1904,,,1,70,,4187,1904,,,1,30,,4188,1904,,,1,70,,4189,1904,,,1,29,,4190,1844,,,1,70,,4191,1844,,,1,30,,4192,1844,,,1,70,,4193,1844,,,1,29,,4194,1784,,,1
6501,'6',652,,4195,1857,,,1,70,,4196,1857,,,1,30,,4197,1857,,,1,71,,4198,1917,,,1,30,,4199,1917,,,1,70,,4200,1917,,,1,30,,4201,1917,,,1,70,,4202,1917,,,1,31,,4203,1931,,,1,70,,4204,1931,,,1,30,,4205,1931,,,1,70,,4206,1931,,,1,29,,4207,1917,,,1,70,,4208,1917,,,1,30,,4209,1917,,,1,70,,4210,1917,,,1,33,,4211,2051,,,1,70,,4212,2051,,,1,30,,4213,2051,,,1,70,,4214,2051,,,1,30,,4215,2051,,,1,68,,4216,1977,,,1,30,,4217,1977,,,1,70,,4218,1977,,,1,29,,4219,1904,,,1,70,,4220,1904,,,1,30,,4221,1904,,,1,70,,4222,1904,,,1,29,,4223,1844,,,1,70,,4224,1844,,,1,30,,4225,1844,,,1,70,,4226,1844,,,1,29,,4227,1784,,,1
6501,'9',830,,4228,1771,,,1,100,,4229,1771,,,1,100,,4230,1771,,,1,101,,4231,1857,,,1,100,,4232,1857,,,1,100,,4233,1857,,,1,100,,4234,1857,,,1,100,,4235,1857,,,1,100,,4236,1857,,,1,100,,4237,1857,,,1,100,,4238,1857,,,1,100,,4239,1857,,,1
8500,'2',614,,4240,1045,,,1,100,,4241,1045,,,1,102,,4242,1180,,,1,100,,4243,1180,,,1,98,,4244,1060,,,1,100,,4245,1060,,,1,100,,4246,1060,,,1,100,,4247,1060,,,1,100,,4248,1060,,,1,104,,4249,1300,,,1,100,,4250,1300,,,1,99,,4251,1240,,,1,100,,4252,1240,,,1,98,,4253,1105,,,1,100,,4254,1105,,,1,98,,4255,985,,,1,100,,4256,985,,,1,100,,4257,971,,,1
8500,'3',614,,4258,1045,,,1,100,,4259,1045,,,1,102,,4260,1180,,,1,100,,4261,1180,,,1,98,,4262,1060,,,1,100,,4263,1060,,,1,100,,4264,1060,,,1,100,,4265,1060,,,1,100,,4266,1060,,,1,104,,4267,1300,,,1,100,,4268,1300,,,1,99,,4269,1240,,,1,100,,4270,1240,,,1,98,,4271,1105,,,1,100,,4272,1105,,,1,98,,4273,985,,,1,100,,4274,985,,,1,100,,4275,971,,,1
8500,'4',614,,4276,1045,,,1,100,,4277,1045,,,1,102,,4278,1180,,,1,100,,4279,1180,,,1,98,,4280,1060,,,1,100,,4281,1060,,,1,100,,4282,1060,,,1,100,,4283,1060,,,1,100,,4284,1060,,,1,104,,4285,1300,,,1,100,,4286,1300,,,1,99,,4287,1240,,,1,100,,4288,1240,,,1,98,,4289,1105,,,1,100,,4290,1105,,,1,98,,4291,985,,,1,100,,4292,985,,,1,100,,4293,971,,,1
8500,'5',614,,4294,1045,,,1,100,,4295,1045,,,1,102,,4296,1180,,,1,100,,4297,1180,,,1,98,,4298,1060,,,1,100,,4299,1060,,,1,100,,4300,1060,,,1,100,,4301,1060,,,1,100,,4302,1060,,,1,104,,4303,1300,,,1,100,,4304,1300,,,1,99,,4305,1240,,,1,100,,4306,1240,,,1,98,,4307,1105,,,1,100,,4308,1105,,,1,98,,4309,985,,,1,100,,4310,985,,,1,100,,4311,971,,,1
8500,'6',614,,4312,1045,,,1,100,,4313,1045,,,1,102,,4314,1180,,,1,100,,4315,1180,,,1,98,,4316,1060,,,1,100,,4317,1060,,,1,100,,4318,1060,,,1,100,,4319,1060,,,1,100,,4320,1060,,,1,104,,4321,1300,,,1,100,,4322,1300,,,1,99,,4323,1240,,,1,100,,4324,1240,,,1,98,,4325,1105,,,1,100,,4326,1105,,,1,98,,4327,985,,,1,100,,4328,985,,,1,100,,4329,971,,,1
8500,'9',825,,4330,1060,,,1,100,,4331,1060,,,1,100,,4332,1060,,,1,101,,4333,1120,,,1,100,,4334,1120,,,1,100,,4335,1120,,,1,100,,4336,1120,,,1,100,,4337,1120,,,1,100,,4338,1120,,,1,100,,4339,1120,,,1,100,,4340,1120,,,1,100,,4341,1120,,,1
