4001,'2',616,,3040,721,,,1,30,,3041,721,,,1,70,,3042,721,,,1,30,,3043,721,,,1,70,,3044,721,,,1,30,,3045,721,,,1,70,,3046,721,,,1,30,,3047,721,,,1,70,,3048,721,,,1,30,,3049,721,,,1,70,,3050,721,,,1,30,,3051,721,,,1,71,,3052,781,,,1,30,,3053,781,,,1,70,,3054,781,,,1,30,,3055,781,,,1,70,,3056,781,,,1,32,,3057,912,,,1,70,,3058,912,,,1,30,,3059,912,,,1,70,,3060,912,,,1,29,,3061,852,,,1,70,,3062,852,,,1,30,,3063,852,,,1,69,,3064,781,,,1,30,,3065,781,,,1,453,,3066,781,,,1,30,,3067,781,,,1
4001,'3',616,,3068,721,,,1,30,,3069,721,,,1,70,,3070,721,,,1,30,,3071,721,,,1,70,,3072,721,,,1,30,,3073,721,,,1,70,,3074,721,,,1,30,,3075,721,,,1,70,,3076,721,,,1,30,,3077,721,,,1,70,,3078,721,,,1,30,,3079,721,,,1,71,,3080,781,,,1,30,,3081,781,,,1,70,,3082,781,,,1,30,,3083,781,,,1,70,,3084,781,,,1,32,,3085,912,,,1,70,,3086,912,,,1,30,,3087,912,,,1,70,,3088,912,,,1,29,,3089,852,,,1,70,,3090,852,,,1,30,,3091,852,,,1,69,,3092,781,,,1,30,,3093,781,,,1,453,,3094,781,,,1,30,,3095,781,,,1
4001,'4',616,,3096,721,,,1,30,,3097,721,,,1,70,,3098,721,,,1,30,,3099,721,,,1,70,,3100,721,,,1,30,,3101,721,,,1,70,,3102,721,,,1,30,,3103,721,,,1,70,,3104,721,,,1,30,,3105,721,,,1,70,,3106,721,,,1,30,,3107,721,,,1,71,,3108,781,,,1,30,,3109,781,,,1,70,,3110,781,,,1,30,,3111,781,,,1,70,,3112,781,,,1,32,,3113,912,,,1,70,,3114,912,,,1,30,,3115,912,,,1,70,,3116,912,,,1,29,,3117,852,,,1,70,,3118,852,,,1,30,,3119,852,,,1,69,,3120,781,,,1,30,,3121,781,,,1,453,,3122,781,,,1,30,,3123,781,,,1
4001,'5',616,,3124,721,,,1,30,,3125,721,,,1,70,,3126,721,,,1,30,,3127,721,,,1,70,,3128,721,,,1,30,,3129,721,,,1,70,,3130,721,,,1,30,,3131,721,,,1,70,,3132,721,,,1,30,,3133,721,,,1,70,,3134,721,,,1,30,,3135,721,,,1,71,,3136,781,,,1,30,,3137,781,,,1,70,,3138,781,,,1,30,,3139,781,,,1,70,,3140,781,,,1,32,,3141,912,,,1,70,,3142,912,,,1,30,,3143,912,,,1,70,,3144,912,,,1,29,,3145,852,,,1,70,,3146,852,,,1,30,,3147,852,,,1,69,,3148,781,,,1,30,,3149,781,,,1,453,,3150,781,,,1,30,,3151,781,,,1
4001,'6',616,,3152,721,,,1,30,,3153,721,,,1,70,,3154,721,,,1,30,,3155,721,,,1,70,,3156,721,,,1,30,,3157,721,,,1,70,,3158,721,,,1,30,,3159,721,,,1,70,,3160,721,,,1,30,,3161,721,,,1,70,,3162,721,,,1,30,,3163,721,,,1,71,,3164,781,,,1,30,,3165,781,,,1,70,,3166,781,,,1,30,,3167,781,,,1,70,,3168,781,,,1,32,,3169,912,,,1,70,,3170,912,,,1,30,,3171,912,,,1,70,,3172,912,,,1,29,,3173,852,,,1,70,,3174,852,,,1,30,,3175,852,,,1,69,,3176,781,,,1,30,,3177,781,,,1,453,,3178,781,,,1,30,,3179,781,,,1
4001,'9',739,,3180,781,,,1,100,,3181,781,,,1,100,,3182,781,,,1,100,,3183,781,,,1,100,,3184,792,,,1,100,,3185,792,,,1,100,,3186,792,,,1,100,,3187,792,,,1,100,,3188,792,,,1,100,,3189,792,,,1,100,,3190,792,,,1,100,,3191,792,,,1,100,,3192,792,,,1
6500,'2',632,,3886,781,,,1,70,,3887,781,,,1,30,,3888,781,,,1,70,,3889,781,,,1,30,,3890,781,,,1,70,,3891,781,,,1,30,,3892,781,,,1,70,,3893,781,,,1,29,,3894,721,,,1,70,,3895,721,,,1,30,,3896,721,,,1,70,,3897,721,,,1,31,,3898,781,,,1,70,,3899,781,,,1,30,,3900,781,,,1,70,,3901,781,,,1,30,,3902,781,,,1,71,,3903,852,,,1,30,,3904,852,,,1,70,,3905,852,,,1,30,,3906,852,,,1,70,,3907,852,,,1,30,,3908,852,,,1,70,,3909,852,,,1,29,,3910,792,,,1,70,,3911,792,,,1,30,,3912,792,,,1,70,,3913,792,,,1,29,,3914,721,,,1,70,,3915,721,,,1,30,,3916,721,,,1,70,,3917,721,,,1,30,,3918,721,,,1
6500,'3',632,,3919,781,,,1,70,,3920,781,,,1,30,,3921,781,,,1,70,,3922,781,,,1,30,,3923,781,,,1,70,,3924,781,,,1,30,,3925,781,,,1,70,,3926,781,,,1,29,,3927,721,,,1,70,,3928,721,,,1,30,,3929,721,,,1,70,,3930,721,,,1,31,,3931,781,,,1,70,,3932,781,,,1,30,,3933,781,,,1,70,,3934,781,,,1,30,,3935,781,,,1,71,,3936,852,,,1,30,,3937,852,,,1,70,,3938,852,,,1,30,,3939,852,,,1,70,,3940,852,,,1,30,,3941,852,,,1,70,,3942,852,,,1,29,,3943,792,,,1,70,,3944,792,,,1,30,,3945,792,,,1,70,,3946,792,,,1,29,,3947,721,,,1,70,,3948,721,,,1,30,,3949,721,,,1,70,,3950,721,,,1,30,,3951,721,,,1
6500,'4',632,,3952,781,,,1,70,,3953,781,,,1,30,,3954,781,,,1,70,,3955,781,,,1,30,,3956,781,,,1,70,,3957,781,,,1,30,,3958,781,,,1,70,,3959,781,,,1,29,,3960,721,,,1,70,,3961,721,,,1,30,,3962,721,,,1,70,,3963,721,,,1,31,,3964,781,,,1,70,,3965,781,,,1,30,,3966,781,,,1,70,,3967,781,,,1,30,,3968,781,,,1,71,,3969,852,,,1,30,,3970,852,,,1,70,,3971,852,,,1,30,,3972,852,,,1,70,,3973,852,,,1,30,,3974,852,,,1,70,,3975,852,,,1,29,,3976,792,,,1,70,,3977,792,,,1,30,,3978,792,,,1,70,,3979,792,,,1,29,,3980,721,,,1,70,,3981,721,,,1,30,,3982,721,,,1,70,,3983,721,,,1,30,,3984,721,,,1
6500,'5',632,,3985,781,,,1,70,,3986,781,,,1,30,,3987,781,,,1,70,,3988,781,,,1,30,,3989,781,,,1,70,,3990,781,,,1,30,,3991,781,,,1,70,,3992,781,,,1,29,,3993,721,,,1,70,,3994,721,,,1,30,,3995,721,,,1,70,,3996,721,,,1,31,,3997,781,,,1,70,,3998,781,,,1,30,,3999,781,,,1,70,,4000,781,,,1,30,,4001,781,,,1,71,,4002,852,,,1,30,,4003,852,,,1,70,,4004,852,,,1,30,,4005,852,,,1,70,,4006,852,,,1,30,,4007,852,,,1,70,,4008,852,,,1,29,,4009,792,,,1,70,,4010,792,,,1,30,,4011,792,,,1,70,,4012,792,,,1,29,,4013,721,,,1,70,,4014,721,,,1,30,,4015,721,,,1,70,,4016,721,,,1,30,,4017,721,,,1
6500,'6',632,,4018,781,,,1,70,,4019,781,,,1,30,,4020,781,,,1,70,,4021,781,,,1,30,,4022,781,,,1,70,,4023,781,,,1,30,,4024,781,,,1,70,,4025,781,,,1,29,,4026,721,,,1,70,,4027,721,,,1,30,,4028,721,,,1,70,,4029,721,,,1,31,,4030,781,,,1,70,,4031,781,,,1,30,,4032,781,,,1,70,,4033,781,,,1,30,,4034,781,,,1,71,,4035,852,,,1,30,,4036,852,,,1,70,,4037,852,,,1,30,,4038,852,,,1,70,,4039,852,,,1,30,,4040,852,,,1,70,,4041,852,,,1,29,,4042,792,,,1,70,,4043,792,,,1,30,,4044,792,,,1,70,,4045,792,,,1,29,,4046,721,,,1,70,,4047,721,,,1,30,,4048,721,,,1,70,,4049,721,,,1,30,,4050,721,,,1
6500,'9',810,,4051,721,,,1,100,,4052,721,,,1,100,,4053,721,,,1,100,,4054,721,,,1,101,,4055,781,,,1,100,,4056,781,,,1,100,,4057,781,,,1,100,,4058,781,,,1,101,,4059,852,,,1,100,,4060,852,,,1,100,,4061,852,,,1,100,,4062,852,,,1
