4001,'2',620,,3040,972,,,1,30,,3041,972,,,1,70,,3042,972,,,1,30,,3043,972,,,1,70,,3044,972,,,1,30,,3045,972,,,1,70,,3046,972,,,1,30,,3047,972,,,1,70,,3048,972,,,1,30,,3049,972,,,1,70,,3050,972,,,1,30,,3051,972,,,1,71,,3052,1032,,,1,30,,3053,1032,,,1,70,,3054,1032,,,1,30,,3055,1032,,,1,70,,3056,1032,,,1,33,,3057,1204,,,1,70,,3058,1204,,,1,30,,3059,1204,,,1,70,,3060,1204,,,1,29,,3061,1144,,,1,70,,3062,1144,,,1,30,,3063,1144,,,1,68,,3064,1032,,,1,30,,3065,1032,,,1,453,,3066,1032,,,1,30,,3067,1032,,,1
4001,'3',620,,3068,972,,,1,30,,3069,972,,,1,70,,3070,972,,,1,30,,3071,972,,,1,70,,3072,972,,,1,30,,3073,972,,,1,70,,3074,972,,,1,30,,3075,972,,,1,70,,3076,972,,,1,30,,3077,972,,,1,70,,3078,972,,,1,30,,3079,972,,,1,71,,3080,1032,,,1,30,,3081,1032,,,1,70,,3082,1032,,,1,30,,3083,1032,,,1,70,,3084,1032,,,1,33,,3085,1204,,,1,70,,3086,1204,,,1,30,,3087,1204,,,1,70,,3088,1204,,,1,29,,3089,1144,,,1,70,,3090,1144,,,1,30,,3091,1144,,,1,68,,3092,1032,,,1,30,,3093,1032,,,1,453,,3094,1032,,,1,30,,3095,1032,,,1
4001,'4',620,,3096,972,,,1,30,,3097,972,,,1,70,,3098,972,,,1,30,,3099,972,,,1,70,,3100,972,,,1,30,,3101,972,,,1,70,,3102,972,,,1,30,,3103,972,,,1,70,,3104,972,,,1,30,,3105,972,,,1,70,,3106,972,,,1,30,,3107,972,,,1,71,,3108,1032,,,1,30,,3109,1032,,,1,70,,3110,1032,,,1,30,,3111,1032,,,1,70,,3112,1032,,,1,33,,3113,1204,,,1,70,,3114,1204,,,1,30,,3115,1204,,,1,70,,3116,1204,,,1,29,,3117,1144,,,1,70,,3118,1144,,,1,30,,3119,1144,,,1,68,,3120,1032,,,1,30,,3121,1032,,,1,453,,3122,1032,,,1,30,,3123,1032,,,1
4001,'5',620,,3124,972,,,1,30,,3125,972,,,1,70,,3126,972,,,1,30,,3127,972,,,1,70,,3128,972,,,1,30,,3129,972,,,1,70,,3130,972,,,1,30,,3131,972,,,1,70,,3132,972,,,1,30,,3133,972,,,1,70,,3134,972,,,1,30,,3135,972,,,1,71,,3136,1032,,,1,30,,3137,1032,,,1,70,,3138,1032,,,1,30,,3139,1032,,,1,70,,3140,1032,,,1,33,,3141,1204,,,1,70,,3142,1204,,,1,30,,3143,1204,,,1,70,,3144,1204,,,1,29,,3145,1144,,,1,70,,3146,1144,,,1,30,,3147,1144,,,1,68,,3148,1032,,,1,30,,3149,1032,,,1,453,,3150,1032,,,1,30,,3151,1032,,,1
4001,'6',620,,3152,972,,,1,30,,3153,972,,,1,70,,3154,972,,,1,30,,3155,972,,,1,70,,3156,972,,,1,30,,3157,972,,,1,70,,3158,972,,,1,30,,3159,972,,,1,70,,3160,972,,,1,30,,3161,972,,,1,70,,3162,972,,,1,30,,3163,972,,,1,71,,3164,1032,,,1,30,,3165,1032,,,1,70,,3166,1032,,,1,30,,3167,1032,,,1,70,,3168,1032,,,1,33,,3169,1204,,,1,70,,3170,1204,,,1,30,,3171,1204,,,1,70,,3172,1204,,,1,29,,3173,1144,,,1,70,,3174,1144,,,1,30,,3175,1144,,,1,68,,3176,1032,,,1,30,,3177,1032,,,1,453,,3178,1032,,,1,30,,3179,1032,,,1
4001,'9',743,,3180,1032,,,1,100,,3181,1032,,,1,100,,3182,1032,,,1,100,,3183,1032,,,1,101,,3184,1084,,,1,100,,3185,1084,,,1,100,,3186,1084,,,1,100,,3187,1084,,,1,100,,3188,1084,,,1,100,,3189,1084,,,1,100,,3190,1084,,,1,100,,3191,1084,,,1,100,,3192,1084,,,1
6500,'2',636,,3886,1032,,,1,70,,3887,1032,,,1,30,,3888,1032,,,1,70,,3889,1032,,,1,30,,3890,1032,,,1,70,,3891,1032,,,1,30,,3892,1032,,,1,70,,3893,1032,,,1,29,,3894,972,,,1,70,,3895,972,,,1,30,,3896,972,,,1,70,,3897,972,,,1,31,,3898,1032,,,1,70,,3899,1032,,,1,30,,3900,1032,,,1,70,,3901,1032,,,1,30,,3902,1032,,,1,72,,3903,1144,,,1,30,,3904,1144,,,1,70,,3905,1144,,,1,30,,3906,1144,,,1,70,,3907,1144,,,1,30,,3908,1144,,,1,70,,3909,1144,,,1,29,,3910,1084,,,1,70,,3911,1084,,,1,30,,3912,1084,,,1,70,,3913,1084,,,1,28,,3914,972,,,1,70,,3915,972,,,1,30,,3916,972,,,1,70,,3917,972,,,1,30,,3918,972,,,1
6500,'3',636,,3919,1032,,,1,70,,3920,1032,,,1,30,,3921,1032,,,1,70,,3922,1032,,,1,30,,3923,1032,,,1,70,,3924,1032,,,1,30,,3925,1032,,,1,70,,3926,1032,,,1,29,,3927,972,,,1,70,,3928,972,,,1,30,,3929,972,,,1,70,,3930,972,,,1,31,,3931,1032,,,1,70,,3932,1032,,,1,30,,3933,1032,,,1,70,,3934,1032,,,1,30,,3935,1032,,,1,72,,3936,1144,,,1,30,,3937,1144,,,1,70,,3938,1144,,,1,30,,3939,1144,,,1,70,,3940,1144,,,1,30,,3941,1144,,,1,70,,3942,1144,,,1,29,,3943,1084,,,1,70,,3944,1084,,,1,30,,3945,1084,,,1,70,,3946,1084,,,1,28,,3947,972,,,1,70,,3948,972,,,1,30,,3949,972,,,1,70,,3950,972,,,1,30,,3951,972,,,1
6500,'4',636,,3952,1032,,,1,70,,3953,1032,,,1,30,,3954,1032,,,1,70,,3955,1032,,,1,30,,3956,1032,,,1,70,,3957,1032,,,1,30,,3958,1032,,,1,70,,3959,1032,,,1,29,,3960,972,,,1,70,,3961,972,,,1,30,,3962,972,,,1,70,,3963,972,,,1,31,,3964,1032,,,1,70,,3965,1032,,,1,30,,3966,1032,,,1,70,,3967,1032,,,1,30,,3968,1032,,,1,72,,3969,1144,,,1,30,,3970,1144,,,1,70,,3971,1144,,,1,30,,3972,1144,,,1,70,,3973,1144,,,1,30,,3974,1144,,,1,70,,3975,1144,,,1,29,,3976,1084,,,1,70,,3977,1084,,,1,30,,3978,1084,,,1,70,,3979,1084,,,1,28,,3980,972,,,1,70,,3981,972,,,1,30,,3982,972,,,1,70,,3983,972,,,1,30,,3984,972,,,1
6500,'5',636,,3985,1032,,,1,70,,3986,1032,,,1,30,,3987,1032,,,1,70,,3988,1032,,,1,30,,3989,1032,,,1,70,,3990,1032,,,1,30,,3991,1032,,,1,70,,3992,1032,,,1,29,,3993,972,,,1,70,,3994,972,,,1,30,,3995,972,,,1,70,,3996,972,,,1,31,,3997,1032,,,1,70,,3998,1032,,,1,30,,3999,1032,,,1,70,,4000,1032,,,1,30,,4001,1032,,,1,72,,4002,1144,,,1,30,,4003,1144,,,1,70,,4004,1144,,,1,30,,4005,1144,,,1,70,,4006,1144,,,1,30,,4007,1144,,,1,70,,4008,1144,,,1,29,,4009,1084,,,1,70,,4010,1084,,,1,30,,4011,1084,,,1,70,,4012,1084,,,1,28,,4013,972,,,1,70,,4014,972,,,1,30,,4015,972,,,1,70,,4016,972,,,1,30,,4017,972,,,1
6500,'6',636,,4018,1032,,,1,70,,4019,1032,,,1,30,,4020,1032,,,1,70,,4021,1032,,,1,30,,4022,1032,,,1,70,,4023,1032,,,1,30,,4024,1032,,,1,70,,4025,1032,,,1,29,,4026,972,,,1,70,,4027,972,,,1,30,,4028,972,,,1,70,,4029,972,,,1,31,,4030,1032,,,1,70,,4031,1032,,,1,30,,4032,1032,,,1,70,,4033,1032,,,1,30,,4034,1032,,,1,72,,4035,1144,,,1,30,,4036,1144,,,1,70,,4037,1144,,,1,30,,4038,1144,,,1,70,,4039,1144,,,1,30,,4040,1144,,,1,70,,4041,1144,,,1,29,,4042,1084,,,1,70,,4043,1084,,,1,30,,4044,1084,,,1,70,,4045,1084,,,1,28,,4046,972,,,1,70,,4047,972,,,1,30,,4048,972,,,1,70,,4049,972,,,1,30,,4050,972,,,1
6500,'9',814,,4051,972,,,1,100,,4052,972,,,1,100,,4053,972,,,1,100,,4054,972,,,1,101,,4055,1032,,,1,100,,4056,1032,,,1,100,,4057,1032,,,1,100,,4058,1032,,,1,102,,4059,1144,,,1,100,,4060,1144,,,1,100,,4061,1144,,,1,100,,4062,1144,,,1
8501,'2',632,,4342,1705,,,1,100,,4343,1705,,,1,106,,4344,2056,,,1,100,,4345,2056,,,1,101,,4346,2107,,,1,100,,4347,2107,,,1,101,,4348,2167,,,1,100,,4349,2167,,,1,100,,4350,2167,,,1,102,,4351,2287,,,1,100,,4352,2287,,,1,101,,4353,2398,,,1,96,,4354,2116,,,1,100,,4355,2116,,,1,97,,4356,1936,,,1,100,,4357,1936,,,1,97,,4358,1756,,,1,100,,4359,1756,,,1
8501,'3',632,,4360,1705,,,1,100,,4361,1705,,,1,106,,4362,2056,,,1,100,,4363,2056,,,1,101,,4364,2107,,,1,100,,4365,2107,,,1,101,,4366,2167,,,1,100,,4367,2167,,,1,100,,4368,2167,,,1,102,,4369,2287,,,1,100,,4370,2287,,,1,101,,4371,2398,,,1,96,,4372,2116,,,1,100,,4373,2116,,,1,97,,4374,1936,,,1,100,,4375,1936,,,1,97,,4376,1756,,,1,100,,4377,1756,,,1
8501,'4',632,,4378,1705,,,1,100,,4379,1705,,,1,106,,4380,2056,,,1,100,,4381,2056,,,1,101,,4382,2107,,,1,100,,4383,2107,,,1,101,,4384,2167,,,1,100,,4385,2167,,,1,100,,4386,2167,,,1,102,,4387,2287,,,1,100,,4388,2287,,,1,101,,4389,2398,,,1,96,,4390,2116,,,1,100,,4391,2116,,,1,97,,4392,1936,,,1,100,,4393,1936,,,1,97,,4394,1756,,,1,100,,4395,1756,,,1
8501,'5',632,,4396,1705,,,1,100,,4397,1705,,,1,106,,4398,2056,,,1,100,,4399,2056,,,1,101,,4400,2107,,,1,100,,4401,2107,,,1,101,,4402,2167,,,1,100,,4403,2167,,,1,100,,4404,2167,,,1,102,,4405,2287,,,1,100,,4406,2287,,,1,101,,4407,2398,,,1,96,,4408,2116,,,1,100,,4409,2116,,,1,97,,4410,1936,,,1,100,,4411,1936,,,1,97,,4412,1756,,,1,100,,4413,1756,,,1
8501,'6',632,,4414,1705,,,1,100,,4415,1705,,,1,106,,4416,2056,,,1,100,,4417,2056,,,1,101,,4418,2107,,,1,100,,4419,2107,,,1,101,,4420,2167,,,1,100,,4421,2167,,,1,100,,4422,2167,,,1,102,,4423,2287,,,1,100,,4424,2287,,,1,101,,4425,2398,,,1,96,,4426,2116,,,1,100,,4427,2116,,,1,97,,4428,1936,,,1,100,,4429,1936,,,1,97,,4430,1756,,,1,100,,4431,1756,,,1
8501,'9',841,,4432,1936,,,1,100,,4433,1936,,,1,100,,4434,1936,,,1,103,,4435,2107,,,1,100,,4436,2107,,,1,100,,4437,2107,,,1,100,,4438,2107,,,1,103,,4439,2287,,,1,100,,4440,2287,,,1,100,,4441,2287,,,1,100,,4442,2287,,,1,100,,4443,2287,,,1
