3500,'2',640,,2655,1489,,,1,68,,2656,1489,,,1,29,,2657,1489,,,1,69,,2658,1454,,,1,30,,2659,1454,,,1,69,,2660,1454,,,1,29,,2661,1454,,,1,69,,2662,1454,,,1,29,,2663,1467,,,1,69,,2664,1467,,,1,29,,2665,1467,,,1,29,,2666,1467,,,1,69,,2667,1467,,,1,29,,2668,1467,,,1,70,,2669,1467,,,1,29,,2670,1467,,,1,69,,2671,1467,,,1,31,,2672,1527,,,1,70,,2673,1527,,,1,31,,2674,1527,,,1,70,,2675,1527,,,1,32,,2676,1587,,,1,71,,2677,1587,,,1,71,,2678,1587,,,1,28,,2679,1442,,,1,71,,2680,1442,,,1,30,,2681,1442,,,1,70,,2682,1442,,,1,27,,2683,1274,,,1,30,,2684,1274,,,1,70,,2685,1274,,,1,30,,2686,1274,,,1,70,,2687,1262,,,1,85,,2688,1262,,,1
3500,'3',640,,2689,1489,,,1,68,,2690,1489,,,1,29,,2691,1489,,,1,69,,2692,1454,,,1,30,,2693,1454,,,1,69,,2694,1454,,,1,29,,2695,1454,,,1,69,,2696,1454,,,1,29,,2697,1467,,,1,69,,2698,1467,,,1,29,,2699,1467,,,1,29,,2700,1467,,,1,69,,2701,1467,,,1,29,,2702,1467,,,1,70,,2703,1467,,,1,29,,2704,1467,,,1,69,,2705,1467,,,1,31,,2706,1527,,,1,70,,2707,1527,,,1,31,,2708,1527,,,1,70,,2709,1527,,,1,32,,2710,1587,,,1,71,,2711,1587,,,1,71,,2712,1587,,,1,28,,2713,1442,,,1,71,,2714,1442,,,1,30,,2715,1442,,,1,70,,2716,1442,,,1,27,,2717,1274,,,1,30,,2718,1274,,,1,70,,2719,1274,,,1,30,,2720,1274,,,1,70,,2721,1262,,,1,85,,2722,1262,,,1
3500,'4',640,,2723,1489,,,1,68,,2724,1489,,,1,29,,2725,1489,,,1,69,,2726,1454,,,1,30,,2727,1454,,,1,69,,2728,1454,,,1,29,,2729,1454,,,1,69,,2730,1454,,,1,29,,2731,1467,,,1,69,,2732,1467,,,1,29,,2733,1467,,,1,29,,2734,1467,,,1,69,,2735,1467,,,1,29,,2736,1467,,,1,70,,2737,1467,,,1,29,,2738,1467,,,1,69,,2739,1467,,,1,31,,2740,1527,,,1,70,,2741,1527,,,1,31,,2742,1527,,,1,70,,2743,1527,,,1,32,,2744,1587,,,1,71,,2745,1587,,,1,71,,2746,1587,,,1,28,,2747,1442,,,1,71,,2748,1442,,,1,30,,2749,1442,,,1,70,,2750,1442,,,1,27,,2751,1274,,,1,30,,2752,1274,,,1,70,,2753,1274,,,1,30,,2754,1274,,,1,70,,2755,1262,,,1,85,,2756,1262,,,1
3500,'5',640,,2757,1489,,,1,68,,2758,1489,,,1,29,,2759,1489,,,1,69,,2760,1454,,,1,30,,2761,1454,,,1,69,,2762,1454,,,1,29,,2763,1454,,,1,69,,2764,1454,,,1,29,,2765,1467,,,1,69,,2766,1467,,,1,29,,2767,1467,,,1,29,,2768,1467,,,1,69,,2769,1467,,,1,29,,2770,1467,,,1,70,,2771,1467,,,1,29,,2772,1467,,,1,69,,2773,1467,,,1,31,,2774,1527,,,1,70,,2775,1527,,,1,31,,2776,1527,,,1,70,,2777,1527,,,1,32,,2778,1587,,,1,71,,2779,1587,,,1,71,,2780,1587,,,1,28,,2781,1442,,,1,71,,2782,1442,,,1,30,,2783,1442,,,1,70,,2784,1442,,,1,27,,2785,1274,,,1,30,,2786,1274,,,1,70,,2787,1274,,,1,30,,2788,1274,,,1,70,,2789,1262,,,1,85,,2790,1262,,,1
3500,'6',640,,2791,1489,,,1,68,,2792,1489,,,1,29,,2793,1489,,,1,69,,2794,1454,,,1,30,,2795,1454,,,1,69,,2796,1454,,,1,29,,2797,1454,,,1,69,,2798,1454,,,1,29,,2799,1467,,,1,69,,2800,1467,,,1,29,,2801,1467,,,1,29,,2802,1467,,,1,69,,2803,1467,,,1,29,,2804,1467,,,1,70,,2805,1467,,,1,29,,2806,1467,,,1,69,,2807,1467,,,1,31,,2808,1527,,,1,70,,2809,1527,,,1,31,,2810,1527,,,1,70,,2811,1527,,,1,32,,2812,1587,,,1,71,,2813,1587,,,1,71,,2814,1587,,,1,28,,2815,1442,,,1,71,,2816,1442,,,1,30,,2817,1442,,,1,70,,2818,1442,,,1,27,,2819,1274,,,1,30,,2820,1274,,,1,70,,2821,1274,,,1,30,,2822,1274,,,1,70,,2823,1262,,,1,85,,2824,1262,,,1
3500,'9',826,,2825,1429,,,1,30,,2826,1429,,,1,70,,2827,1429,,,1,30,,2828,1429,,,1,70,,2829,1429,,,1,30,,2830,1429,,,1,71,,2831,1442,,,1,30,,2832,1442,,,1,70,,2833,1442,,,1,30,,2834,1442,,,1,70,,2835,1442,,,1,30,,2836,1442,,,1,70,,2837,1442,,,1,30,,2838,1442,,,1,70,,2839,1442,,,1,30,,2840,1442,,,1,70,,2841,1442,,,1,30,,2842,1442,,,1,70,,2843,1442,,,1,30,,2844,1442,,,1,70,,2845,1442,,,1,30,,2846,1442,,,1,70,,2847,1442,,,1
6500,'2',702,,3886,2615,,,1,30,,3887,2615,,,1,70,,3888,2615,,,1,31,,3889,2662,,,1,70,,3890,2662,,,1,30,,3891,2662,,,1,70,,3892,2662,,,1,30,,3893,2662,,,1,69,,3894,2602,,,1,30,,3895,2602,,,1,70,,3896,2602,,,1,30,,3897,2602,,,1,72,,3898,2709,,,1,30,,3899,2709,,,1,70,,3900,2709,,,1,30,,3901,2709,,,1,70,,3902,2709,,,1,33,,3903,2936,,,1,70,,3904,2936,,,1,30,,3905,2936,,,1,70,,3906,2936,,,1,30,,3907,2915,,,1,70,,3908,2915,,,1,30,,3909,2915,,,1,66,,3910,2662,,,1,30,,3911,2662,,,1,70,,3912,2662,,,1,30,,3913,2662,,,1,68,,3914,2542,,,1,30,,3915,2542,,,1,70,,3916,2542,,,1,30,,3917,2542,,,1,70,,3918,2555,,,1
6500,'3',702,,3919,2615,,,1,30,,3920,2615,,,1,70,,3921,2615,,,1,31,,3922,2662,,,1,70,,3923,2662,,,1,30,,3924,2662,,,1,70,,3925,2662,,,1,30,,3926,2662,,,1,69,,3927,2602,,,1,30,,3928,2602,,,1,70,,3929,2602,,,1,30,,3930,2602,,,1,72,,3931,2709,,,1,30,,3932,2709,,,1,70,,3933,2709,,,1,30,,3934,2709,,,1,70,,3935,2709,,,1,33,,3936,2936,,,1,70,,3937,2936,,,1,30,,3938,2936,,,1,70,,3939,2936,,,1,30,,3940,2915,,,1,70,,3941,2915,,,1,30,,3942,2915,,,1,66,,3943,2662,,,1,30,,3944,2662,,,1,70,,3945,2662,,,1,30,,3946,2662,,,1,68,,3947,2542,,,1,30,,3948,2542,,,1,70,,3949,2542,,,1,30,,3950,2542,,,1,70,,3951,2555,,,1
6500,'4',702,,3952,2615,,,1,30,,3953,2615,,,1,70,,3954,2615,,,1,31,,3955,2662,,,1,70,,3956,2662,,,1,30,,3957,2662,,,1,70,,3958,2662,,,1,30,,3959,2662,,,1,69,,3960,2602,,,1,30,,3961,2602,,,1,70,,3962,2602,,,1,30,,3963,2602,,,1,72,,3964,2709,,,1,30,,3965,2709,,,1,70,,3966,2709,,,1,30,,3967,2709,,,1,70,,3968,2709,,,1,33,,3969,2936,,,1,70,,3970,2936,,,1,30,,3971,2936,,,1,70,,3972,2936,,,1,30,,3973,2915,,,1,70,,3974,2915,,,1,30,,3975,2915,,,1,66,,3976,2662,,,1,30,,3977,2662,,,1,70,,3978,2662,,,1,30,,3979,2662,,,1,68,,3980,2542,,,1,30,,3981,2542,,,1,70,,3982,2542,,,1,30,,3983,2542,,,1,70,,3984,2555,,,1
6500,'5',702,,3985,2615,,,1,30,,3986,2615,,,1,70,,3987,2615,,,1,31,,3988,2662,,,1,70,,3989,2662,,,1,30,,3990,2662,,,1,70,,3991,2662,,,1,30,,3992,2662,,,1,69,,3993,2602,,,1,30,,3994,2602,,,1,70,,3995,2602,,,1,30,,3996,2602,,,1,72,,3997,2709,,,1,30,,3998,2709,,,1,70,,3999,2709,,,1,30,,4000,2709,,,1,70,,4001,2709,,,1,33,,4002,2936,,,1,70,,4003,2936,,,1,30,,4004,2936,,,1,70,,4005,2936,,,1,30,,4006,2915,,,1,70,,4007,2915,,,1,30,,4008,2915,,,1,66,,4009,2662,,,1,30,,4010,2662,,,1,70,,4011,2662,,,1,30,,4012,2662,,,1,68,,4013,2542,,,1,30,,4014,2542,,,1,70,,4015,2542,,,1,30,,4016,2542,,,1,70,,4017,2555,,,1
6500,'6',702,,4018,2615,,,1,30,,4019,2615,,,1,70,,4020,2615,,,1,31,,4021,2662,,,1,70,,4022,2662,,,1,30,,4023,2662,,,1,70,,4024,2662,,,1,30,,4025,2662,,,1,69,,4026,2602,,,1,30,,4027,2602,,,1,70,,4028,2602,,,1,30,,4029,2602,,,1,72,,4030,2709,,,1,30,,4031,2709,,,1,70,,4032,2709,,,1,30,,4033,2709,,,1,70,,4034,2709,,,1,33,,4035,2936,,,1,70,,4036,2936,,,1,30,,4037,2936,,,1,70,,4038,2936,,,1,30,,4039,2915,,,1,70,,4040,2915,,,1,30,,4041,2915,,,1,66,,4042,2662,,,1,30,,4043,2662,,,1,70,,4044,2662,,,1,30,,4045,2662,,,1,68,,4046,2542,,,1,30,,4047,2542,,,1,70,,4048,2542,,,1,30,,4049,2542,,,1,70,,4050,2555,,,1
6500,'9',839,,4051,2495,,,1,100,,4052,2495,,,1,100,,4053,2495,,,1,100,,4054,2495,,,1,103,,4055,2696,,,1,100,,4056,2696,,,1,100,,4057,2696,,,1,100,,4058,2696,,,1,102,,4059,2769,,,1,100,,4060,2769,,,1,100,,4061,2769,,,1,100,,4062,2769,,,1
