1101,'2',712,,729,437,,,1,101,,730,509,,,1,100,,731,509,,,1,100,,732,509,,,1,100,,733,509,,,1,101,,734,509,,,1,99,,735,509,,,1,100,,736,509,,,1,101,,737,509,,,1,101,,738,509,,,1,101,,739,509,,,1,97,,740,509,,,1,100,,741,509,,,1,102,,742,509,,,1,100,,743,509,,,1,99,,744,437,,,1
1101,'3',712,,745,437,,,1,101,,746,509,,,1,100,,747,509,,,1,100,,748,509,,,1,100,,749,509,,,1,101,,750,509,,,1,99,,751,509,,,1,100,,752,509,,,1,101,,753,509,,,1,101,,754,509,,,1,101,,755,509,,,1,97,,756,509,,,1,100,,757,509,,,1,102,,758,509,,,1,100,,759,509,,,1,99,,760,437,,,1
1101,'4',712,,761,437,,,1,101,,762,509,,,1,100,,763,509,,,1,100,,764,509,,,1,100,,765,509,,,1,101,,766,509,,,1,99,,767,509,,,1,100,,768,509,,,1,101,,769,509,,,1,101,,770,509,,,1,101,,771,509,,,1,97,,772,509,,,1,100,,773,509,,,1,102,,774,509,,,1,100,,775,509,,,1,99,,776,437,,,1
1101,'5',712,,777,437,,,1,101,,778,509,,,1,100,,779,509,,,1,100,,780,509,,,1,100,,781,509,,,1,101,,782,509,,,1,99,,783,509,,,1,100,,784,509,,,1,101,,785,509,,,1,101,,786,509,,,1,101,,787,509,,,1,97,,788,509,,,1,100,,789,509,,,1,102,,790,509,,,1,100,,791,509,,,1,99,,792,437,,,1
1101,'6',712,,793,437,,,1,101,,794,509,,,1,100,,795,509,,,1,100,,796,509,,,1,100,,797,509,,,1,101,,798,509,,,1,99,,799,509,,,1,100,,800,509,,,1,101,,801,509,,,1,101,,802,509,,,1,101,,803,509,,,1,97,,804,509,,,1,100,,805,509,,,1,102,,806,509,,,1,100,,807,509,,,1,99,,808,437,,,1
1101,'9',850,,809,437,,,1,100,,810,437,,,1,100,,811,437,,,1,101,,812,509,,,1,100,,813,509,,,1,100,,814,509,,,1,100,,815,509,,,1,100,,816,509,,,1,100,,817,509,,,1,100,,818,509,,,1,100,,819,509,,,1,100,,820,509,,,1
3000,'2',611,,1856,409,,,1,15,,1857,409,,,1,15,,1858,409,,,1,15,,1859,409,,,1,55,,1860,409,,,1,15,,1861,409,,,1,16,,1862,438,,,1,16,,1863,438,,,1,56,,1864,438,,,1,16,,1865,438,,,1,16,,1866,438,,,1,56,,1867,438,,,1,16,,1868,438,,,1,16,,1869,438,,,1,16,,1870,438,,,1,56,,1871,438,,,1,16,,1872,438,,,1,15,,1873,438,,,1,15,,1874,438,,,1,55,,1875,438,,,1,15,,1876,438,,,1,15,,1877,438,,,1,15,,1878,438,,,1,55,,1879,438,,,1,15,,1880,467,,,1,15,,1881,467,,,1,15,,1882,467,,,1,55,,1883,467,,,1,15,,1884,467,,,1,16,,1885,467,,,1,15,,1886,467,,,1,55,,1887,467,,,1,15,,1888,467,,,1,16,,1889,496,,,1,16,,1890,496,,,1,56,,1891,496,,,1,16,,1892,496,,,1,16,,1893,496,,,1,16,,1894,496,,,1,56,,1895,496,,,1,16,,1896,496,,,1,16,,1897,496,,,1,56,,1898,496,,,1,16,,1899,496,,,1,15,,1900,496,,,1,15,,1901,496,,,1,55,,1902,496,,,1,14,,1903,438,,,1,15,,1904,438,,,1,15,,1905,438,,,1,55,,1906,438,,,1,15,,1907,438,,,1,30,,1908,438,,,1,69,,1909,409,,,1,30,,1910,409,,,1,70,,1911,409,,,1,30,,1912,409,,,1,70,,1913,380,,,1,100,,1914,380,,,1
3000,'3',611,,1915,409,,,1,15,,1916,409,,,1,15,,1917,409,,,1,15,,1918,409,,,1,55,,1919,409,,,1,15,,1920,409,,,1,16,,1921,438,,,1,16,,1922,438,,,1,56,,1923,438,,,1,16,,1924,438,,,1,16,,1925,438,,,1,56,,1926,438,,,1,16,,1927,438,,,1,16,,1928,438,,,1,16,,1929,438,,,1,56,,1930,438,,,1,16,,1931,438,,,1,15,,1932,438,,,1,15,,1933,438,,,1,55,,1934,438,,,1,15,,1935,438,,,1,15,,1936,438,,,1,15,,1937,438,,,1,55,,1938,438,,,1,15,,1939,467,,,1,15,,1940,467,,,1,15,,1941,467,,,1,55,,1942,467,,,1,15,,1943,467,,,1,16,,1944,467,,,1,15,,1945,467,,,1,55,,1946,467,,,1,15,,1947,467,,,1,16,,1948,496,,,1,16,,1949,496,,,1,56,,1950,496,,,1,16,,1951,496,,,1,16,,1952,496,,,1,16,,1953,496,,,1,56,,1954,496,,,1,16,,1955,496,,,1,16,,1956,496,,,1,56,,1957,496,,,1,16,,1958,496,,,1,15,,1959,496,,,1,15,,1960,496,,,1,55,,1961,496,,,1,14,,1962,438,,,1,15,,1963,438,,,1,15,,1964,438,,,1,55,,1965,438,,,1,15,,1966,438,,,1,30,,1967,438,,,1,69,,1968,409,,,1,30,,1969,409,,,1,70,,1970,409,,,1,30,,1971,409,,,1,70,,1972,380,,,1,100,,1973,380,,,1
3000,'4',611,,1974,409,,,1,15,,1975,409,,,1,15,,1976,409,,,1,15,,1977,409,,,1,55,,1978,409,,,1,15,,1979,409,,,1,16,,1980,438,,,1,16,,1981,438,,,1,56,,1982,438,,,1,16,,1983,438,,,1,16,,1984,438,,,1,56,,1985,438,,,1,16,,1986,438,,,1,16,,1987,438,,,1,16,,1988,438,,,1,56,,1989,438,,,1,16,,1990,438,,,1,15,,1991,438,,,1,15,,1992,438,,,1,55,,1993,438,,,1,15,,1994,438,,,1,15,,1995,438,,,1,15,,1996,438,,,1,55,,1997,438,,,1,15,,1998,467,,,1,15,,1999,467,,,1,15,,2000,467,,,1,55,,2001,467,,,1,15,,2002,467,,,1,16,,2003,467,,,1,15,,2004,467,,,1,55,,2005,467,,,1,15,,2006,467,,,1,16,,2007,496,,,1,16,,2008,496,,,1,56,,2009,496,,,1,16,,2010,496,,,1,16,,2011,496,,,1,16,,2012,496,,,1,56,,2013,496,,,1,16,,2014,496,,,1,16,,2015,496,,,1,56,,2016,496,,,1,16,,2017,496,,,1,15,,2018,496,,,1,15,,2019,496,,,1,55,,2020,496,,,1,14,,2021,438,,,1,15,,2022,438,,,1,15,,2023,438,,,1,55,,2024,438,,,1,15,,2025,438,,,1,30,,2026,438,,,1,69,,2027,409,,,1,30,,2028,409,,,1,70,,2029,409,,,1,30,,2030,409,,,1,70,,2031,380,,,1,100,,2032,380,,,1
3000,'5',611,,2033,409,,,1,15,,2034,409,,,1,15,,2035,409,,,1,15,,2036,409,,,1,55,,2037,409,,,1,15,,2038,409,,,1,16,,2039,438,,,1,16,,2040,438,,,1,56,,2041,438,,,1,16,,2042,438,,,1,16,,2043,438,,,1,56,,2044,438,,,1,16,,2045,438,,,1,16,,2046,438,,,1,16,,2047,438,,,1,56,,2048,438,,,1,16,,2049,438,,,1,15,,2050,438,,,1,15,,2051,438,,,1,55,,2052,438,,,1,15,,2053,438,,,1,15,,2054,438,,,1,15,,2055,438,,,1,55,,2056,438,,,1,15,,2057,467,,,1,15,,2058,467,,,1,15,,2059,467,,,1,55,,2060,467,,,1,15,,2061,467,,,1,16,,2062,467,,,1,15,,2063,467,,,1,55,,2064,467,,,1,15,,2065,467,,,1,16,,2066,496,,,1,16,,2067,496,,,1,56,,2068,496,,,1,16,,2069,496,,,1,16,,2070,496,,,1,16,,2071,496,,,1,56,,2072,496,,,1,16,,2073,496,,,1,16,,2074,496,,,1,56,,2075,496,,,1,16,,2076,496,,,1,15,,2077,496,,,1,15,,2078,496,,,1,55,,2079,496,,,1,14,,2080,438,,,1,15,,2081,438,,,1,15,,2082,438,,,1,55,,2083,438,,,1,15,,2084,438,,,1,30,,2085,438,,,1,69,,2086,409,,,1,30,,2087,409,,,1,70,,2088,409,,,1,30,,2089,409,,,1,70,,2090,380,,,1,100,,2091,380,,,1
3000,'6',611,,2092,409,,,1,15,,2093,409,,,1,15,,2094,409,,,1,15,,2095,409,,,1,55,,2096,409,,,1,15,,2097,409,,,1,16,,2098,438,,,1,16,,2099,438,,,1,56,,2100,438,,,1,16,,2101,438,,,1,16,,2102,438,,,1,56,,2103,438,,,1,16,,2104,438,,,1,16,,2105,438,,,1,16,,2106,438,,,1,56,,2107,438,,,1,16,,2108,438,,,1,15,,2109,438,,,1,15,,2110,438,,,1,55,,2111,438,,,1,15,,2112,438,,,1,15,,2113,438,,,1,15,,2114,438,,,1,55,,2115,438,,,1,15,,2116,467,,,1,15,,2117,467,,,1,15,,2118,467,,,1,55,,2119,467,,,1,15,,2120,467,,,1,16,,2121,467,,,1,15,,2122,467,,,1,55,,2123,467,,,1,15,,2124,467,,,1,16,,2125,496,,,1,16,,2126,496,,,1,56,,2127,496,,,1,16,,2128,496,,,1,16,,2129,496,,,1,16,,2130,496,,,1,56,,2131,496,,,1,16,,2132,496,,,1,16,,2133,496,,,1,56,,2134,496,,,1,16,,2135,496,,,1,15,,2136,496,,,1,15,,2137,496,,,1,55,,2138,496,,,1,14,,2139,438,,,1,15,,2140,438,,,1,15,,2141,438,,,1,55,,2142,438,,,1,15,,2143,438,,,1,30,,2144,438,,,1,69,,2145,409,,,1,30,,2146,409,,,1,70,,2147,409,,,1,30,,2148,409,,,1,70,,2149,380,,,1,100,,2150,380,,,1
3000,'9',758,,2151,409,,,1,70,,2152,409,,,1,30,,2153,409,,,1,70,,2154,409,,,1,30,,2155,409,,,1,70,,2156,409,,,1,30,,2157,409,,,1,71,,2158,438,,,1,30,,2159,438,,,1,70,,2160,438,,,1,30,,2161,438,,,1,70,,2162,438,,,1,30,,2163,438,,,1,70,,2164,438,,,1,30,,2165,438,,,1,70,,2166,438,,,1,30,,2167,438,,,1,70,,2168,438,,,1,30,,2169,438,,,1,70,,2170,438,,,1,30,,2171,438,,,1,70,,2172,438,,,1,30,,2173,438,,,1,70,,2174,438,,,1
