9200,'2',657,,4444,1800,,,1,96,,4445,1800,,,1,72,,4446,1860,,,1,94,,4447,1860,,,1,694,,4448,2040,,,1,30,,4449,2040,,,1,104,,4450,2100,,,1,91,,4451,1800,,,1,76,,4452,1800,,,1
9200,'3',657,,4453,1800,,,1,96,,4454,1800,,,1,72,,4455,1860,,,1,94,,4456,1860,,,1,694,,4457,2040,,,1,30,,4458,2040,,,1,104,,4459,2100,,,1,91,,4460,1800,,,1,76,,4461,1800,,,1
9200,'4',657,,4462,1800,,,1,96,,4463,1800,,,1,72,,4464,1860,,,1,94,,4465,1860,,,1,694,,4466,2040,,,1,30,,4467,2040,,,1,104,,4468,2100,,,1,91,,4469,1800,,,1,76,,4470,1800,,,1
9200,'5',657,,4471,1800,,,1,96,,4472,1800,,,1,72,,4473,1860,,,1,94,,4474,1860,,,1,694,,4475,2040,,,1,30,,4476,2040,,,1,104,,4477,2100,,,1,91,,4478,1800,,,1,76,,4479,1800,,,1
9200,'6',657,,4480,1800,,,1,96,,4481,1800,,,1,72,,4482,1860,,,1,94,,4483,1860,,,1,694,,4484,2040,,,1,30,,4485,2040,,,1,104,,4486,2100,,,1,91,,4487,1800,,,1,76,,4488,1800,,,1
9201,'2',554,,4489,420,,,1,94,,4490,420,,,1,70,,4491,420,,,1,98,,4492,480,,,1,29,,4493,480,,,1,94,,4494,480,,,1,693,,4495,480,,,1,71,,4496,480,,,1,104,,4497,480,,,1,49,,4498,420,,,1
9201,'3',554,,4499,420,,,1,94,,4500,420,,,1,70,,4501,420,,,1,98,,4502,480,,,1,29,,4503,480,,,1,94,,4504,480,,,1,693,,4505,480,,,1,71,,4506,480,,,1,104,,4507,480,,,1,49,,4508,420,,,1
9201,'4',554,,4509,420,,,1,94,,4510,420,,,1,70,,4511,420,,,1,98,,4512,480,,,1,29,,4513,480,,,1,94,,4514,480,,,1,693,,4515,480,,,1,71,,4516,480,,,1,104,,4517,480,,,1,49,,4518,420,,,1
9201,'5',554,,4519,420,,,1,94,,4520,420,,,1,70,,4521,420,,,1,98,,4522,480,,,1,29,,4523,480,,,1,94,,4524,480,,,1,693,,4525,480,,,1,71,,4526,480,,,1,104,,4527,480,,,1,49,,4528,420,,,1
9201,'6',554,,4529,420,,,1,94,,4530,420,,,1,70,,4531,420,,,1,98,,4532,480,,,1,29,,4533,480,,,1,94,,4534,480,,,1,693,,4535,480,,,1,71,,4536,480,,,1,104,,4537,480,,,1,49,,4538,420,,,1
