1101,'2',712,,729,470,,,1,102,,730,548,,,1,100,,731,548,,,1,100,,732,548,,,1,100,,733,548,,,1,101,,734,548,,,1,99,,735,548,,,1,100,,736,548,,,1,101,,737,548,,,1,101,,738,548,,,1,101,,739,548,,,1,97,,740,548,,,1,100,,741,548,,,1,102,,742,548,,,1,100,,743,548,,,1,98,,744,470,,,1
1101,'3',712,,745,470,,,1,102,,746,548,,,1,100,,747,548,,,1,100,,748,548,,,1,100,,749,548,,,1,101,,750,548,,,1,99,,751,548,,,1,100,,752,548,,,1,101,,753,548,,,1,101,,754,548,,,1,101,,755,548,,,1,97,,756,548,,,1,100,,757,548,,,1,102,,758,548,,,1,100,,759,548,,,1,98,,760,470,,,1
1101,'4',712,,761,470,,,1,102,,762,548,,,1,100,,763,548,,,1,100,,764,548,,,1,100,,765,548,,,1,101,,766,548,,,1,99,,767,548,,,1,100,,768,548,,,1,101,,769,548,,,1,101,,770,548,,,1,101,,771,548,,,1,97,,772,548,,,1,100,,773,548,,,1,102,,774,548,,,1,100,,775,548,,,1,98,,776,470,,,1
1101,'5',712,,777,470,,,1,102,,778,548,,,1,100,,779,548,,,1,100,,780,548,,,1,100,,781,548,,,1,101,,782,548,,,1,99,,783,548,,,1,100,,784,548,,,1,101,,785,548,,,1,101,,786,548,,,1,101,,787,548,,,1,97,,788,548,,,1,100,,789,548,,,1,102,,790,548,,,1,100,,791,548,,,1,98,,792,470,,,1
1101,'6',712,,793,470,,,1,102,,794,548,,,1,100,,795,548,,,1,100,,796,548,,,1,100,,797,548,,,1,101,,798,548,,,1,99,,799,548,,,1,100,,800,548,,,1,101,,801,548,,,1,101,,802,548,,,1,101,,803,548,,,1,97,,804,548,,,1,100,,805,548,,,1,102,,806,548,,,1,100,,807,548,,,1,98,,808,470,,,1
1101,'9',850,,809,470,,,1,100,,810,470,,,1,100,,811,470,,,1,102,,812,548,,,1,100,,813,548,,,1,100,,814,548,,,1,100,,815,548,,,1,100,,816,548,,,1,100,,817,548,,,1,100,,818,548,,,1,100,,819,548,,,1,100,,820,548,,,1
3000,'2',612,,1856,434,,,1,15,,1857,434,,,1,15,,1858,434,,,1,15,,1859,434,,,1,55,,1860,434,,,1,15,,1861,434,,,1,15,,1862,465,,,1,16,,1863,465,,,1,56,,1864,465,,,1,16,,1865,465,,,1,16,,1866,465,,,1,56,,1867,465,,,1,16,,1868,465,,,1,16,,1869,465,,,1,16,,1870,465,,,1,56,,1871,465,,,1,16,,1872,465,,,1,15,,1873,465,,,1,15,,1874,465,,,1,55,,1875,465,,,1,15,,1876,465,,,1,15,,1877,465,,,1,15,,1878,465,,,1,55,,1879,465,,,1,16,,1880,497,,,1,15,,1881,497,,,1,15,,1882,497,,,1,55,,1883,497,,,1,15,,1884,497,,,1,16,,1885,497,,,1,15,,1886,497,,,1,55,,1887,497,,,1,15,,1888,497,,,1,15,,1889,528,,,1,16,,1890,528,,,1,56,,1891,528,,,1,16,,1892,528,,,1,16,,1893,528,,,1,16,,1894,528,,,1,56,,1895,528,,,1,16,,1896,528,,,1,16,,1897,528,,,1,56,,1898,528,,,1,16,,1899,528,,,1,15,,1900,528,,,1,15,,1901,528,,,1,55,,1902,528,,,1,14,,1903,465,,,1,15,,1904,465,,,1,15,,1905,465,,,1,55,,1906,465,,,1,15,,1907,465,,,1,30,,1908,465,,,1,70,,1909,434,,,1,30,,1910,434,,,1,70,,1911,434,,,1,30,,1912,434,,,1,69,,1913,402,,,1,100,,1914,402,,,1
3000,'3',612,,1915,434,,,1,15,,1916,434,,,1,15,,1917,434,,,1,15,,1918,434,,,1,55,,1919,434,,,1,15,,1920,434,,,1,15,,1921,465,,,1,16,,1922,465,,,1,56,,1923,465,,,1,16,,1924,465,,,1,16,,1925,465,,,1,56,,1926,465,,,1,16,,1927,465,,,1,16,,1928,465,,,1,16,,1929,465,,,1,56,,1930,465,,,1,16,,1931,465,,,1,15,,1932,465,,,1,15,,1933,465,,,1,55,,1934,465,,,1,15,,1935,465,,,1,15,,1936,465,,,1,15,,1937,465,,,1,55,,1938,465,,,1,16,,1939,497,,,1,15,,1940,497,,,1,15,,1941,497,,,1,55,,1942,497,,,1,15,,1943,497,,,1,16,,1944,497,,,1,15,,1945,497,,,1,55,,1946,497,,,1,15,,1947,497,,,1,15,,1948,528,,,1,16,,1949,528,,,1,56,,1950,528,,,1,16,,1951,528,,,1,16,,1952,528,,,1,16,,1953,528,,,1,56,,1954,528,,,1,16,,1955,528,,,1,16,,1956,528,,,1,56,,1957,528,,,1,16,,1958,528,,,1,15,,1959,528,,,1,15,,1960,528,,,1,55,,1961,528,,,1,14,,1962,465,,,1,15,,1963,465,,,1,15,,1964,465,,,1,55,,1965,465,,,1,15,,1966,465,,,1,30,,1967,465,,,1,70,,1968,434,,,1,30,,1969,434,,,1,70,,1970,434,,,1,30,,1971,434,,,1,69,,1972,402,,,1,100,,1973,402,,,1
3000,'4',612,,1974,434,,,1,15,,1975,434,,,1,15,,1976,434,,,1,15,,1977,434,,,1,55,,1978,434,,,1,15,,1979,434,,,1,15,,1980,465,,,1,16,,1981,465,,,1,56,,1982,465,,,1,16,,1983,465,,,1,16,,1984,465,,,1,56,,1985,465,,,1,16,,1986,465,,,1,16,,1987,465,,,1,16,,1988,465,,,1,56,,1989,465,,,1,16,,1990,465,,,1,15,,1991,465,,,1,15,,1992,465,,,1,55,,1993,465,,,1,15,,1994,465,,,1,15,,1995,465,,,1,15,,1996,465,,,1,55,,1997,465,,,1,16,,1998,497,,,1,15,,1999,497,,,1,15,,2000,497,,,1,55,,2001,497,,,1,15,,2002,497,,,1,16,,2003,497,,,1,15,,2004,497,,,1,55,,2005,497,,,1,15,,2006,497,,,1,15,,2007,528,,,1,16,,2008,528,,,1,56,,2009,528,,,1,16,,2010,528,,,1,16,,2011,528,,,1,16,,2012,528,,,1,56,,2013,528,,,1,16,,2014,528,,,1,16,,2015,528,,,1,56,,2016,528,,,1,16,,2017,528,,,1,15,,2018,528,,,1,15,,2019,528,,,1,55,,2020,528,,,1,14,,2021,465,,,1,15,,2022,465,,,1,15,,2023,465,,,1,55,,2024,465,,,1,15,,2025,465,,,1,30,,2026,465,,,1,70,,2027,434,,,1,30,,2028,434,,,1,70,,2029,434,,,1,30,,2030,434,,,1,69,,2031,402,,,1,100,,2032,402,,,1
3000,'5',612,,2033,434,,,1,15,,2034,434,,,1,15,,2035,434,,,1,15,,2036,434,,,1,55,,2037,434,,,1,15,,2038,434,,,1,15,,2039,465,,,1,16,,2040,465,,,1,56,,2041,465,,,1,16,,2042,465,,,1,16,,2043,465,,,1,56,,2044,465,,,1,16,,2045,465,,,1,16,,2046,465,,,1,16,,2047,465,,,1,56,,2048,465,,,1,16,,2049,465,,,1,15,,2050,465,,,1,15,,2051,465,,,1,55,,2052,465,,,1,15,,2053,465,,,1,15,,2054,465,,,1,15,,2055,465,,,1,55,,2056,465,,,1,16,,2057,497,,,1,15,,2058,497,,,1,15,,2059,497,,,1,55,,2060,497,,,1,15,,2061,497,,,1,16,,2062,497,,,1,15,,2063,497,,,1,55,,2064,497,,,1,15,,2065,497,,,1,15,,2066,528,,,1,16,,2067,528,,,1,56,,2068,528,,,1,16,,2069,528,,,1,16,,2070,528,,,1,16,,2071,528,,,1,56,,2072,528,,,1,16,,2073,528,,,1,16,,2074,528,,,1,56,,2075,528,,,1,16,,2076,528,,,1,15,,2077,528,,,1,15,,2078,528,,,1,55,,2079,528,,,1,14,,2080,465,,,1,15,,2081,465,,,1,15,,2082,465,,,1,55,,2083,465,,,1,15,,2084,465,,,1,30,,2085,465,,,1,70,,2086,434,,,1,30,,2087,434,,,1,70,,2088,434,,,1,30,,2089,434,,,1,69,,2090,402,,,1,100,,2091,402,,,1
3000,'6',612,,2092,434,,,1,15,,2093,434,,,1,15,,2094,434,,,1,15,,2095,434,,,1,55,,2096,434,,,1,15,,2097,434,,,1,15,,2098,465,,,1,16,,2099,465,,,1,56,,2100,465,,,1,16,,2101,465,,,1,16,,2102,465,,,1,56,,2103,465,,,1,16,,2104,465,,,1,16,,2105,465,,,1,16,,2106,465,,,1,56,,2107,465,,,1,16,,2108,465,,,1,15,,2109,465,,,1,15,,2110,465,,,1,55,,2111,465,,,1,15,,2112,465,,,1,15,,2113,465,,,1,15,,2114,465,,,1,55,,2115,465,,,1,16,,2116,497,,,1,15,,2117,497,,,1,15,,2118,497,,,1,55,,2119,497,,,1,15,,2120,497,,,1,16,,2121,497,,,1,15,,2122,497,,,1,55,,2123,497,,,1,15,,2124,497,,,1,15,,2125,528,,,1,16,,2126,528,,,1,56,,2127,528,,,1,16,,2128,528,,,1,16,,2129,528,,,1,16,,2130,528,,,1,56,,2131,528,,,1,16,,2132,528,,,1,16,,2133,528,,,1,56,,2134,528,,,1,16,,2135,528,,,1,15,,2136,528,,,1,15,,2137,528,,,1,55,,2138,528,,,1,14,,2139,465,,,1,15,,2140,465,,,1,15,,2141,465,,,1,55,,2142,465,,,1,15,,2143,465,,,1,30,,2144,465,,,1,70,,2145,434,,,1,30,,2146,434,,,1,70,,2147,434,,,1,30,,2148,434,,,1,69,,2149,402,,,1,100,,2150,402,,,1
3000,'9',759,,2151,434,,,1,70,,2152,434,,,1,30,,2153,434,,,1,70,,2154,434,,,1,30,,2155,434,,,1,70,,2156,434,,,1,30,,2157,434,,,1,70,,2158,465,,,1,30,,2159,465,,,1,70,,2160,465,,,1,30,,2161,465,,,1,70,,2162,465,,,1,30,,2163,465,,,1,70,,2164,465,,,1,30,,2165,465,,,1,70,,2166,465,,,1,30,,2167,465,,,1,70,,2168,465,,,1,30,,2169,465,,,1,70,,2170,465,,,1,30,,2171,465,,,1,70,,2172,465,,,1,30,,2173,465,,,1,70,,2174,465,,,1
