4001,'2',638,,3040,2086,,,1,70,,3041,2086,,,1,30,,3042,2086,,,1,71,,3043,2122,,,1,30,,3044,2122,,,1,70,,3045,2122,,,1,30,,3046,2122,,,1,70,,3047,2122,,,1,30,,3048,2158,,,1,70,,3049,2158,,,1,30,,3050,2158,,,1,70,,3051,2158,,,1,32,,3052,2278,,,1,70,,3053,2278,,,1,30,,3054,2278,,,1,70,,3055,2278,,,1,30,,3056,2278,,,1,75,,3057,2554,,,1,30,,3058,2554,,,1,70,,3059,2554,,,1,30,,3060,2554,,,1,67,,3061,2362,,,1,30,,3062,2362,,,1,70,,3063,2362,,,1,27,,3064,2206,,,1,70,,3065,2206,,,1,410,,3066,2015,,,1,30,,3067,2015,,,1
4001,'3',638,,3068,2086,,,1,70,,3069,2086,,,1,30,,3070,2086,,,1,71,,3071,2122,,,1,30,,3072,2122,,,1,70,,3073,2122,,,1,30,,3074,2122,,,1,70,,3075,2122,,,1,30,,3076,2158,,,1,70,,3077,2158,,,1,30,,3078,2158,,,1,70,,3079,2158,,,1,32,,3080,2278,,,1,70,,3081,2278,,,1,30,,3082,2278,,,1,70,,3083,2278,,,1,30,,3084,2278,,,1,75,,3085,2554,,,1,30,,3086,2554,,,1,70,,3087,2554,,,1,30,,3088,2554,,,1,67,,3089,2362,,,1,30,,3090,2362,,,1,70,,3091,2362,,,1,27,,3092,2206,,,1,70,,3093,2206,,,1,410,,3094,2015,,,1,30,,3095,2015,,,1
4001,'4',638,,3096,2086,,,1,70,,3097,2086,,,1,30,,3098,2086,,,1,71,,3099,2122,,,1,30,,3100,2122,,,1,70,,3101,2122,,,1,30,,3102,2122,,,1,70,,3103,2122,,,1,30,,3104,2158,,,1,70,,3105,2158,,,1,30,,3106,2158,,,1,70,,3107,2158,,,1,32,,3108,2278,,,1,70,,3109,2278,,,1,30,,3110,2278,,,1,70,,3111,2278,,,1,30,,3112,2278,,,1,75,,3113,2554,,,1,30,,3114,2554,,,1,70,,3115,2554,,,1,30,,3116,2554,,,1,67,,3117,2362,,,1,30,,3118,2362,,,1,70,,3119,2362,,,1,27,,3120,2206,,,1,70,,3121,2206,,,1,410,,3122,2015,,,1,30,,3123,2015,,,1
4001,'5',638,,3124,2086,,,1,70,,3125,2086,,,1,30,,3126,2086,,,1,71,,3127,2122,,,1,30,,3128,2122,,,1,70,,3129,2122,,,1,30,,3130,2122,,,1,70,,3131,2122,,,1,30,,3132,2158,,,1,70,,3133,2158,,,1,30,,3134,2158,,,1,70,,3135,2158,,,1,32,,3136,2278,,,1,70,,3137,2278,,,1,30,,3138,2278,,,1,70,,3139,2278,,,1,30,,3140,2278,,,1,75,,3141,2554,,,1,30,,3142,2554,,,1,70,,3143,2554,,,1,30,,3144,2554,,,1,67,,3145,2362,,,1,30,,3146,2362,,,1,70,,3147,2362,,,1,27,,3148,2206,,,1,70,,3149,2206,,,1,410,,3150,2015,,,1,30,,3151,2015,,,1
4001,'6',638,,3152,2086,,,1,70,,3153,2086,,,1,30,,3154,2086,,,1,71,,3155,2122,,,1,30,,3156,2122,,,1,70,,3157,2122,,,1,30,,3158,2122,,,1,70,,3159,2122,,,1,30,,3160,2158,,,1,70,,3161,2158,,,1,30,,3162,2158,,,1,70,,3163,2158,,,1,32,,3164,2278,,,1,70,,3165,2278,,,1,30,,3166,2278,,,1,70,,3167,2278,,,1,30,,3168,2278,,,1,75,,3169,2554,,,1,30,,3170,2554,,,1,70,,3171,2554,,,1,30,,3172,2554,,,1,67,,3173,2362,,,1,30,,3174,2362,,,1,70,,3175,2362,,,1,27,,3176,2206,,,1,70,,3177,2206,,,1,410,,3178,2015,,,1,30,,3179,2015,,,1
4001,'9',802,,3180,2206,,,1,100,,3181,2206,,,1,100,,3182,2206,,,1,100,,3183,2206,,,1,102,,3184,2302,,,1,100,,3185,2302,,,1,100,,3186,2302,,,1,100,,3187,2302,,,1,100,,3188,2302,,,1,100,,3189,2302,,,1,100,,3190,2302,,,1,100,,3191,2302,,,1,100,,3192,2302,,,1
6501,'2',656,,4063,2062,,,1,70,,4064,2062,,,1,30,,4065,2062,,,1,71,,4066,2122,,,1,30,,4067,2122,,,1,70,,4068,2122,,,1,30,,4069,2122,,,1,70,,4070,2122,,,1,30,,4071,2158,,,1,70,,4072,2158,,,1,30,,4073,2158,,,1,70,,4074,2158,,,1,30,,4075,2122,,,1,70,,4076,2122,,,1,30,,4077,2122,,,1,70,,4078,2122,,,1,32,,4079,2278,,,1,70,,4080,2278,,,1,30,,4081,2278,,,1,70,,4082,2278,,,1,30,,4083,2278,,,1,69,,4084,2182,,,1,30,,4085,2182,,,1,70,,4086,2182,,,1,28,,4087,2086,,,1,70,,4088,2086,,,1,30,,4089,2086,,,1,70,,4090,2086,,,1,29,,4091,2026,,,1,70,,4092,2026,,,1,30,,4093,2026,,,1,70,,4094,2026,,,1,29,,4095,1966,,,1
6501,'3',656,,4096,2062,,,1,70,,4097,2062,,,1,30,,4098,2062,,,1,71,,4099,2122,,,1,30,,4100,2122,,,1,70,,4101,2122,,,1,30,,4102,2122,,,1,70,,4103,2122,,,1,30,,4104,2158,,,1,70,,4105,2158,,,1,30,,4106,2158,,,1,70,,4107,2158,,,1,30,,4108,2122,,,1,70,,4109,2122,,,1,30,,4110,2122,,,1,70,,4111,2122,,,1,32,,4112,2278,,,1,70,,4113,2278,,,1,30,,4114,2278,,,1,70,,4115,2278,,,1,30,,4116,2278,,,1,69,,4117,2182,,,1,30,,4118,2182,,,1,70,,4119,2182,,,1,28,,4120,2086,,,1,70,,4121,2086,,,1,30,,4122,2086,,,1,70,,4123,2086,,,1,29,,4124,2026,,,1,70,,4125,2026,,,1,30,,4126,2026,,,1,70,,4127,2026,,,1,29,,4128,1966,,,1
6501,'4',656,,4129,2062,,,1,70,,4130,2062,,,1,30,,4131,2062,,,1,71,,4132,2122,,,1,30,,4133,2122,,,1,70,,4134,2122,,,1,30,,4135,2122,,,1,70,,4136,2122,,,1,30,,4137,2158,,,1,70,,4138,2158,,,1,30,,4139,2158,,,1,70,,4140,2158,,,1,30,,4141,2122,,,1,70,,4142,2122,,,1,30,,4143,2122,,,1,70,,4144,2122,,,1,32,,4145,2278,,,1,70,,4146,2278,,,1,30,,4147,2278,,,1,70,,4148,2278,,,1,30,,4149,2278,,,1,69,,4150,2182,,,1,30,,4151,2182,,,1,70,,4152,2182,,,1,28,,4153,2086,,,1,70,,4154,2086,,,1,30,,4155,2086,,,1,70,,4156,2086,,,1,29,,4157,2026,,,1,70,,4158,2026,,,1,30,,4159,2026,,,1,70,,4160,2026,,,1,29,,4161,1966,,,1
6501,'5',656,,4162,2062,,,1,70,,4163,2062,,,1,30,,4164,2062,,,1,71,,4165,2122,,,1,30,,4166,2122,,,1,70,,4167,2122,,,1,30,,4168,2122,,,1,70,,4169,2122,,,1,30,,4170,2158,,,1,70,,4171,2158,,,1,30,,4172,2158,,,1,70,,4173,2158,,,1,30,,4174,2122,,,1,70,,4175,2122,,,1,30,,4176,2122,,,1,70,,4177,2122,,,1,32,,4178,2278,,,1,70,,4179,2278,,,1,30,,4180,2278,,,1,70,,4181,2278,,,1,30,,4182,2278,,,1,69,,4183,2182,,,1,30,,4184,2182,,,1,70,,4185,2182,,,1,28,,4186,2086,,,1,70,,4187,2086,,,1,30,,4188,2086,,,1,70,,4189,2086,,,1,29,,4190,2026,,,1,70,,4191,2026,,,1,30,,4192,2026,,,1,70,,4193,2026,,,1,29,,4194,1966,,,1
6501,'6',656,,4195,2062,,,1,70,,4196,2062,,,1,30,,4197,2062,,,1,71,,4198,2122,,,1,30,,4199,2122,,,1,70,,4200,2122,,,1,30,,4201,2122,,,1,70,,4202,2122,,,1,30,,4203,2158,,,1,70,,4204,2158,,,1,30,,4205,2158,,,1,70,,4206,2158,,,1,30,,4207,2122,,,1,70,,4208,2122,,,1,30,,4209,2122,,,1,70,,4210,2122,,,1,32,,4211,2278,,,1,70,,4212,2278,,,1,30,,4213,2278,,,1,70,,4214,2278,,,1,30,,4215,2278,,,1,69,,4216,2182,,,1,30,,4217,2182,,,1,70,,4218,2182,,,1,28,,4219,2086,,,1,70,,4220,2086,,,1,30,,4221,2086,,,1,70,,4222,2086,,,1,29,,4223,2026,,,1,70,,4224,2026,,,1,30,,4225,2026,,,1,70,,4226,2026,,,1,29,,4227,1966,,,1
6501,'9',833,,4228,1930,,,1,100,,4229,1930,,,1,100,,4230,1930,,,1,102,,4231,2062,,,1,100,,4232,2062,,,1,100,,4233,2062,,,1,100,,4234,2062,,,1,100,,4235,2062,,,1,100,,4236,2062,,,1,100,,4237,2062,,,1,100,,4238,2062,,,1,100,,4239,2062,,,1
8500,'2',616,,4240,1194,,,1,100,,4241,1194,,,1,103,,4242,1353,,,1,100,,4243,1353,,,1,98,,4244,1233,,,1,100,,4245,1233,,,1,100,,4246,1233,,,1,100,,4247,1233,,,1,100,,4248,1233,,,1,104,,4249,1473,,,1,100,,4250,1473,,,1,99,,4251,1413,,,1,100,,4252,1413,,,1,97,,4253,1254,,,1,100,,4254,1254,,,1,98,,4255,1134,,,1,100,,4256,1134,,,1,100,,4257,1095,,,1
8500,'3',616,,4258,1194,,,1,100,,4259,1194,,,1,103,,4260,1353,,,1,100,,4261,1353,,,1,98,,4262,1233,,,1,100,,4263,1233,,,1,100,,4264,1233,,,1,100,,4265,1233,,,1,100,,4266,1233,,,1,104,,4267,1473,,,1,100,,4268,1473,,,1,99,,4269,1413,,,1,100,,4270,1413,,,1,97,,4271,1254,,,1,100,,4272,1254,,,1,98,,4273,1134,,,1,100,,4274,1134,,,1,100,,4275,1095,,,1
8500,'4',616,,4276,1194,,,1,100,,4277,1194,,,1,103,,4278,1353,,,1,100,,4279,1353,,,1,98,,4280,1233,,,1,100,,4281,1233,,,1,100,,4282,1233,,,1,100,,4283,1233,,,1,100,,4284,1233,,,1,104,,4285,1473,,,1,100,,4286,1473,,,1,99,,4287,1413,,,1,100,,4288,1413,,,1,97,,4289,1254,,,1,100,,4290,1254,,,1,98,,4291,1134,,,1,100,,4292,1134,,,1,100,,4293,1095,,,1
8500,'5',616,,4294,1194,,,1,100,,4295,1194,,,1,103,,4296,1353,,,1,100,,4297,1353,,,1,98,,4298,1233,,,1,100,,4299,1233,,,1,100,,4300,1233,,,1,100,,4301,1233,,,1,100,,4302,1233,,,1,104,,4303,1473,,,1,100,,4304,1473,,,1,99,,4305,1413,,,1,100,,4306,1413,,,1,97,,4307,1254,,,1,100,,4308,1254,,,1,98,,4309,1134,,,1,100,,4310,1134,,,1,100,,4311,1095,,,1
8500,'6',616,,4312,1194,,,1,100,,4313,1194,,,1,103,,4314,1353,,,1,100,,4315,1353,,,1,98,,4316,1233,,,1,100,,4317,1233,,,1,100,,4318,1233,,,1,100,,4319,1233,,,1,100,,4320,1233,,,1,104,,4321,1473,,,1,100,,4322,1473,,,1,99,,4323,1413,,,1,100,,4324,1413,,,1,97,,4325,1254,,,1,100,,4326,1254,,,1,98,,4327,1134,,,1,100,,4328,1134,,,1,100,,4329,1095,,,1
8500,'9',828,,4330,1233,,,1,100,,4331,1233,,,1,100,,4332,1233,,,1,101,,4333,1293,,,1,100,,4334,1293,,,1,100,,4335,1293,,,1,100,,4336,1293,,,1,100,,4337,1293,,,1,100,,4338,1293,,,1,100,,4339,1293,,,1,100,,4340,1293,,,1,100,,4341,1293,,,1
