3101,'2',731,,2493,3506,,,1,71,,2494,3506,,,1,33,,2495,3622,,,1,71,,2496,3622,,,1,32,,2497,3622,,,1,72,,2498,3622,,,1,32,,2499,3622,,,1,72,,2500,3622,,,1,33,,2501,3622,,,1,72,,2502,3622,,,1,32,,2503,3622,,,1,74,,2504,3682,,,1,32,,2505,3682,,,1,73,,2506,3682,,,1,73,,2507,3682,,,1,34,,2508,3802,,,1,73,,2509,3802,,,1,33,,2510,3802,,,1,73,,2511,3802,,,1,33,,2512,3802,,,1,73,,2513,3802,,,1,33,,2514,3802,,,1,68,,2515,3502,,,1,32,,2516,3502,,,1,72,,2517,3502,,,1,30,,2518,3382,,,1,72,,2519,3382,,,1,72,,2520,3382,,,1,32,,2521,3382,,,1,70,,2522,3266,,,1
3101,'3',731,,2523,3506,,,1,71,,2524,3506,,,1,33,,2525,3622,,,1,71,,2526,3622,,,1,32,,2527,3622,,,1,72,,2528,3622,,,1,32,,2529,3622,,,1,72,,2530,3622,,,1,33,,2531,3622,,,1,72,,2532,3622,,,1,32,,2533,3622,,,1,74,,2534,3682,,,1,32,,2535,3682,,,1,73,,2536,3682,,,1,73,,2537,3682,,,1,34,,2538,3802,,,1,73,,2539,3802,,,1,33,,2540,3802,,,1,73,,2541,3802,,,1,33,,2542,3802,,,1,73,,2543,3802,,,1,33,,2544,3802,,,1,68,,2545,3502,,,1,32,,2546,3502,,,1,72,,2547,3502,,,1,30,,2548,3382,,,1,72,,2549,3382,,,1,72,,2550,3382,,,1,32,,2551,3382,,,1,70,,2552,3266,,,1
3101,'4',731,,2553,3506,,,1,71,,2554,3506,,,1,33,,2555,3622,,,1,71,,2556,3622,,,1,32,,2557,3622,,,1,72,,2558,3622,,,1,32,,2559,3622,,,1,72,,2560,3622,,,1,33,,2561,3622,,,1,72,,2562,3622,,,1,32,,2563,3622,,,1,74,,2564,3682,,,1,32,,2565,3682,,,1,73,,2566,3682,,,1,73,,2567,3682,,,1,34,,2568,3802,,,1,73,,2569,3802,,,1,33,,2570,3802,,,1,73,,2571,3802,,,1,33,,2572,3802,,,1,73,,2573,3802,,,1,33,,2574,3802,,,1,68,,2575,3502,,,1,32,,2576,3502,,,1,72,,2577,3502,,,1,30,,2578,3382,,,1,72,,2579,3382,,,1,72,,2580,3382,,,1,32,,2581,3382,,,1,70,,2582,3266,,,1
3101,'5',731,,2583,3506,,,1,71,,2584,3506,,,1,33,,2585,3622,,,1,71,,2586,3622,,,1,32,,2587,3622,,,1,72,,2588,3622,,,1,32,,2589,3622,,,1,72,,2590,3622,,,1,33,,2591,3622,,,1,72,,2592,3622,,,1,32,,2593,3622,,,1,74,,2594,3682,,,1,32,,2595,3682,,,1,73,,2596,3682,,,1,73,,2597,3682,,,1,34,,2598,3802,,,1,73,,2599,3802,,,1,33,,2600,3802,,,1,73,,2601,3802,,,1,33,,2602,3802,,,1,73,,2603,3802,,,1,33,,2604,3802,,,1,68,,2605,3502,,,1,32,,2606,3502,,,1,72,,2607,3502,,,1,30,,2608,3382,,,1,72,,2609,3382,,,1,72,,2610,3382,,,1,32,,2611,3382,,,1,70,,2612,3266,,,1
3101,'6',731,,2613,3506,,,1,71,,2614,3506,,,1,33,,2615,3622,,,1,71,,2616,3622,,,1,32,,2617,3622,,,1,72,,2618,3622,,,1,32,,2619,3622,,,1,72,,2620,3622,,,1,33,,2621,3622,,,1,72,,2622,3622,,,1,32,,2623,3622,,,1,74,,2624,3682,,,1,32,,2625,3682,,,1,73,,2626,3682,,,1,73,,2627,3682,,,1,34,,2628,3802,,,1,73,,2629,3802,,,1,33,,2630,3802,,,1,73,,2631,3802,,,1,33,,2632,3802,,,1,73,,2633,3802,,,1,33,,2634,3802,,,1,68,,2635,3502,,,1,32,,2636,3502,,,1,72,,2637,3502,,,1,30,,2638,3382,,,1,72,,2639,3382,,,1,72,,2640,3382,,,1,32,,2641,3382,,,1,70,,2642,3266,,,1
3101,'9',906,,2643,3382,,,1,100,,2644,3382,,,1,100,,2645,3382,,,1,106,,2646,3742,,,1,100,,2647,3742,,,1,100,,2648,3742,,,1,100,,2649,3742,,,1,99,,2650,3682,,,1,100,,2651,3682,,,1,100,,2652,3682,,,1,100,,2653,3682,,,1,100,,2654,3682,,,1
5101,'2',626,,3370,1108,,,1,30,,3371,1108,,,1,70,,3372,1108,,,1,74,,3373,1342,,,1,32,,3374,1342,,,1,72,,3375,1342,,,1,32,,3376,1342,,,1,72,,3377,1342,,,1,33,,3378,1402,,,1,72,,3379,1402,,,1,32,,3380,1402,,,1,72,,3381,1402,,,1,33,,3382,1402,,,1,73,,3383,1402,,,1,33,,3384,1402,,,1,72,,3385,1402,,,1,74,,3386,1459,,,1,33,,3387,1459,,,1,73,,3388,1459,,,1,33,,3389,1459,,,1,73,,3390,1462,,,1,33,,3391,1462,,,1,73,,3392,1462,,,1,31,,3393,1345,,,1,73,,3394,1345,,,1,32,,3395,1345,,,1,70,,3396,1228,,,1,32,,3397,1228,,,1,72,,3398,1228,,,1,72,,3399,1228,,,1,31,,3400,1168,,,1
5101,'3',626,,3401,1108,,,1,30,,3402,1108,,,1,70,,3403,1108,,,1,74,,3404,1342,,,1,32,,3405,1342,,,1,72,,3406,1342,,,1,32,,3407,1342,,,1,72,,3408,1342,,,1,33,,3409,1402,,,1,72,,3410,1402,,,1,32,,3411,1402,,,1,72,,3412,1402,,,1,33,,3413,1402,,,1,73,,3414,1402,,,1,33,,3415,1402,,,1,72,,3416,1402,,,1,74,,3417,1459,,,1,33,,3418,1459,,,1,73,,3419,1459,,,1,33,,3420,1459,,,1,73,,3421,1462,,,1,33,,3422,1462,,,1,73,,3423,1462,,,1,31,,3424,1345,,,1,73,,3425,1345,,,1,32,,3426,1345,,,1,70,,3427,1228,,,1,32,,3428,1228,,,1,72,,3429,1228,,,1,72,,3430,1228,,,1,31,,3431,1168,,,1
5101,'4',626,,3432,1108,,,1,30,,3433,1108,,,1,70,,3434,1108,,,1,74,,3435,1342,,,1,32,,3436,1342,,,1,72,,3437,1342,,,1,32,,3438,1342,,,1,72,,3439,1342,,,1,33,,3440,1402,,,1,72,,3441,1402,,,1,32,,3442,1402,,,1,72,,3443,1402,,,1,33,,3444,1402,,,1,73,,3445,1402,,,1,33,,3446,1402,,,1,72,,3447,1402,,,1,74,,3448,1459,,,1,33,,3449,1459,,,1,73,,3450,1459,,,1,33,,3451,1459,,,1,73,,3452,1462,,,1,33,,3453,1462,,,1,73,,3454,1462,,,1,31,,3455,1345,,,1,73,,3456,1345,,,1,32,,3457,1345,,,1,70,,3458,1228,,,1,32,,3459,1228,,,1,72,,3460,1228,,,1,72,,3461,1228,,,1,31,,3462,1168,,,1
5101,'5',626,,3463,1108,,,1,30,,3464,1108,,,1,70,,3465,1108,,,1,74,,3466,1342,,,1,32,,3467,1342,,,1,72,,3468,1342,,,1,32,,3469,1342,,,1,72,,3470,1342,,,1,33,,3471,1402,,,1,72,,3472,1402,,,1,32,,3473,1402,,,1,72,,3474,1402,,,1,33,,3475,1402,,,1,73,,3476,1402,,,1,33,,3477,1402,,,1,72,,3478,1402,,,1,74,,3479,1459,,,1,33,,3480,1459,,,1,73,,3481,1459,,,1,33,,3482,1459,,,1,73,,3483,1462,,,1,33,,3484,1462,,,1,73,,3485,1462,,,1,31,,3486,1345,,,1,73,,3487,1345,,,1,32,,3488,1345,,,1,70,,3489,1228,,,1,32,,3490,1228,,,1,72,,3491,1228,,,1,72,,3492,1228,,,1,31,,3493,1168,,,1
5101,'6',626,,3494,1108,,,1,30,,3495,1108,,,1,70,,3496,1108,,,1,74,,3497,1342,,,1,32,,3498,1342,,,1,72,,3499,1342,,,1,32,,3500,1342,,,1,72,,3501,1342,,,1,33,,3502,1402,,,1,72,,3503,1402,,,1,32,,3504,1402,,,1,72,,3505,1402,,,1,33,,3506,1402,,,1,73,,3507,1402,,,1,33,,3508,1402,,,1,72,,3509,1402,,,1,74,,3510,1459,,,1,33,,3511,1459,,,1,73,,3512,1459,,,1,33,,3513,1459,,,1,73,,3514,1462,,,1,33,,3515,1462,,,1,73,,3516,1462,,,1,31,,3517,1345,,,1,73,,3518,1345,,,1,32,,3519,1345,,,1,70,,3520,1228,,,1,32,,3521,1228,,,1,72,,3522,1228,,,1,72,,3523,1228,,,1,31,,3524,1168,,,1
5101,'9',840,,3525,1225,,,1,100,,3526,1225,,,1,100,,3527,1225,,,1,103,,3528,1399,,,1,100,,3529,1399,,,1,100,,3530,1399,,,1,100,,3531,1399,,,1,97,,3532,1225,,,1,100,,3533,1225,,,1,100,,3534,1225,,,1,100,,3535,1225,,,1,100,,3536,1225,,,1
