1000,'10',759,,4539,0,,,1,70,,4540,0,,,1,30,,4541,0,,,1,70,,4542,0,,,1,30,,4543,0,,,1,70,,4544,0,,,1,30,,4545,0,,,1,70,,4546,0,,,1,30,,4547,0,,,1,70,,4548,0,,,1,30,,4549,0,,,1,70,,4550,0,,,1,30,,4551,0,,,1,70,,4552,0,,,1,30,,4553,0,,,1,70,,4554,0,,,1,30,,4555,0,,,1,70,,4556,0,,,1,30,,4557,0,,,1,70,,4558,0,,,1,30,,4559,0,,,1,70,,4560,0,,,1,100,,4561,0,,,1
1000,'2',600,,4562,0,,,1,15,,4563,0,,,1,15,,4564,0,,,1,15,,4565,0,,,1,55,,4566,0,,,1,15,,4567,0,,,1,15,,4568,0,,,1,15,,4569,0,,,1,55,,4570,0,,,1,15,,4571,0,,,1,15,,4572,0,,,1,15,,4573,0,,,1,55,,4574,0,,,1,15,,4575,0,,,1,15,,4576,0,,,1,15,,4577,0,,,1,55,,4578,0,,,1,15,,4579,0,,,1,15,,4580,0,,,1,15,,4581,0,,,1,55,,4582,0,,,1,15,,4583,0,,,1,15,,4584,0,,,1,15,,4585,0,,,1,55,,4586,0,,,1,15,,4587,0,,,1,15,,4588,0,,,1,15,,4589,0,,,1,55,,4590,0,,,1,15,,4591,0,,,1,15,,4592,0,,,1,15,,4593,0,,,1,55,,4594,0,,,1,15,,4595,0,,,1,15,,4596,0,,,1,15,,353,0,,,1,55,,4597,0,,,1,16,,4598,0,,,1,16,,4599,0,,,1,15,,4600,0,,,1,56,,4601,0,,,1,16,,4602,0,,,1,15,,4603,0,,,1,15,,4604,0,,,1,55,,4605,0,,,1,15,,4606,0,,,1,16,,4607,0,,,1,15,,4608,0,,,1,55,,4609,0,,,1,16,,4610,0,,,1,15,,4611,0,,,1,15,,4612,0,,,1,55,,4613,0,,,1,30,,4614,0,,,1,70,,4615,0,,,1,30,,4616,0,,,1,70,,4617,0,,,1,30,,4618,0,,,1,70,,4619,0,,,1,100,,4620,0,,,1
1001,'10',855,,4621,2280,4,,1,70,,4622,2280,4,,1,30,,4623,2280,4,,1,70,,4624,2280,4,,1,30,,4625,2280,4,,1,70,,4626,2280,4,,1,33,,4627,2460,4,,1,70,,4628,2460,4,,1,30,,4629,2460,4,,1,70,,4630,2460,4,,1,30,,4631,2460,4,,1,70,,4632,2460,4,,1,30,,4633,2460,4,,1,70,,4634,2460,4,,1,29,,4635,2400,4,,1,70,,4636,2400,4,,1,30,,4637,2400,4,,1,70,,4638,2400,4,,1,30,,4639,2400,4,,1,70,,4640,2400,4,,1,30,,4641,2400,4,,1,70,,4642,2400,4,,1,31,,4643,2400,4,,1
1001,'2',644,,4644,2220,4,,1,15,,4645,2220,4,,1,55,,4646,2220,4,,1,15,,4647,2220,4,,1,15,,4648,2220,4,,1,15,,4649,2220,4,,1,60,,4650,2520,4,,1,15,,4651,2520,4,,1,15,,4652,2520,4,,1,55,,4653,2520,4,,1,15,,4654,2520,4,,1,15,,4655,2520,4,,1,15,,4656,2520,4,,1,55,,4657,2520,4,,1,15,,4658,2520,4,,1,15,,4659,2520,4,,1,15,,4660,2520,4,,1,55,,4661,2520,4,,1,15,,4662,2520,4,,1,15,,4663,2520,4,,1,15,,4664,2520,4,,1,55,,4665,2520,4,,1,15,,4666,2520,4,,1,15,,4667,2520,4,,1,16,,4668,2580,4,,1,55,,4669,2580,4,,1,15,,4670,2580,4,,1,15,,4671,2580,4,,1,15,,4672,2580,4,,1,55,,4673,2580,4,,1,15,,4674,2580,4,,1,15,,4675,2580,4,,1,15,,4676,2580,4,,1,57,,4677,2700,4,,1,15,,4678,2700,4,,1,15,,4679,2700,4,,1,16,,4680,2700,4,,1,56,,4681,2700,4,,1,15,,4682,2700,4,,1,15,,4683,2700,4,,1,16,,4684,2700,4,,1,56,,4685,2700,4,,1,14,,4686,2640,4,,1,16,,4687,2640,4,,1,16,,4688,2640,4,,1,55,,4689,2640,4,,1,15,,4690,2640,4,,1,15,,4691,2640,4,,1,7,,4692,2160,4,,1,60,,4693,2160,4,,1,10,,4694,2160,4,,1,15,,4695,2160,4,,1,70,,4696,2160,4,,1,30,,4697,2160,4,,1,70,,4698,2160,4,,1,30,,4699,2160,4,,1,70,,4700,2160,4,,1,30,,4701,2160,4,,1,97,,4702,1980,4,,1
1100,'10',810,,4703,0,,,1,100,,4704,0,,,1,100,,4705,0,,,1,100,,4706,0,,,1,100,,4707,0,,,1,100,,4708,0,,,1,100,,4709,0,,,1,100,,4710,0,,,1,100,,4711,0,,,1,100,,4712,0,,,1,100,,4713,0,,,1,100,,4714,0,,,1
1100,'2',627,,4715,0,,,1,100,,4716,0,,,1,100,,4717,0,,,1,100,,4718,0,,,1,100,,4719,0,,,1,100,,4720,0,,,1,100,,4721,0,,,1,100,,4722,0,,,1,100,,4723,0,,,1,100,,4724,0,,,1,100,,4725,0,,,1,100,,4726,0,,,1,101,,4727,0,,,1,99,,4728,0,,,1,100,,4729,0,,,1,100,,4730,0,,,1
1101,'10',904,,4731,1380,4,,1,100,,4732,1380,4,,1,100,,4733,1380,4,,1,103,,4734,1560,4,,1,100,,4735,1560,4,,1,100,,4736,1560,4,,1,100,,4737,1560,4,,1,98,,4738,1440,4,,1,100,,4739,1440,4,,1,100,,4740,1440,4,,1,100,,4741,1440,4,,1,100,,4742,1440,4,,1
1101,'2',730,,4743,1560,4,,1,103,,4744,1740,4,,1,100,,4745,1740,4,,1,99,,4746,1680,4,,1,100,,4747,1680,4,,1,100,,4748,1680,4,,1,100,,4749,1680,4,,1,100,,4750,1680,4,,1,100,,4751,1680,4,,1,100,,4752,1680,4,,1,100,,4753,1680,4,,1,99,,4754,1620,4,,1,100,,4755,1620,4,,1,99,,4756,1560,4,,1,100,,4757,1560,4,,1,98,,4758,1440,4,,1
2000,'10',802,,4759,0,,,1,30,,4760,0,,,1,70,,4761,0,,,1,30,,4762,0,,,1,70,,4763,0,,,1,30,,4764,0,,,1,70,,4765,0,,,1,30,,4766,0,,,1,70,,4767,0,,,1,30,,4768,0,,,1,70,,4769,0,,,1,30,,4770,0,,,1,70,,4771,0,,,1,30,,4772,0,,,1,70,,4773,0,,,1,30,,4774,0,,,1,70,,4775,0,,,1,30,,4776,0,,,1,70,,4777,0,,,1,30,,4778,0,,,1,70,,4779,0,,,1,30,,4780,0,,,1,71,,4781,0,,,1
2000,'2',553,,4782,0,,,1,55,,4783,0,,,1,15,,4784,0,,,1,15,,4785,0,,,1,15,,4786,0,,,1,55,,4787,0,,,1,15,,4788,0,,,1,15,,4789,0,,,1,15,,4790,0,,,1,55,,4791,0,,,1,15,,4792,0,,,1,15,,4793,0,,,1,15,,4794,0,,,1,55,,4795,0,,,1,15,,4796,0,,,1,15,,4797,0,,,1,15,,4798,0,,,1,55,,4799,0,,,1,15,,4800,0,,,1,15,,4801,0,,,1,15,,4802,0,,,1,55,,4803,0,,,1,15,,4804,0,,,1,15,,4805,0,,,1,15,,4806,0,,,1,55,,4807,0,,,1,15,,4808,0,,,1,15,,4809,0,,,1,16,,4810,0,,,1,55,,4811,0,,,1,15,,4812,0,,,1,15,,4813,0,,,1,15,,4814,0,,,1,55,,4815,0,,,1,15,,4816,0,,,1,15,,4817,0,,,1,16,,4818,0,,,1,56,,4819,0,,,1,15,,4820,0,,,1,15,,4821,0,,,1,16,,4822,0,,,1,56,,2215,0,,,1,15,,4823,0,,,1,15,,4824,0,,,1,16,,4825,0,,,1,56,,4826,0,,,1,15,,4827,0,,,1,15,,4828,0,,,1,56,,4829,0,,,1,15,,4830,0,,,1,15,,4831,0,,,1,15,,4832,0,,,1,70,,4833,0,,,1,30,,4834,0,,,1,70,,4835,0,,,1,30,,4836,0,,,1,70,,4837,0,,,1,30,,4838,0,,,1,70,,4839,0,,,1,97,,4840,0,,,1
2001,'10',839,,4841,1920,4,,1,70,,4842,1920,4,,1,30,,4843,1920,4,,1,70,,4844,1920,4,,1,30,,4845,1920,4,,1,70,,4846,1920,4,,1,31,,4847,1980,4,,1,70,,4848,1980,4,,1,30,,4849,1980,4,,1,70,,4850,1980,4,,1,30,,4851,1980,4,,1,70,,4852,1980,4,,1,30,,4853,1980,4,,1,70,,4854,1980,4,,1,30,,4855,1980,4,,1,70,,4856,1980,4,,1,30,,4857,1980,4,,1,70,,4858,1980,4,,1,30,,4859,1980,4,,1,70,,4860,1980,4,,1,30,,4861,1980,4,,1,70,,4862,1980,4,,1,30,,4863,1980,4,,1
2001,'2',632,,4864,1860,4,,1,15,,4865,1860,4,,1,55,,4866,1860,4,,1,15,,4867,1860,4,,1,15,,4868,1860,4,,1,15,,4869,1860,4,,1,56,,4870,1920,4,,1,15,,4871,1920,4,,1,15,,4872,1920,4,,1,15,,4873,1920,4,,1,55,,4874,1920,4,,1,15,,4875,1920,4,,1,15,,4876,1920,4,,1,15,,4877,1920,4,,1,55,,4878,1920,4,,1,15,,4879,1920,4,,1,15,,4880,1920,4,,1,15,,4881,1920,4,,1,55,,4882,1920,4,,1,15,,4883,1920,4,,1,15,,4884,1920,4,,1,15,,4885,1920,4,,1,55,,4886,1920,4,,1,15,,4887,1920,4,,1,18,,4888,2100,4,,1,15,,4889,2100,4,,1,55,,4890,2100,4,,1,15,,4891,2100,4,,1,15,,4892,2100,4,,1,15,,4893,2100,4,,1,55,,4894,2100,4,,1,15,,4895,2100,4,,1,15,,4896,2100,4,,1,15,,4897,2100,4,,1,57,,4898,2220,4,,1,15,,4899,2220,4,,1,15,,4900,2220,4,,1,15,,4901,2220,4,,1,56,,4902,2220,4,,1,16,,4903,2220,4,,1,15,,4904,2220,4,,1,15,,4905,2220,4,,1,56,,4906,2220,4,,1,16,,4907,2220,4,,1,15,,4908,2220,4,,1,15,,4909,2220,4,,1,56,,4910,2220,4,,1,16,,4911,2220,4,,1,9,,4912,1860,4,,1,15,,4913,1860,4,,1,55,,4914,1860,4,,1,30,,4915,1860,4,,1,70,,4916,1860,4,,1,29,,4917,1800,4,,1,70,,4918,1800,4,,1,30,,4919,1800,4,,1,70,,4920,1800,4,,1,30,,4921,1800,4,,1,100,,4922,1800,4,,1
2500,'10',811,,4923,0,,,1,30,,4924,0,,,1,70,,4925,0,,,1,30,,4926,0,,,1,70,,4927,0,,,1,30,,4928,0,,,1,70,,4929,0,,,1,30,,4930,0,,,1,70,,4931,0,,,1,30,,4932,0,,,1,70,,4933,0,,,1,30,,4934,0,,,1,70,,4935,0,,,1,30,,4936,0,,,1,70,,4937,0,,,1,30,,4938,0,,,1,70,,4939,0,,,1,30,,4940,0,,,1,70,,4941,0,,,1,30,,4942,0,,,1,70,,4943,0,,,1,100,,4944,0,,,1
2500,'2',601,,4945,0,,,1,30,,4946,0,,,1,70,,4947,0,,,1,30,,4948,0,,,1,70,,4949,0,,,1,30,,4950,0,,,1,70,,4951,0,,,1,15,,4952,0,,,1,15,,4953,0,,,1,70,,4954,0,,,1,15,,4955,0,,,1,15,,4956,0,,,1,70,,4957,0,,,1,30,,4958,0,,,1,15,,4959,0,,,1,55,,4960,0,,,1,30,,4961,0,,,1,15,,4962,0,,,1,55,,4963,0,,,1,30,,4964,0,,,1,70,,4965,0,,,1,30,,4966,0,,,1,70,,4967,0,,,1,30,,4968,0,,,1,70,,4969,0,,,1,30,,4970,0,,,1,70,,4971,0,,,1,30,,4972,0,,,1,70,,1191,0,,,1,30,,4973,0,,,1,70,,4974,0,,,1,30,,4975,0,,,1,70,,4976,0,,,1,30,,4977,0,,,1,70,,4978,0,,,1,30,,4979,0,,,1,70,,4980,0,,,1,30,,4981,0,,,1,70,,4982,0,,,1
2501,'10',851,,4983,2820,4,,1,70,,4984,2820,4,,1,30,,4985,2820,4,,1,70,,4986,2820,4,,1,30,,4987,2820,4,,1,70,,4988,2820,4,,1,36,,4989,3180,4,,1,70,,4990,3180,4,,1,30,,4991,3180,4,,1,70,,4992,3180,4,,1,30,,4993,3180,4,,1,70,,4994,3180,4,,1,30,,4995,3180,4,,1,70,,4996,3180,4,,1,28,,4997,3060,4,,1,70,,4998,3060,4,,1,30,,4999,3060,4,,1,70,,5000,3060,4,,1,30,,5001,3060,4,,1,70,,5002,3060,4,,1,30,,5003,3060,4,,1,100,,5004,3060,4,,1
2501,'2',652,,5005,2760,4,,1,70,,5006,2760,4,,1,30,,5007,2760,4,,1,78,,5008,3240,4,,1,70,,5009,3240,4,,1,30,,5010,3240,4,,1,70,,5011,3240,4,,1,30,,5012,3240,4,,1,71,,5013,3300,4,,1,15,,5014,3300,4,,1,15,,5015,3300,4,,1,70,,5016,3300,4,,1,15,,5017,3300,4,,1,15,,5018,3300,4,,1,75,,5019,3600,4,,1,30,,5020,3600,4,,1,15,,5021,3600,4,,1,55,,5022,3600,4,,1,30,,5023,3600,4,,1,15,,5024,3600,4,,1,55,,5025,3600,4,,1,35,,5026,3900,4,,1,70,,5027,3900,4,,1,30,,5028,3900,4,,1,70,,5029,3900,4,,1,24,,5030,3540,4,,1,70,,5031,3540,4,,1,30,,5032,3540,4,,1,23,,5033,3120,4,,1,70,,5034,3120,4,,1,30,,5035,3120,4,,1,70,,5036,3120,4,,1,23,,5037,2700,4,,1,70,,5038,2700,4,,1,30,,5039,2700,4,,1,70,,5040,2700,4,,1,26,,5041,2460,4,,1,70,,5042,2460,4,,1,30,,5043,2460,4,,1
3000,'10',752,,5044,0,,,1,70,,5045,0,,,1,30,,5046,0,,,1,70,,5047,0,,,1,30,,5048,0,,,1,70,,5049,0,,,1,30,,5050,0,,,1,70,,5051,0,,,1,30,,5052,0,,,1,70,,5053,0,,,1,30,,5054,0,,,1,70,,5055,0,,,1,30,,5056,0,,,1,70,,5057,0,,,1,30,,5058,0,,,1,70,,5059,0,,,1,30,,5060,0,,,1,70,,5061,0,,,1,30,,5062,0,,,1,70,,5063,0,,,1,30,,5064,0,,,1,70,,5065,0,,,1,30,,5066,0,,,1,70,,5067,0,,,1
3000,'2',554,,5068,0,,,1,55,,5069,0,,,1,15,,5070,0,,,1,15,,5071,0,,,1,15,,5072,0,,,1,55,,5073,0,,,1,15,,5074,0,,,1,15,,5075,0,,,1,15,,5076,0,,,1,55,,5077,0,,,1,15,,5078,0,,,1,15,,5079,0,,,1,15,,5080,0,,,1,55,,5081,0,,,1,15,,5082,0,,,1,15,,5083,0,,,1,15,,5084,0,,,1,55,,5085,0,,,1,15,,5086,0,,,1,15,,5087,0,,,1,15,,5088,0,,,1,55,,5089,0,,,1,15,,5090,0,,,1,15,,5091,0,,,1,15,,5092,0,,,1,55,,5093,0,,,1,15,,5094,0,,,1,16,,5095,0,,,1,15,,5096,0,,,1,55,,5097,0,,,1,15,,5098,0,,,1,15,,5099,0,,,1,15,,5100,0,,,1,55,,5101,0,,,1,15,,5102,0,,,1,15,,5103,0,,,1,16,,5104,0,,,1,56,,5105,0,,,1,15,,5106,0,,,1,15,,5107,0,,,1,15,,5108,0,,,1,56,,5109,0,,,1,16,,5110,0,,,1,15,,5111,0,,,1,15,,5112,0,,,1,56,,5113,0,,,1,16,,5114,0,,,1,15,,5115,0,,,1,55,,5116,0,,,1,16,,5117,0,,,1,16,,5118,0,,,1,15,,5119,0,,,1,63,,5120,0,,,1,30,,5121,0,,,1,70,,5122,0,,,1,30,,5123,0,,,1,70,,5124,0,,,1,30,,5125,0,,,1,70,,5126,0,,,1,100,,5127,0,,,1
3001,'10',852,,5128,1440,4,,1,70,,5129,1440,4,,1,30,,5130,1440,4,,1,70,,5131,1440,4,,1,30,,5132,1440,4,,1,70,,5133,1440,4,,1,31,,5134,1500,4,,1,70,,5135,1500,4,,1,30,,5136,1500,4,,1,70,,5137,1500,4,,1,30,,5138,1500,4,,1,70,,5139,1500,4,,1,30,,5140,1500,4,,1,70,,5141,1500,4,,1,30,,5142,1500,4,,1,70,,5143,1500,4,,1,30,,5144,1500,4,,1,70,,5145,1500,4,,1,30,,5146,1500,4,,1,70,,5147,1500,4,,1,30,,5148,1500,4,,1,70,,5149,1500,4,,1,30,,5150,1500,4,,1
3001,'2',620,,5151,1320,4,,1,15,,5152,1320,4,,1,15,,5153,1320,4,,1,55,,5154,1320,4,,1,15,,5155,1320,4,,1,15,,5156,1320,4,,1,15,,5157,1320,4,,1,58,,5158,1500,4,,1,15,,5159,1500,4,,1,15,,5160,1500,4,,1,15,,5161,1500,4,,1,55,,5162,1500,4,,1,15,,5163,1500,4,,1,15,,5164,1500,4,,1,15,,5165,1500,4,,1,55,,5166,1500,4,,1,16,,5167,1560,4,,1,15,,5168,1560,4,,1,15,,5169,1560,4,,1,55,,5170,1560,4,,1,15,,5171,1560,4,,1,15,,5172,1560,4,,1,15,,5173,1560,4,,1,55,,5174,1560,4,,1,15,,5175,1560,4,,1,15,,5176,1560,4,,1,15,,5177,1560,4,,1,55,,5178,1560,4,,1,15,,5179,1560,4,,1,15,,5180,1560,4,,1,15,,5181,1560,4,,1,55,,5182,1560,4,,1,15,,5183,1560,4,,1,15,,5184,1560,4,,1,17,,5185,1620,4,,1,56,,5186,1620,4,,1,16,,5187,1620,4,,1,15,,5188,1620,4,,1,16,,5189,1620,4,,1,56,,5190,1620,4,,1,15,,5191,1620,4,,1,15,,5192,1620,4,,1,14,,5193,1560,4,,1,56,,5194,1560,4,,1,16,,5195,1560,4,,1,15,,5196,1560,4,,1,55,,5197,1560,4,,1,16,,5198,1560,4,,1,14,,5199,1440,4,,1,15,,5200,1440,4,,1,12,,3065,1440,4,,1,70,,5201,1440,4,,1,30,,5202,1440,4,,1,69,,5203,1380,4,,1,30,,5204,1380,4,,1,70,,5205,1380,4,,1,30,,5206,1380,4,,1,69,,5207,1320,4,,1,100,,5208,1320,4,,1
3500,'10',803,,5251,0,,,1,30,,5252,0,,,1,70,,5253,0,,,1,30,,5254,0,,,1,70,,5255,0,,,1,30,,5256,0,,,1,70,,5257,0,,,1,30,,5258,0,,,1,70,,5259,0,,,1,30,,5260,0,,,1,70,,5261,0,,,1,30,,5262,0,,,1,70,,5263,0,,,1,30,,5264,0,,,1,70,,5265,0,,,1,30,,5266,0,,,1,70,,5267,0,,,1,30,,5268,0,,,1,70,,5269,0,,,1,30,,5270,0,,,1,70,,5271,0,,,1,30,,5272,0,,,1,70,,5273,0,,,1
3500,'2',612,,5274,0,,,1,30,,5275,0,,,1,70,,5276,0,,,1,30,,5277,0,,,1,70,,5278,0,,,1,30,,5279,0,,,1,70,,5280,0,,,1,30,,5281,0,,,1,70,,5282,0,,,1,30,,5283,0,,,1,70,,5284,0,,,1,30,,5285,0,,,1,70,,5286,0,,,1,30,,5287,0,,,1,70,,5288,0,,,1,30,,5289,0,,,1,70,,5290,0,,,1,30,,5291,0,,,1,70,,5292,0,,,1,30,,5293,0,,,1,70,,5294,0,,,1,30,,5295,0,,,1,70,,5296,0,,,1,30,,5297,0,,,1,70,,5298,0,,,1,30,,5299,0,,,1,70,,5300,0,,,1,30,,5301,0,,,1,70,,5302,0,,,1,30,,5303,0,,,1,70,,5304,0,,,1,30,,5305,0,,,1,70,,5306,0,,,1,30,,5307,0,,,1,70,,5308,0,,,1
3501,'10',833,,5309,1380,4,,1,70,,5310,1380,4,,1,30,,5311,1380,4,,1,70,,5312,1380,4,,1,30,,5313,1380,4,,1,70,,5314,1380,4,,1,32,,5315,1500,4,,1,70,,5316,1500,4,,1,30,,5317,1500,4,,1,70,,5318,1500,4,,1,30,,5319,1500,4,,1,70,,5320,1500,4,,1,30,,5321,1500,4,,1,70,,5322,1500,4,,1,31,,5323,1560,4,,1,70,,5324,1560,4,,1,30,,5325,1560,4,,1,70,,5326,1560,4,,1,30,,5327,1560,4,,1,70,,5328,1560,4,,1,30,,5329,1560,4,,1,70,,5330,1560,4,,1,30,,5331,1560,4,,1
3501,'2',618,,5332,1440,4,,1,30,,5333,1440,4,,1,70,,5334,1440,4,,1,30,,5335,1440,4,,1,72,,5336,1560,4,,1,30,,5337,1560,4,,1,70,,5338,1560,4,,1,30,,5339,1560,4,,1,70,,5340,1560,4,,1,30,,5341,1560,4,,1,70,,5342,1560,4,,1,30,,5343,1560,4,,1,70,,5344,1560,4,,1,31,,5345,1620,4,,1,70,,1673,1620,4,,1,30,,5346,1620,4,,1,70,,5347,1620,4,,1,32,,5348,1740,4,,1,70,,5349,1740,4,,1,30,,5350,1740,4,,1,70,,5351,1740,4,,1,30,,5352,1740,4,,1,71,,5353,1800,4,,1,30,,5354,1800,4,,1,70,,5355,1800,4,,1,25,,5356,1500,4,,1,70,,5357,1500,4,,1,30,,5358,1500,4,,1,70,,5359,1500,4,,1,28,,5360,1380,4,,1,70,,5361,1380,4,,1,30,,5362,1380,4,,1,70,,5363,1380,4,,1,30,,5364,1380,4,,1,70,,5365,1380,4,,1
4001,'10',726,,5366,0,,,1,85,,5366,2700,4,,1,15,,5367,0,,,1,85,,5367,2700,4,,1,15,,5368,0,,,1,85,,5368,2700,4,,1,15,,5369,0,,,1,85,,5369,2700,4,,1,15,,5370,0,,,1,91,,5370,3060,4,,1,9,,5371,0,,,1,91,,5371,3060,4,,1,9,,5372,0,,,1,91,,5372,3060,4,,1,9,,5373,0,,,1,91,,5373,3060,4,,1,9,,5374,0,,,1,85,,5374,2700,4,,1,15,,5375,0,,,1,85,,5375,2700,4,,1,15,,5376,0,,,1,85,,5376,2700,4,,1,15,,5377,0,,,1,85,,5377,2700,4,,1,15,,5378,0,,,1,85,,5378,2700,4,,1
4001,'2',600,,5379,0,,,1,30,,5380,0,,,1,15,,5379,2700,4,,1,55,,5381,0,,,1,15,,5380,2700,4,,1,15,,5382,0,,,1,15,,5381,2700,4,,1,55,,5383,0,,,1,17,,5382,2820,4,,1,13,,5384,0,,,1,17,,5383,2820,4,,1,53,,5385,0,,,1,17,,5384,2820,4,,1,13,,5386,0,,,1,17,,5385,2820,4,,1,53,,5387,0,,,1,17,,5386,2820,4,,1,13,,5388,0,,,1,17,,5387,2820,4,,1,53,,5389,0,,,1,17,,5388,2820,4,,1,13,,5390,0,,,1,17,,5389,2820,4,,1,53,,5391,0,,,1,17,,5390,2820,4,,1,13,,5392,0,,,1,17,,5391,2820,4,,1,53,,5393,0,,,1,18,,5392,2880,4,,1,12,,5394,0,,,1,18,,5393,2880,4,,1,52,,5395,0,,,1,18,,5394,2880,4,,1,12,,5396,0,,,1,18,,5395,2880,4,,1,52,,5397,0,,,1,22,,5396,3120,4,,1,8,,5398,0,,,1,22,,5397,3120,4,,1,48,,5399,0,,,1,22,,5398,3120,4,,1,8,,5400,0,,,1,22,,5399,3120,4,,1,48,,5401,0,,,1,22,,5400,3120,4,,1,8,,5402,0,,,1,19,,5401,2940,4,,1,51,,5403,0,,,1,19,,5402,2940,4,,1,11,,5404,0,,,1,19,,5403,2940,4,,1,67,,5404,2760,4,,1,399,,5405,0,,,1,43,,5405,2580,4,,1
6500,'10',758,,5595,0,0,5 2 6 7 2 8,1,100,,5596,0,0,5 2 6 7 2 8,1,100,,5597,0,0,5 2 6 7 2 8,1,100,,5598,0,0,5 2 6 7 2 8,1,100,,5599,0,0,5 2 6 7 2 8,1,100,,5600,0,0,5 2 6 7 2 8,1,100,,5601,0,0,5 2 6 7 2 8,1,100,,5602,0,0,5 2 6 7 2 8,1,100,,5603,0,0,5 2 6 7 2 8,1,100,,5604,0,0,5 2 6 7 2 8,1,100,,5605,0,0,5 2 6 7 2 8,1,100,,5606,0,0,5 2 6 7 2 8,1
6500,'2',615,,5607,0,0,5 2 6 7 2 8,1,30,,5608,0,0,5 2 6 7 2 8,1,70,,5609,0,0,5 2 6 7 2 8,1,30,,5610,0,0,5 2 6 7 2 8,1,70,,5611,0,0,5 2 6 7 2 8,1,30,,5612,0,0,5 2 6 7 2 8,1,70,,5613,0,0,5 2 6 7 2 8,1,30,,5614,0,0,5 2 6 7 2 8,1,70,,5615,0,0,5 2 6 7 2 8,1,30,,5616,0,0,5 2 6 7 2 8,1,70,,5617,0,0,5 2 6 7 2 8,1,30,,5618,0,0,5 2 6 7 2 8,1,71,,5619,0,0,5 2 6 7 2 8,1,30,,5620,0,0,5 2 6 7 2 8,1,71,,5621,0,0,5 2 6 7 2 8,1,29,,5622,0,0,5 2 6 7 2 8,1,71,,5623,0,0,5 2 6 7 2 8,1,28,,5624,0,0,5 2 6 7 2 8,1,70,,5625,0,0,5 2 6 7 2 8,1,30,,5626,0,0,5 2 6 7 2 8,1,70,,5627,0,0,5 2 6 7 2 8,1,30,,5628,0,0,5 2 6 7 2 8,1,70,,5629,0,0,5 2 6 7 2 8,1,30,,5630,0,0,5 2 6 7 2 8,1,70,,5631,0,0,5 2 6 7 2 8,1,30,,5632,0,0,5 2 6 7 2 8,1,70,,5633,0,0,5 2 6 7 2 8,1,30,,5634,0,0,5 2 6 7 2 8,1,70,,5635,0,0,5 2 6 7 2 8,1,30,,5636,0,0,5 2 6 7 2 8,1,70,,5637,0,0,5 2 6 7 2 8,1,30,,5638,0,0,5 2 6 7 2 8,1,70,,5639,0,0,5 2 6 7 2 8,1,30,,5640,0,0,5 2 6 7 2 8,1
6501,'10',844,,5641,2580,4,,1,100,,5642,2580,4,,1,100,,5643,2580,4,,1,104,,5644,2820,4,,1,100,,5645,2820,4,,1,100,,5646,2820,4,,1,100,,5647,2820,4,,1,102,,5648,2940,4,,1,100,,5649,2940,4,,1,100,,5650,2940,4,,1,100,,5651,2940,4,,1,100,,5652,2940,4,,1
6501,'2',700,,5653,2520,4,,1,30,,5654,2520,4,,1,70,,5655,2520,4,,1,34,,5656,2760,4,,1,70,,5657,2760,4,,1,30,,5658,2760,4,,1,70,,5659,2760,4,,1,30,,5660,2760,4,,1,70,,5661,2760,4,,1,30,,5662,2760,4,,1,70,,5663,2760,4,,1,30,,5664,2760,4,,1,71,,5665,2820,4,,1,30,,5666,2820,4,,1,70,,5667,2820,4,,1,30,,5668,2820,4,,1,70,,5669,2820,4,,1,33,,5670,3000,4,,1,70,,5671,3000,4,,1,30,,5672,3000,4,,1,70,,5673,3000,4,,1,28,,5674,2880,4,,1,70,,5675,2880,4,,1,30,,5676,2880,4,,1,67,,5677,2700,4,,1,30,,5678,2700,4,,1,70,,5679,2700,4,,1,30,,5680,2700,4,,1,69,,5681,2640,4,,1,30,,5682,2640,4,,1,70,,5683,2640,4,,1,30,,3745,2640,4,,1,68,,5684,2520,4,,1
9200,'2',627,,4444,0,,,1,96,,4445,0,,,1,31,,4446,0,,,1,94,,4447,0,,,1,691,,4448,0,,,1,70,,5743,0,,,1,103,,4450,0,,,1,96,,5744,0,,,1,36,,4452,0,,,1
9201,'2',618,,4489,1860,4,,1,94,,4490,1860,4,,1,30,,4491,1860,4,,1,99,,4492,1980,4,,1,69,,4493,1980,4,,1,94,,4494,1980,4,,1,696,,4495,2160,4,,1,29,,5745,2040,4,,1,104,,4497,2040,4,,1,88,,5746,1920,4,,1
