4001,'2',614,,3040,627,,,1,30,,3041,627,,,1,70,,3042,627,,,1,30,,3043,627,,,1,70,,3044,627,,,1,30,,3045,627,,,1,70,,3046,627,,,1,30,,3047,627,,,1,70,,3048,627,,,1,30,,3049,627,,,1,70,,3050,627,,,1,30,,3051,627,,,1,71,,3052,687,,,1,30,,3053,687,,,1,70,,3054,687,,,1,30,,3055,687,,,1,70,,3056,687,,,1,32,,3057,799,,,1,70,,3058,799,,,1,30,,3059,799,,,1,70,,3060,799,,,1,29,,3061,743,,,1,70,,3062,743,,,1,30,,3063,743,,,1,69,,3064,687,,,1,30,,3065,687,,,1,413,,3066,687,,,1,70,,3067,687,,,1
4001,'3',614,,3068,627,,,1,30,,3069,627,,,1,70,,3070,627,,,1,30,,3071,627,,,1,70,,3072,627,,,1,30,,3073,627,,,1,70,,3074,627,,,1,30,,3075,627,,,1,70,,3076,627,,,1,30,,3077,627,,,1,70,,3078,627,,,1,30,,3079,627,,,1,71,,3080,687,,,1,30,,3081,687,,,1,70,,3082,687,,,1,30,,3083,687,,,1,70,,3084,687,,,1,32,,3085,799,,,1,70,,3086,799,,,1,30,,3087,799,,,1,70,,3088,799,,,1,29,,3089,743,,,1,70,,3090,743,,,1,30,,3091,743,,,1,69,,3092,687,,,1,30,,3093,687,,,1,413,,3094,687,,,1,70,,3095,687,,,1
4001,'4',614,,3096,627,,,1,30,,3097,627,,,1,70,,3098,627,,,1,30,,3099,627,,,1,70,,3100,627,,,1,30,,3101,627,,,1,70,,3102,627,,,1,30,,3103,627,,,1,70,,3104,627,,,1,30,,3105,627,,,1,70,,3106,627,,,1,30,,3107,627,,,1,71,,3108,687,,,1,30,,3109,687,,,1,70,,3110,687,,,1,30,,3111,687,,,1,70,,3112,687,,,1,32,,3113,799,,,1,70,,3114,799,,,1,30,,3115,799,,,1,70,,3116,799,,,1,29,,3117,743,,,1,70,,3118,743,,,1,30,,3119,743,,,1,69,,3120,687,,,1,30,,3121,687,,,1,413,,3122,687,,,1,70,,3123,687,,,1
4001,'5',614,,3124,627,,,1,30,,3125,627,,,1,70,,3126,627,,,1,30,,3127,627,,,1,70,,3128,627,,,1,30,,3129,627,,,1,70,,3130,627,,,1,30,,3131,627,,,1,70,,3132,627,,,1,30,,3133,627,,,1,70,,3134,627,,,1,30,,3135,627,,,1,71,,3136,687,,,1,30,,3137,687,,,1,70,,3138,687,,,1,30,,3139,687,,,1,70,,3140,687,,,1,32,,3141,799,,,1,70,,3142,799,,,1,30,,3143,799,,,1,70,,3144,799,,,1,29,,3145,743,,,1,70,,3146,743,,,1,30,,3147,743,,,1,69,,3148,687,,,1,30,,3149,687,,,1,413,,3150,687,,,1,70,,3151,687,,,1
4001,'6',614,,3152,627,,,1,30,,3153,627,,,1,70,,3154,627,,,1,30,,3155,627,,,1,70,,3156,627,,,1,30,,3157,627,,,1,70,,3158,627,,,1,30,,3159,627,,,1,70,,3160,627,,,1,30,,3161,627,,,1,70,,3162,627,,,1,30,,3163,627,,,1,71,,3164,687,,,1,30,,3165,687,,,1,70,,3166,687,,,1,30,,3167,687,,,1,70,,3168,687,,,1,32,,3169,799,,,1,70,,3170,799,,,1,30,,3171,799,,,1,70,,3172,799,,,1,29,,3173,743,,,1,70,,3174,743,,,1,30,,3175,743,,,1,69,,3176,687,,,1,30,,3177,687,,,1,413,,3178,687,,,1,70,,3179,687,,,1
4001,'9',737,,3180,687,,,1,100,,3181,687,,,1,100,,3182,687,,,1,100,,3183,687,,,1,100,,3184,687,,,1,100,,3185,687,,,1,100,,3186,687,,,1,100,,3187,687,,,1,100,,3188,687,,,1,100,,3189,687,,,1,100,,3190,687,,,1,100,,3191,687,,,1,100,,3192,687,,,1
6500,'2',630,,3886,687,,,1,70,,3887,687,,,1,30,,3888,687,,,1,70,,3889,683,,,1,30,,3890,683,,,1,70,,3891,683,,,1,30,,3892,683,,,1,70,,3893,683,,,1,29,,3894,627,,,1,30,,3895,627,,,1,70,,3896,627,,,1,30,,3897,627,,,1,71,,3898,687,,,1,70,,3899,687,,,1,30,,3900,687,,,1,70,,3901,687,,,1,30,,3902,687,,,1,71,,3903,743,,,1,30,,3904,743,,,1,70,,3905,743,,,1,30,,3906,743,,,1,70,,3907,743,,,1,30,,3908,743,,,1,70,,3909,743,,,1,29,,3910,687,,,1,70,,3911,687,,,1,30,,3912,687,,,1,70,,3913,687,,,1,29,,3914,627,,,1,30,,3915,627,,,1,70,,3916,627,,,1,30,,3917,627,,,1,70,,3918,627,,,1
6500,'3',630,,3919,687,,,1,70,,3920,687,,,1,30,,3921,687,,,1,70,,3922,683,,,1,30,,3923,683,,,1,70,,3924,683,,,1,30,,3925,683,,,1,70,,3926,683,,,1,29,,3927,627,,,1,30,,3928,627,,,1,70,,3929,627,,,1,30,,3930,627,,,1,71,,3931,687,,,1,70,,3932,687,,,1,30,,3933,687,,,1,70,,3934,687,,,1,30,,3935,687,,,1,71,,3936,743,,,1,30,,3937,743,,,1,70,,3938,743,,,1,30,,3939,743,,,1,70,,3940,743,,,1,30,,3941,743,,,1,70,,3942,743,,,1,29,,3943,687,,,1,70,,3944,687,,,1,30,,3945,687,,,1,70,,3946,687,,,1,29,,3947,627,,,1,30,,3948,627,,,1,70,,3949,627,,,1,30,,3950,627,,,1,70,,3951,627,,,1
6500,'4',630,,3952,687,,,1,70,,3953,687,,,1,30,,3954,687,,,1,70,,3955,683,,,1,30,,3956,683,,,1,70,,3957,683,,,1,30,,3958,683,,,1,70,,3959,683,,,1,29,,3960,627,,,1,30,,3961,627,,,1,70,,3962,627,,,1,30,,3963,627,,,1,71,,3964,687,,,1,70,,3965,687,,,1,30,,3966,687,,,1,70,,3967,687,,,1,30,,3968,687,,,1,71,,3969,743,,,1,30,,3970,743,,,1,70,,3971,743,,,1,30,,3972,743,,,1,70,,3973,743,,,1,30,,3974,743,,,1,70,,3975,743,,,1,29,,3976,687,,,1,70,,3977,687,,,1,30,,3978,687,,,1,70,,3979,687,,,1,29,,3980,627,,,1,30,,3981,627,,,1,70,,3982,627,,,1,30,,3983,627,,,1,70,,3984,627,,,1
6500,'5',630,,3985,687,,,1,70,,3986,687,,,1,30,,3987,687,,,1,70,,3988,683,,,1,30,,3989,683,,,1,70,,3990,683,,,1,30,,3991,683,,,1,70,,3992,683,,,1,29,,3993,627,,,1,30,,3994,627,,,1,70,,3995,627,,,1,30,,3996,627,,,1,71,,3997,687,,,1,70,,3998,687,,,1,30,,3999,687,,,1,70,,4000,687,,,1,30,,4001,687,,,1,71,,4002,743,,,1,30,,4003,743,,,1,70,,4004,743,,,1,30,,4005,743,,,1,70,,4006,743,,,1,30,,4007,743,,,1,70,,4008,743,,,1,29,,4009,687,,,1,70,,4010,687,,,1,30,,4011,687,,,1,70,,4012,687,,,1,29,,4013,627,,,1,30,,4014,627,,,1,70,,4015,627,,,1,30,,4016,627,,,1,70,,4017,627,,,1
6500,'6',630,,4018,687,,,1,70,,4019,687,,,1,30,,4020,687,,,1,70,,4021,683,,,1,30,,4022,683,,,1,70,,4023,683,,,1,30,,4024,683,,,1,70,,4025,683,,,1,29,,4026,627,,,1,30,,4027,627,,,1,70,,4028,627,,,1,30,,4029,627,,,1,71,,4030,687,,,1,70,,4031,687,,,1,30,,4032,687,,,1,70,,4033,687,,,1,30,,4034,687,,,1,71,,4035,743,,,1,30,,4036,743,,,1,70,,4037,743,,,1,30,,4038,743,,,1,70,,4039,743,,,1,30,,4040,743,,,1,70,,4041,743,,,1,29,,4042,687,,,1,70,,4043,687,,,1,30,,4044,687,,,1,70,,4045,687,,,1,29,,4046,627,,,1,30,,4047,627,,,1,70,,4048,627,,,1,30,,4049,627,,,1,70,,4050,627,,,1
6500,'9',808,,4051,627,,,1,100,,4052,627,,,1,100,,4053,627,,,1,100,,4054,627,,,1,101,,4055,687,,,1,100,,4056,687,,,1,100,,4057,687,,,1,100,,4058,687,,,1,101,,4059,743,,,1,100,,4060,743,,,1,100,,4061,743,,,1,100,,4062,743,,,1
