4001,'2',631,,3040,1641,,,1,70,,3041,1641,,,1,30,,3042,1641,,,1,70,,3043,1641,,,1,30,,3044,1641,,,1,70,,3045,1641,,,1,30,,3046,1641,,,1,70,,3047,1641,,,1,30,,3048,1641,,,1,70,,3049,1641,,,1,30,,3050,1641,,,1,70,,3051,1641,,,1,32,,3052,1761,,,1,70,,3053,1761,,,1,30,,3054,1761,,,1,70,,3055,1761,,,1,30,,3056,1761,,,1,73,,3057,1975,,,1,30,,3058,1975,,,1,70,,3059,1975,,,1,30,,3060,1975,,,1,69,,3061,1881,,,1,30,,3062,1881,,,1,70,,3063,1881,,,1,28,,3064,1761,,,1,70,,3065,1761,,,1,411,,3066,1667,,,1,30,,3067,1667,,,1
4001,'3',631,,3068,1641,,,1,70,,3069,1641,,,1,30,,3070,1641,,,1,70,,3071,1641,,,1,30,,3072,1641,,,1,70,,3073,1641,,,1,30,,3074,1641,,,1,70,,3075,1641,,,1,30,,3076,1641,,,1,70,,3077,1641,,,1,30,,3078,1641,,,1,70,,3079,1641,,,1,32,,3080,1761,,,1,70,,3081,1761,,,1,30,,3082,1761,,,1,70,,3083,1761,,,1,30,,3084,1761,,,1,73,,3085,1975,,,1,30,,3086,1975,,,1,70,,3087,1975,,,1,30,,3088,1975,,,1,69,,3089,1881,,,1,30,,3090,1881,,,1,70,,3091,1881,,,1,28,,3092,1761,,,1,70,,3093,1761,,,1,411,,3094,1667,,,1,30,,3095,1667,,,1
4001,'4',631,,3096,1641,,,1,70,,3097,1641,,,1,30,,3098,1641,,,1,70,,3099,1641,,,1,30,,3100,1641,,,1,70,,3101,1641,,,1,30,,3102,1641,,,1,70,,3103,1641,,,1,30,,3104,1641,,,1,70,,3105,1641,,,1,30,,3106,1641,,,1,70,,3107,1641,,,1,32,,3108,1761,,,1,70,,3109,1761,,,1,30,,3110,1761,,,1,70,,3111,1761,,,1,30,,3112,1761,,,1,73,,3113,1975,,,1,30,,3114,1975,,,1,70,,3115,1975,,,1,30,,3116,1975,,,1,69,,3117,1881,,,1,30,,3118,1881,,,1,70,,3119,1881,,,1,28,,3120,1761,,,1,70,,3121,1761,,,1,411,,3122,1667,,,1,30,,3123,1667,,,1
4001,'5',631,,3124,1641,,,1,70,,3125,1641,,,1,30,,3126,1641,,,1,70,,3127,1641,,,1,30,,3128,1641,,,1,70,,3129,1641,,,1,30,,3130,1641,,,1,70,,3131,1641,,,1,30,,3132,1641,,,1,70,,3133,1641,,,1,30,,3134,1641,,,1,70,,3135,1641,,,1,32,,3136,1761,,,1,70,,3137,1761,,,1,30,,3138,1761,,,1,70,,3139,1761,,,1,30,,3140,1761,,,1,73,,3141,1975,,,1,30,,3142,1975,,,1,70,,3143,1975,,,1,30,,3144,1975,,,1,69,,3145,1881,,,1,30,,3146,1881,,,1,70,,3147,1881,,,1,28,,3148,1761,,,1,70,,3149,1761,,,1,411,,3150,1667,,,1,30,,3151,1667,,,1
4001,'6',631,,3152,1641,,,1,70,,3153,1641,,,1,30,,3154,1641,,,1,70,,3155,1641,,,1,30,,3156,1641,,,1,70,,3157,1641,,,1,30,,3158,1641,,,1,70,,3159,1641,,,1,30,,3160,1641,,,1,70,,3161,1641,,,1,30,,3162,1641,,,1,70,,3163,1641,,,1,32,,3164,1761,,,1,70,,3165,1761,,,1,30,,3166,1761,,,1,70,,3167,1761,,,1,30,,3168,1761,,,1,73,,3169,1975,,,1,30,,3170,1975,,,1,70,,3171,1975,,,1,30,,3172,1975,,,1,69,,3173,1881,,,1,30,,3174,1881,,,1,70,,3175,1881,,,1,28,,3176,1761,,,1,70,,3177,1761,,,1,411,,3178,1667,,,1,30,,3179,1667,,,1
4001,'9',755,,3180,1761,,,1,100,,3181,1761,,,1,100,,3182,1761,,,1,100,,3183,1761,,,1,101,,3184,1821,,,1,100,,3185,1821,,,1,100,,3186,1821,,,1,100,,3187,1821,,,1,100,,3188,1821,,,1,100,,3189,1821,,,1,100,,3190,1821,,,1,100,,3191,1821,,,1,100,,3192,1821,,,1
6500,'2',647,,3886,1691,,,1,70,,3887,1691,,,1,30,,3888,1691,,,1,70,,3889,1691,,,1,30,,3890,1691,,,1,70,,3891,1691,,,1,30,,3892,1691,,,1,70,,3893,1691,,,1,29,,3894,1631,,,1,70,,3895,1631,,,1,30,,3896,1631,,,1,70,,3897,1631,,,1,31,,3898,1691,,,1,70,,3899,1691,,,1,30,,3900,1691,,,1,70,,3901,1691,,,1,30,,3902,1691,,,1,72,,3903,1833,,,1,30,,3904,1833,,,1,70,,3905,1833,,,1,30,,3906,1833,,,1,71,,3907,1893,,,1,30,,3908,1893,,,1,70,,3909,1893,,,1,27,,3910,1691,,,1,70,,3911,1691,,,1,30,,3912,1691,,,1,70,,3913,1691,,,1,28,,3914,1571,,,1,70,,3915,1571,,,1,30,,3916,1571,,,1,70,,3917,1571,,,1,31,,3918,1631,,,1
6500,'3',647,,3919,1691,,,1,70,,3920,1691,,,1,30,,3921,1691,,,1,70,,3922,1691,,,1,30,,3923,1691,,,1,70,,3924,1691,,,1,30,,3925,1691,,,1,70,,3926,1691,,,1,29,,3927,1631,,,1,70,,3928,1631,,,1,30,,3929,1631,,,1,70,,3930,1631,,,1,31,,3931,1691,,,1,70,,3932,1691,,,1,30,,3933,1691,,,1,70,,3934,1691,,,1,30,,3935,1691,,,1,72,,3936,1833,,,1,30,,3937,1833,,,1,70,,3938,1833,,,1,30,,3939,1833,,,1,71,,3940,1893,,,1,30,,3941,1893,,,1,70,,3942,1893,,,1,27,,3943,1691,,,1,70,,3944,1691,,,1,30,,3945,1691,,,1,70,,3946,1691,,,1,28,,3947,1571,,,1,70,,3948,1571,,,1,30,,3949,1571,,,1,70,,3950,1571,,,1,31,,3951,1631,,,1
6500,'4',647,,3952,1691,,,1,70,,3953,1691,,,1,30,,3954,1691,,,1,70,,3955,1691,,,1,30,,3956,1691,,,1,70,,3957,1691,,,1,30,,3958,1691,,,1,70,,3959,1691,,,1,29,,3960,1631,,,1,70,,3961,1631,,,1,30,,3962,1631,,,1,70,,3963,1631,,,1,31,,3964,1691,,,1,70,,3965,1691,,,1,30,,3966,1691,,,1,70,,3967,1691,,,1,30,,3968,1691,,,1,72,,3969,1833,,,1,30,,3970,1833,,,1,70,,3971,1833,,,1,30,,3972,1833,,,1,71,,3973,1893,,,1,30,,3974,1893,,,1,70,,3975,1893,,,1,27,,3976,1691,,,1,70,,3977,1691,,,1,30,,3978,1691,,,1,70,,3979,1691,,,1,28,,3980,1571,,,1,70,,3981,1571,,,1,30,,3982,1571,,,1,70,,3983,1571,,,1,31,,3984,1631,,,1
6500,'5',647,,3985,1691,,,1,70,,3986,1691,,,1,30,,3987,1691,,,1,70,,3988,1691,,,1,30,,3989,1691,,,1,70,,3990,1691,,,1,30,,3991,1691,,,1,70,,3992,1691,,,1,29,,3993,1631,,,1,70,,3994,1631,,,1,30,,3995,1631,,,1,70,,3996,1631,,,1,31,,3997,1691,,,1,70,,3998,1691,,,1,30,,3999,1691,,,1,70,,4000,1691,,,1,30,,4001,1691,,,1,72,,4002,1833,,,1,30,,4003,1833,,,1,70,,4004,1833,,,1,30,,4005,1833,,,1,71,,4006,1893,,,1,30,,4007,1893,,,1,70,,4008,1893,,,1,27,,4009,1691,,,1,70,,4010,1691,,,1,30,,4011,1691,,,1,70,,4012,1691,,,1,28,,4013,1571,,,1,70,,4014,1571,,,1,30,,4015,1571,,,1,70,,4016,1571,,,1,31,,4017,1631,,,1
6500,'6',647,,4018,1691,,,1,70,,4019,1691,,,1,30,,4020,1691,,,1,70,,4021,1691,,,1,30,,4022,1691,,,1,70,,4023,1691,,,1,30,,4024,1691,,,1,70,,4025,1691,,,1,29,,4026,1631,,,1,70,,4027,1631,,,1,30,,4028,1631,,,1,70,,4029,1631,,,1,31,,4030,1691,,,1,70,,4031,1691,,,1,30,,4032,1691,,,1,70,,4033,1691,,,1,30,,4034,1691,,,1,72,,4035,1833,,,1,30,,4036,1833,,,1,70,,4037,1833,,,1,30,,4038,1833,,,1,71,,4039,1893,,,1,30,,4040,1893,,,1,70,,4041,1893,,,1,27,,4042,1691,,,1,70,,4043,1691,,,1,30,,4044,1691,,,1,70,,4045,1691,,,1,28,,4046,1571,,,1,70,,4047,1571,,,1,30,,4048,1571,,,1,70,,4049,1571,,,1,31,,4050,1631,,,1
6500,'9',824,,4051,1571,,,1,100,,4052,1571,,,1,100,,4053,1571,,,1,100,,4054,1571,,,1,101,,4055,1631,,,1,100,,4056,1631,,,1,100,,4057,1631,,,1,100,,4058,1631,,,1,102,,4059,1751,,,1,100,,4060,1751,,,1,100,,4061,1751,,,1,100,,4062,1751,,,1
6501,'2',648,,4063,1581,,,1,70,,4064,1581,,,1,30,,4065,1581,,,1,71,,4066,1641,,,1,30,,4067,1641,,,1,70,,4068,1641,,,1,30,,4069,1641,,,1,70,,4070,1641,,,1,30,,4071,1641,,,1,70,,4072,1641,,,1,30,,4073,1641,,,1,70,,4074,1641,,,1,30,,4075,1641,,,1,70,,4076,1641,,,1,30,,4077,1641,,,1,70,,4078,1641,,,1,31,,4079,1735,,,1,70,,4080,1735,,,1,30,,4081,1735,,,1,70,,4082,1735,,,1,30,,4083,1735,,,1,70,,4084,1701,,,1,30,,4085,1701,,,1,70,,4086,1701,,,1,29,,4087,1641,,,1,70,,4088,1641,,,1,30,,4089,1641,,,1,70,,4090,1641,,,1,29,,4091,1581,,,1,70,,4092,1581,,,1,30,,4093,1581,,,1,70,,4094,1581,,,1,29,,4095,1521,,,1
6501,'3',648,,4096,1581,,,1,70,,4097,1581,,,1,30,,4098,1581,,,1,71,,4099,1641,,,1,30,,4100,1641,,,1,70,,4101,1641,,,1,30,,4102,1641,,,1,70,,4103,1641,,,1,30,,4104,1641,,,1,70,,4105,1641,,,1,30,,4106,1641,,,1,70,,4107,1641,,,1,30,,4108,1641,,,1,70,,4109,1641,,,1,30,,4110,1641,,,1,70,,4111,1641,,,1,31,,4112,1735,,,1,70,,4113,1735,,,1,30,,4114,1735,,,1,70,,4115,1735,,,1,30,,4116,1735,,,1,70,,4117,1701,,,1,30,,4118,1701,,,1,70,,4119,1701,,,1,29,,4120,1641,,,1,70,,4121,1641,,,1,30,,4122,1641,,,1,70,,4123,1641,,,1,29,,4124,1581,,,1,70,,4125,1581,,,1,30,,4126,1581,,,1,70,,4127,1581,,,1,29,,4128,1521,,,1
6501,'4',648,,4129,1581,,,1,70,,4130,1581,,,1,30,,4131,1581,,,1,71,,4132,1641,,,1,30,,4133,1641,,,1,70,,4134,1641,,,1,30,,4135,1641,,,1,70,,4136,1641,,,1,30,,4137,1641,,,1,70,,4138,1641,,,1,30,,4139,1641,,,1,70,,4140,1641,,,1,30,,4141,1641,,,1,70,,4142,1641,,,1,30,,4143,1641,,,1,70,,4144,1641,,,1,31,,4145,1735,,,1,70,,4146,1735,,,1,30,,4147,1735,,,1,70,,4148,1735,,,1,30,,4149,1735,,,1,70,,4150,1701,,,1,30,,4151,1701,,,1,70,,4152,1701,,,1,29,,4153,1641,,,1,70,,4154,1641,,,1,30,,4155,1641,,,1,70,,4156,1641,,,1,29,,4157,1581,,,1,70,,4158,1581,,,1,30,,4159,1581,,,1,70,,4160,1581,,,1,29,,4161,1521,,,1
6501,'5',648,,4162,1581,,,1,70,,4163,1581,,,1,30,,4164,1581,,,1,71,,4165,1641,,,1,30,,4166,1641,,,1,70,,4167,1641,,,1,30,,4168,1641,,,1,70,,4169,1641,,,1,30,,4170,1641,,,1,70,,4171,1641,,,1,30,,4172,1641,,,1,70,,4173,1641,,,1,30,,4174,1641,,,1,70,,4175,1641,,,1,30,,4176,1641,,,1,70,,4177,1641,,,1,31,,4178,1735,,,1,70,,4179,1735,,,1,30,,4180,1735,,,1,70,,4181,1735,,,1,30,,4182,1735,,,1,70,,4183,1701,,,1,30,,4184,1701,,,1,70,,4185,1701,,,1,29,,4186,1641,,,1,70,,4187,1641,,,1,30,,4188,1641,,,1,70,,4189,1641,,,1,29,,4190,1581,,,1,70,,4191,1581,,,1,30,,4192,1581,,,1,70,,4193,1581,,,1,29,,4194,1521,,,1
6501,'6',648,,4195,1581,,,1,70,,4196,1581,,,1,30,,4197,1581,,,1,71,,4198,1641,,,1,30,,4199,1641,,,1,70,,4200,1641,,,1,30,,4201,1641,,,1,70,,4202,1641,,,1,30,,4203,1641,,,1,70,,4204,1641,,,1,30,,4205,1641,,,1,70,,4206,1641,,,1,30,,4207,1641,,,1,70,,4208,1641,,,1,30,,4209,1641,,,1,70,,4210,1641,,,1,31,,4211,1735,,,1,70,,4212,1735,,,1,30,,4213,1735,,,1,70,,4214,1735,,,1,30,,4215,1735,,,1,70,,4216,1701,,,1,30,,4217,1701,,,1,70,,4218,1701,,,1,29,,4219,1641,,,1,70,,4220,1641,,,1,30,,4221,1641,,,1,70,,4222,1641,,,1,29,,4223,1581,,,1,70,,4224,1581,,,1,30,,4225,1581,,,1,70,,4226,1581,,,1,29,,4227,1521,,,1
6501,'9',826,,4228,1521,,,1,100,,4229,1521,,,1,100,,4230,1521,,,1,101,,4231,1581,,,1,100,,4232,1581,,,1,100,,4233,1581,,,1,100,,4234,1581,,,1,100,,4235,1581,,,1,100,,4236,1581,,,1,100,,4237,1581,,,1,100,,4238,1581,,,1,100,,4239,1581,,,1
