1100,'2',638,,637,719,,,1,102,,638,826,,,1,100,,639,826,,,1,100,,640,826,,,1,100,,641,826,,,1,102,,642,826,,,1,99,,643,873,,,1,100,,644,873,,,1,101,,645,920,,,1,102,,646,920,,,1,101,,647,873,,,1,96,,648,873,,,1,99,,649,826,,,1,102,,650,826,,,1,99,,651,779,,,1,100,,652,779,,,1
1100,'3',638,,653,719,,,1,102,,654,826,,,1,100,,655,826,,,1,100,,656,826,,,1,100,,657,826,,,1,102,,658,826,,,1,99,,659,873,,,1,100,,660,873,,,1,101,,661,920,,,1,102,,662,920,,,1,101,,663,873,,,1,96,,664,873,,,1,99,,665,826,,,1,102,,666,826,,,1,99,,667,779,,,1,100,,668,779,,,1
1100,'4',638,,669,719,,,1,102,,670,826,,,1,100,,671,826,,,1,100,,672,826,,,1,100,,673,826,,,1,102,,674,826,,,1,99,,675,873,,,1,100,,676,873,,,1,101,,677,920,,,1,102,,678,920,,,1,101,,679,873,,,1,96,,680,873,,,1,99,,681,826,,,1,102,,682,826,,,1,99,,683,779,,,1,100,,684,779,,,1
1100,'5',638,,685,719,,,1,102,,686,826,,,1,100,,687,826,,,1,100,,688,826,,,1,100,,689,826,,,1,102,,690,826,,,1,99,,691,873,,,1,100,,692,873,,,1,101,,693,920,,,1,102,,694,920,,,1,101,,695,873,,,1,96,,696,873,,,1,99,,697,826,,,1,102,,698,826,,,1,99,,699,779,,,1,100,,700,779,,,1
1100,'6',638,,701,719,,,1,102,,702,826,,,1,100,,703,826,,,1,100,,704,826,,,1,100,,705,826,,,1,102,,706,826,,,1,99,,707,873,,,1,100,,708,873,,,1,101,,709,920,,,1,102,,710,920,,,1,101,,711,873,,,1,96,,712,873,,,1,99,,713,826,,,1,102,,714,826,,,1,99,,715,779,,,1,100,,716,779,,,1
1100,'9',819,,717,719,,,1,100,,718,719,,,1,100,,719,719,,,1,101,,720,779,,,1,100,,721,779,,,1,100,,722,779,,,1,100,,723,779,,,1,100,,724,779,,,1,100,,725,779,,,1,100,,726,779,,,1,100,,727,779,,,1,100,,728,779,,,1
1101,'2',714,,729,540,,,1,101,,730,630,,,1,100,,731,630,,,1,100,,732,630,,,1,100,,733,630,,,1,101,,734,630,,,1,99,,735,630,,,1,100,,736,630,,,1,101,,737,630,,,1,101,,738,630,,,1,101,,739,630,,,1,97,,740,630,,,1,100,,741,630,,,1,102,,742,630,,,1,100,,743,630,,,1,99,,744,540,,,1
1101,'3',714,,745,540,,,1,101,,746,630,,,1,100,,747,630,,,1,100,,748,630,,,1,100,,749,630,,,1,101,,750,630,,,1,99,,751,630,,,1,100,,752,630,,,1,101,,753,630,,,1,101,,754,630,,,1,101,,755,630,,,1,97,,756,630,,,1,100,,757,630,,,1,102,,758,630,,,1,100,,759,630,,,1,99,,760,540,,,1
1101,'4',714,,761,540,,,1,101,,762,630,,,1,100,,763,630,,,1,100,,764,630,,,1,100,,765,630,,,1,101,,766,630,,,1,99,,767,630,,,1,100,,768,630,,,1,101,,769,630,,,1,101,,770,630,,,1,101,,771,630,,,1,97,,772,630,,,1,100,,773,630,,,1,102,,774,630,,,1,100,,775,630,,,1,99,,776,540,,,1
1101,'5',714,,777,540,,,1,101,,778,630,,,1,100,,779,630,,,1,100,,780,630,,,1,100,,781,630,,,1,101,,782,630,,,1,99,,783,630,,,1,100,,784,630,,,1,101,,785,630,,,1,101,,786,630,,,1,101,,787,630,,,1,97,,788,630,,,1,100,,789,630,,,1,102,,790,630,,,1,100,,791,630,,,1,99,,792,540,,,1
1101,'6',714,,793,540,,,1,101,,794,630,,,1,100,,795,630,,,1,100,,796,630,,,1,100,,797,630,,,1,101,,798,630,,,1,99,,799,630,,,1,100,,800,630,,,1,101,,801,630,,,1,101,,802,630,,,1,101,,803,630,,,1,97,,804,630,,,1,100,,805,630,,,1,102,,806,630,,,1,100,,807,630,,,1,99,,808,540,,,1
1101,'9',852,,809,540,,,1,100,,810,540,,,1,100,,811,540,,,1,101,,812,630,,,1,100,,813,630,,,1,100,,814,630,,,1,100,,815,630,,,1,100,,816,630,,,1,100,,817,630,,,1,100,,818,630,,,1,100,,819,630,,,1,100,,820,630,,,1
