1000,'2-v13',609,,1,,,1,15,,2,,,1,15,,3,,,1,15,,4,,,1,55,,5,,,1,15,,6,,,1,16,,7,,,1,15,,8,,,1,55,,9,,,1,15,,10,,,1,15,,11,,,1,15,,12,,,1,55,,13,,,1,15,,14,,,1,15,,15,,,1,15,,16,,,1,55,,17,,,1,15,,18,,,1,15,,19,,,1,15,,20,,,1,55,,21,,,1,15,,22,,,1,15,,23,,,1,15,,24,,,1,55,,25,,,1,15,,26,,,1,15,,27,,,1,15,,28,,,1,55,,29,,,1,15,,30,,,1,15,,31,,,1,15,,32,,,1,55,,33,,,1,16,,34,,,1,16,,35,,,1,16,,36,,,1,56,,37,,,1,16,,38,,,1,16,,39,,,1,56,,40,,,1,16,,41,,,1,16,,42,,,1,15,,43,,,1,56,,44,,,1,16,,45,,,1,16,,46,,,1,16,,47,,,1,56,,48,,,1,16,,49,,,1,15,,50,,,1,15,,51,,,1,55,,52,,,1,30,,53,,,1,69,,54,,,1,30,,55,,,1,70,,56,,,1,30,,57,,,1,69,,58,,,1,100,,59,,,1
1000,'3-v13',609,,60,,,1,15,,61,,,1,15,,62,,,1,15,,63,,,1,55,,64,,,1,15,,65,,,1,16,,66,,,1,15,,67,,,1,55,,68,,,1,15,,69,,,1,15,,70,,,1,15,,71,,,1,55,,72,,,1,15,,73,,,1,15,,74,,,1,15,,75,,,1,55,,76,,,1,15,,77,,,1,15,,78,,,1,15,,79,,,1,55,,80,,,1,15,,81,,,1,15,,82,,,1,15,,83,,,1,55,,84,,,1,15,,85,,,1,15,,86,,,1,15,,87,,,1,55,,88,,,1,15,,89,,,1,15,,90,,,1,15,,91,,,1,55,,92,,,1,16,,93,,,1,16,,94,,,1,16,,95,,,1,56,,96,,,1,16,,97,,,1,16,,98,,,1,56,,99,,,1,16,,100,,,1,16,,101,,,1,15,,102,,,1,56,,103,,,1,16,,104,,,1,16,,105,,,1,16,,106,,,1,56,,107,,,1,16,,108,,,1,15,,109,,,1,15,,110,,,1,55,,111,,,1,30,,112,,,1,69,,113,,,1,30,,114,,,1,70,,115,,,1,30,,116,,,1,69,,117,,,1,100,,118,,,1
1000,'4-v13',609,,119,,,1,15,,120,,,1,15,,121,,,1,15,,122,,,1,55,,123,,,1,15,,124,,,1,16,,125,,,1,15,,126,,,1,55,,127,,,1,15,,128,,,1,15,,129,,,1,15,,130,,,1,55,,131,,,1,15,,132,,,1,15,,133,,,1,15,,134,,,1,55,,135,,,1,15,,136,,,1,15,,137,,,1,15,,138,,,1,55,,139,,,1,15,,140,,,1,15,,141,,,1,15,,142,,,1,55,,143,,,1,15,,144,,,1,15,,145,,,1,15,,146,,,1,55,,147,,,1,15,,148,,,1,15,,149,,,1,15,,150,,,1,55,,151,,,1,16,,152,,,1,16,,153,,,1,16,,154,,,1,56,,155,,,1,16,,156,,,1,16,,157,,,1,56,,158,,,1,16,,159,,,1,16,,160,,,1,15,,161,,,1,56,,162,,,1,16,,163,,,1,16,,164,,,1,16,,165,,,1,56,,166,,,1,16,,167,,,1,15,,168,,,1,15,,169,,,1,55,,170,,,1,30,,171,,,1,69,,172,,,1,30,,173,,,1,70,,174,,,1,30,,175,,,1,69,,176,,,1,100,,177,,,1
1000,'5-v13',609,,178,,,1,15,,179,,,1,15,,180,,,1,15,,181,,,1,55,,182,,,1,15,,183,,,1,16,,184,,,1,15,,185,,,1,55,,186,,,1,15,,187,,,1,15,,188,,,1,15,,189,,,1,55,,190,,,1,15,,191,,,1,15,,192,,,1,15,,193,,,1,55,,194,,,1,15,,195,,,1,15,,196,,,1,15,,197,,,1,55,,198,,,1,15,,199,,,1,15,,200,,,1,15,,201,,,1,55,,202,,,1,15,,203,,,1,15,,204,,,1,15,,205,,,1,55,,206,,,1,15,,207,,,1,15,,208,,,1,15,,209,,,1,55,,210,,,1,16,,211,,,1,16,,212,,,1,16,,213,,,1,56,,214,,,1,16,,215,,,1,16,,216,,,1,56,,217,,,1,16,,218,,,1,16,,219,,,1,15,,220,,,1,56,,221,,,1,16,,222,,,1,16,,223,,,1,16,,224,,,1,56,,225,,,1,16,,226,,,1,15,,227,,,1,15,,228,,,1,55,,229,,,1,30,,230,,,1,69,,231,,,1,30,,232,,,1,70,,233,,,1,30,,234,,,1,69,,235,,,1,100,,236,,,1
1000,'6-v13',609,,237,,,1,15,,238,,,1,15,,239,,,1,15,,240,,,1,55,,241,,,1,15,,242,,,1,16,,243,,,1,15,,244,,,1,55,,245,,,1,15,,246,,,1,15,,247,,,1,15,,248,,,1,55,,249,,,1,15,,250,,,1,15,,251,,,1,15,,252,,,1,55,,253,,,1,15,,254,,,1,15,,255,,,1,15,,256,,,1,55,,257,,,1,15,,258,,,1,15,,259,,,1,15,,260,,,1,55,,261,,,1,15,,262,,,1,15,,263,,,1,15,,264,,,1,55,,265,,,1,15,,266,,,1,15,,267,,,1,15,,268,,,1,55,,269,,,1,16,,270,,,1,16,,271,,,1,16,,272,,,1,56,,273,,,1,16,,274,,,1,16,,275,,,1,56,,276,,,1,16,,277,,,1,16,,278,,,1,15,,279,,,1,56,,280,,,1,16,,281,,,1,16,,282,,,1,16,,283,,,1,56,,284,,,1,16,,285,,,1,15,,286,,,1,15,,287,,,1,55,,288,,,1,30,,289,,,1,69,,290,,,1,30,,291,,,1,70,,292,,,1,30,,293,,,1,69,,294,,,1,100,,295,,,1
1000,'9-v13',805,,296,,,1,30,,297,,,1,70,,298,,,1,30,,299,,,1,70,,300,,,1,30,,301,,,1,70,,302,,,1,30,,303,,,1,70,,304,,,1,30,,305,,,1,70,,306,,,1,30,,307,,,1,70,,308,,,1,30,,309,,,1,70,,310,,,1,30,,311,,,1,70,,312,,,1,30,,313,,,1,70,,314,,,1,30,,315,,,1,70,,316,,,1,30,,317,,,1,100,,318,,,1
4001,'2-v13',608,,3040,,,1,30,,3041,,,1,70,,3042,,,1,30,,3043,,,1,70,,3044,,,1,30,,3045,,,1,70,,3046,,,1,30,,3047,,,1,70,,3048,,,1,30,,3049,,,1,70,,3050,,,1,30,,3051,,,1,71,,3052,,,1,30,,3053,,,1,70,,3054,,,1,30,,3055,,,1,70,,3056,,,1,30,,3057,,,1,70,,3058,,,1,30,,3059,,,1,70,,3060,,,1,30,,3061,,,1,70,,3062,,,1,30,,3063,,,1,70,,3064,,,1,30,,3065,,,1,413,,3066,,,1,70,,3067,,,1
4001,'3-v13',608,,3068,,,1,30,,3069,,,1,70,,3070,,,1,30,,3071,,,1,70,,3072,,,1,30,,3073,,,1,70,,3074,,,1,30,,3075,,,1,70,,3076,,,1,30,,3077,,,1,70,,3078,,,1,30,,3079,,,1,71,,3080,,,1,30,,3081,,,1,70,,3082,,,1,30,,3083,,,1,70,,3084,,,1,30,,3085,,,1,70,,3086,,,1,30,,3087,,,1,70,,3088,,,1,30,,3089,,,1,70,,3090,,,1,30,,3091,,,1,70,,3092,,,1,30,,3093,,,1,413,,3094,,,1,70,,3095,,,1
4001,'4-v13',608,,3096,,,1,30,,3097,,,1,70,,3098,,,1,30,,3099,,,1,70,,3100,,,1,30,,3101,,,1,70,,3102,,,1,30,,3103,,,1,70,,3104,,,1,30,,3105,,,1,70,,3106,,,1,30,,3107,,,1,71,,3108,,,1,30,,3109,,,1,70,,3110,,,1,30,,3111,,,1,70,,3112,,,1,30,,3113,,,1,70,,3114,,,1,30,,3115,,,1,70,,3116,,,1,30,,3117,,,1,70,,3118,,,1,30,,3119,,,1,70,,3120,,,1,30,,3121,,,1,413,,3122,,,1,70,,3123,,,1
4001,'5-v13',608,,3124,,,1,30,,3125,,,1,70,,3126,,,1,30,,3127,,,1,70,,3128,,,1,30,,3129,,,1,70,,3130,,,1,30,,3131,,,1,70,,3132,,,1,30,,3133,,,1,70,,3134,,,1,30,,3135,,,1,71,,3136,,,1,30,,3137,,,1,70,,3138,,,1,30,,3139,,,1,70,,3140,,,1,30,,3141,,,1,70,,3142,,,1,30,,3143,,,1,70,,3144,,,1,30,,3145,,,1,70,,3146,,,1,30,,3147,,,1,70,,3148,,,1,30,,3149,,,1,413,,3150,,,1,70,,3151,,,1
4001,'6-v13',608,,3152,,,1,30,,3153,,,1,70,,3154,,,1,30,,3155,,,1,70,,3156,,,1,30,,3157,,,1,70,,3158,,,1,30,,3159,,,1,70,,3160,,,1,30,,3161,,,1,70,,3162,,,1,30,,3163,,,1,71,,3164,,,1,30,,3165,,,1,70,,3166,,,1,30,,3167,,,1,70,,3168,,,1,30,,3169,,,1,70,,3170,,,1,30,,3171,,,1,70,,3172,,,1,30,,3173,,,1,70,,3174,,,1,30,,3175,,,1,70,,3176,,,1,30,,3177,,,1,413,,3178,,,1,70,,3179,,,1
4001,'9-v13',731,,3180,,,1,100,,3181,,,1,100,,3182,,,1,100,,3183,,,1,100,,3184,,,1,100,,3185,,,1,100,,3186,,,1,100,,3187,,,1,100,,3188,,,1,100,,3189,,,1,100,,3190,,,1,100,,3191,,,1,100,,3192,,,1
6500,'2-v13',624,,3886,,,1,30,,3887,,,1,70,,3888,,,1,29,,3889,,,1,70,,3890,,,1,30,,3891,,,1,70,,3892,,,1,30,,3893,,,1,70,,3894,,,1,30,,3895,,,1,70,,3896,,,1,30,,3897,,,1,71,,3898,,,1,30,,3899,,,1,70,,3900,,,1,30,,3901,,,1,70,,3902,,,1,30,,3903,,,1,70,,3904,,,1,30,,3905,,,1,70,,3906,,,1,30,,3907,,,1,70,,3908,,,1,30,,3909,,,1,70,,3910,,,1,30,,3911,,,1,70,,3912,,,1,30,,3913,,,1,69,,3914,,,1,30,,3915,,,1,70,,3916,,,1,30,,3917,,,1,70,,3918,,,1
6500,'3-v13',624,,3919,,,1,30,,3920,,,1,70,,3921,,,1,29,,3922,,,1,70,,3923,,,1,30,,3924,,,1,70,,3925,,,1,30,,3926,,,1,70,,3927,,,1,30,,3928,,,1,70,,3929,,,1,30,,3930,,,1,71,,3931,,,1,30,,3932,,,1,70,,3933,,,1,30,,3934,,,1,70,,3935,,,1,30,,3936,,,1,70,,3937,,,1,30,,3938,,,1,70,,3939,,,1,30,,3940,,,1,70,,3941,,,1,30,,3942,,,1,70,,3943,,,1,30,,3944,,,1,70,,3945,,,1,30,,3946,,,1,69,,3947,,,1,30,,3948,,,1,70,,3949,,,1,30,,3950,,,1,70,,3951,,,1
6500,'4-v13',624,,3952,,,1,30,,3953,,,1,70,,3954,,,1,29,,3955,,,1,70,,3956,,,1,30,,3957,,,1,70,,3958,,,1,30,,3959,,,1,70,,3960,,,1,30,,3961,,,1,70,,3962,,,1,30,,3963,,,1,71,,3964,,,1,30,,3965,,,1,70,,3966,,,1,30,,3967,,,1,70,,3968,,,1,30,,3969,,,1,70,,3970,,,1,30,,3971,,,1,70,,3972,,,1,30,,3973,,,1,70,,3974,,,1,30,,3975,,,1,70,,3976,,,1,30,,3977,,,1,70,,3978,,,1,30,,3979,,,1,69,,3980,,,1,30,,3981,,,1,70,,3982,,,1,30,,3983,,,1,70,,3984,,,1
6500,'5-v13',624,,3985,,,1,30,,3986,,,1,70,,3987,,,1,29,,3988,,,1,70,,3989,,,1,30,,3990,,,1,70,,3991,,,1,30,,3992,,,1,70,,3993,,,1,30,,3994,,,1,70,,3995,,,1,30,,3996,,,1,71,,3997,,,1,30,,3998,,,1,70,,3999,,,1,30,,4000,,,1,70,,4001,,,1,30,,4002,,,1,70,,4003,,,1,30,,4004,,,1,70,,4005,,,1,30,,4006,,,1,70,,4007,,,1,30,,4008,,,1,70,,4009,,,1,30,,4010,,,1,70,,4011,,,1,30,,4012,,,1,69,,4013,,,1,30,,4014,,,1,70,,4015,,,1,30,,4016,,,1,70,,4017,,,1
6500,'6-v13',624,,4018,,,1,30,,4019,,,1,70,,4020,,,1,29,,4021,,,1,70,,4022,,,1,30,,4023,,,1,70,,4024,,,1,30,,4025,,,1,70,,4026,,,1,30,,4027,,,1,70,,4028,,,1,30,,4029,,,1,71,,4030,,,1,30,,4031,,,1,70,,4032,,,1,30,,4033,,,1,70,,4034,,,1,30,,4035,,,1,70,,4036,,,1,30,,4037,,,1,70,,4038,,,1,30,,4039,,,1,70,,4040,,,1,30,,4041,,,1,70,,4042,,,1,30,,4043,,,1,70,,4044,,,1,30,,4045,,,1,69,,4046,,,1,30,,4047,,,1,70,,4048,,,1,30,,4049,,,1,70,,4050,,,1
6500,'9-v13',802,,4051,,,1,100,,4052,,,1,100,,4053,,,1,100,,4054,,,1,101,,4055,,,1,100,,4056,,,1,100,,4057,,,1,100,,4058,,,1,100,,4059,,,1,100,,4060,,,1,100,,4061,,,1,100,,4062,,,1
8500,'2-v13',602,,4240,,,1,100,,4241,,,1,100,,4242,,,1,100,,4243,,,1,100,,4244,,,1,100,,4245,,,1,100,,4246,,,1,99,,4247,,,1,100,,4248,,,1,101,,4249,,,1,100,,4250,,,1,100,,4251,,,1,100,,4252,,,1,100,,4253,,,1,100,,4254,,,1,99,,4255,,,1,100,,4256,,,1,100,,4257,,,1
8500,'3-v13',602,,4258,,,1,100,,4259,,,1,100,,4260,,,1,100,,4261,,,1,100,,4262,,,1,100,,4263,,,1,100,,4264,,,1,99,,4265,,,1,100,,4266,,,1,101,,4267,,,1,100,,4268,,,1,100,,4269,,,1,100,,4270,,,1,100,,4271,,,1,100,,4272,,,1,99,,4273,,,1,100,,4274,,,1,100,,4275,,,1
8500,'4-v13',602,,4276,,,1,100,,4277,,,1,100,,4278,,,1,100,,4279,,,1,100,,4280,,,1,100,,4281,,,1,100,,4282,,,1,99,,4283,,,1,100,,4284,,,1,101,,4285,,,1,100,,4286,,,1,100,,4287,,,1,100,,4288,,,1,100,,4289,,,1,100,,4290,,,1,99,,4291,,,1,100,,4292,,,1,100,,4293,,,1
8500,'5-v13',602,,4294,,,1,100,,4295,,,1,100,,4296,,,1,100,,4297,,,1,100,,4298,,,1,100,,4299,,,1,100,,4300,,,1,99,,4301,,,1,100,,4302,,,1,101,,4303,,,1,100,,4304,,,1,100,,4305,,,1,100,,4306,,,1,100,,4307,,,1,100,,4308,,,1,99,,4309,,,1,100,,4310,,,1,100,,4311,,,1
8500,'6-v13',602,,4312,,,1,100,,4313,,,1,100,,4314,,,1,100,,4315,,,1,100,,4316,,,1,100,,4317,,,1,100,,4318,,,1,99,,4319,,,1,100,,4320,,,1,101,,4321,,,1,100,,4322,,,1,100,,4323,,,1,100,,4324,,,1,100,,4325,,,1,100,,4326,,,1,99,,4327,,,1,100,,4328,,,1,100,,4329,,,1
8500,'9-v13',812,,4330,,,1,100,,4331,,,1,100,,4332,,,1,101,,4333,,,1,100,,4334,,,1,100,,4335,,,1,100,,4336,,,1,100,,4337,,,1,100,,4338,,,1,100,,4339,,,1,100,,4340,,,1,100,,4341,,,1
