2501,'2',607,,1659,326,,,1,30,,1660,326,,,1,70,,1661,326,,,1,32,,1662,444,,,1,70,,1663,444,,,1,30,,1664,444,,,1,69,,1665,444,,,1,29,,1666,444,,,1,70,,1667,504,,,1,29,,1668,504,,,1,69,,1669,504,,,1,29,,1670,504,,,1,70,,1671,504,,,1,29,,1672,504,,,1,69,,1673,504,,,1,29,,1674,504,,,1,69,,1675,504,,,1,31,,1676,564,,,1,70,,1677,564,,,1,31,,1678,564,,,1,71,,1679,564,,,1,31,,1680,564,,,1,70,,1681,504,,,1,31,,1682,504,,,1,72,,1683,504,,,1,29,,1684,415,,,1,70,,1685,415,,,1,30,,1686,415,,,1,70,,1687,415,,,1,29,,1688,355,,,1,70,,1689,355,,,1,30,,1690,355,,,1,70,,1691,355,,,1,30,,1692,355,,,1,70,,1693,355,,,1
2501,'3',607,,1694,326,,,1,30,,1695,326,,,1,70,,1696,326,,,1,32,,1697,444,,,1,70,,1698,444,,,1,30,,1699,444,,,1,69,,1700,444,,,1,29,,1701,444,,,1,70,,1702,504,,,1,29,,1703,504,,,1,69,,1704,504,,,1,29,,1705,504,,,1,70,,1706,504,,,1,29,,1707,504,,,1,69,,1708,504,,,1,29,,1709,504,,,1,69,,1710,504,,,1,31,,1711,564,,,1,70,,1712,564,,,1,31,,1713,564,,,1,71,,1714,564,,,1,31,,1715,564,,,1,70,,1716,504,,,1,31,,1717,504,,,1,72,,1718,504,,,1,29,,1719,415,,,1,70,,1720,415,,,1,30,,1721,415,,,1,70,,1722,415,,,1,29,,1723,355,,,1,70,,1724,355,,,1,30,,1725,355,,,1,70,,1726,355,,,1,30,,1727,355,,,1,70,,1728,355,,,1
2501,'4',607,,1729,326,,,1,30,,1730,326,,,1,70,,1731,326,,,1,32,,1732,444,,,1,70,,1733,444,,,1,30,,1734,444,,,1,69,,1735,444,,,1,29,,1736,444,,,1,70,,1737,504,,,1,29,,1738,504,,,1,69,,1739,504,,,1,29,,1740,504,,,1,70,,1741,504,,,1,29,,1742,504,,,1,69,,1743,504,,,1,29,,1744,504,,,1,69,,1745,504,,,1,31,,1746,564,,,1,70,,1747,564,,,1,31,,1748,564,,,1,71,,1749,564,,,1,31,,1750,564,,,1,70,,1751,504,,,1,31,,1752,504,,,1,72,,1753,504,,,1,29,,1754,415,,,1,70,,1755,415,,,1,30,,1756,415,,,1,70,,1757,415,,,1,29,,1758,355,,,1,70,,1759,355,,,1,30,,1760,355,,,1,70,,1761,355,,,1,30,,1762,355,,,1,70,,1763,355,,,1
2501,'5',607,,1764,326,,,1,30,,1765,326,,,1,70,,1766,326,,,1,32,,1767,444,,,1,70,,1768,444,,,1,30,,1769,444,,,1,69,,1770,444,,,1,29,,1771,444,,,1,70,,1772,504,,,1,29,,1773,504,,,1,69,,1774,504,,,1,29,,1775,504,,,1,70,,1776,504,,,1,29,,1777,504,,,1,69,,1778,504,,,1,29,,1779,504,,,1,69,,1780,504,,,1,31,,1781,564,,,1,70,,1782,564,,,1,31,,1783,564,,,1,71,,1784,564,,,1,31,,1785,564,,,1,70,,1786,504,,,1,31,,1787,504,,,1,72,,1788,504,,,1,29,,1789,415,,,1,70,,1790,415,,,1,30,,1791,415,,,1,70,,1792,415,,,1,29,,1793,355,,,1,70,,1794,355,,,1,30,,1795,355,,,1,70,,1796,355,,,1,30,,1797,355,,,1,70,,1798,355,,,1
2501,'6',607,,1799,326,,,1,30,,1800,326,,,1,70,,1801,326,,,1,32,,1802,444,,,1,70,,1803,444,,,1,30,,1804,444,,,1,69,,1805,444,,,1,29,,1806,444,,,1,70,,1807,504,,,1,29,,1808,504,,,1,69,,1809,504,,,1,29,,1810,504,,,1,70,,1811,504,,,1,29,,1812,504,,,1,69,,1813,504,,,1,29,,1814,504,,,1,69,,1815,504,,,1,31,,1816,564,,,1,70,,1817,564,,,1,31,,1818,564,,,1,71,,1819,564,,,1,31,,1820,564,,,1,70,,1821,504,,,1,31,,1822,504,,,1,72,,1823,504,,,1,29,,1824,415,,,1,70,,1825,415,,,1,30,,1826,415,,,1,70,,1827,415,,,1,29,,1828,355,,,1,70,,1829,355,,,1,30,,1830,355,,,1,70,,1831,355,,,1,30,,1832,355,,,1,70,,1833,355,,,1
2501,'9',809,,1834,355,,,1,31,,1835,355,,,1,71,,1836,355,,,1,30,,1837,355,,,1,70,,1838,355,,,1,30,,1839,355,,,1,71,,1840,415,,,1,30,,1841,415,,,1,70,,1842,415,,,1,30,,1843,415,,,1,70,,1844,415,,,1,30,,1845,415,,,1,70,,1846,415,,,1,30,,1847,415,,,1,71,,1848,475,,,1,30,,1849,475,,,1,70,,1850,475,,,1,30,,1851,475,,,1,70,,1852,475,,,1,30,,1853,475,,,1,70,,1854,475,,,1,100,,1855,475,,,1
5101,'2',623,,3370,903,,,1,30,,3371,903,,,1,70,,3372,903,,,1,33,,3373,1096,,,1,72,,3374,1096,,,1,72,,3375,1096,,,1,32,,3376,1096,,,1,72,,3377,1096,,,1,33,,3378,1156,,,1,72,,3379,1156,,,1,32,,3380,1156,,,1,72,,3381,1156,,,1,33,,3382,1156,,,1,73,,3383,1156,,,1,33,,3384,1156,,,1,72,,3385,1156,,,1,33,,3386,1192,,,1,73,,3387,1192,,,1,73,,3388,1192,,,1,33,,3389,1192,,,1,74,,3390,1216,,,1,33,,3391,1216,,,1,73,,3392,1216,,,1,31,,3393,1119,,,1,73,,3394,1119,,,1,32,,3395,1119,,,1,71,,3396,1023,,,1,32,,3397,1023,,,1,72,,3398,1023,,,1,32,,3399,1023,,,1,71,,3400,963,,,1
5101,'3',623,,3401,903,,,1,30,,3402,903,,,1,70,,3403,903,,,1,33,,3404,1096,,,1,72,,3405,1096,,,1,72,,3406,1096,,,1,32,,3407,1096,,,1,72,,3408,1096,,,1,33,,3409,1156,,,1,72,,3410,1156,,,1,32,,3411,1156,,,1,72,,3412,1156,,,1,33,,3413,1156,,,1,73,,3414,1156,,,1,33,,3415,1156,,,1,72,,3416,1156,,,1,33,,3417,1192,,,1,73,,3418,1192,,,1,73,,3419,1192,,,1,33,,3420,1192,,,1,74,,3421,1216,,,1,33,,3422,1216,,,1,73,,3423,1216,,,1,31,,3424,1119,,,1,73,,3425,1119,,,1,32,,3426,1119,,,1,71,,3427,1023,,,1,32,,3428,1023,,,1,72,,3429,1023,,,1,32,,3430,1023,,,1,71,,3431,963,,,1
5101,'4',623,,3432,903,,,1,30,,3433,903,,,1,70,,3434,903,,,1,33,,3435,1096,,,1,72,,3436,1096,,,1,72,,3437,1096,,,1,32,,3438,1096,,,1,72,,3439,1096,,,1,33,,3440,1156,,,1,72,,3441,1156,,,1,32,,3442,1156,,,1,72,,3443,1156,,,1,33,,3444,1156,,,1,73,,3445,1156,,,1,33,,3446,1156,,,1,72,,3447,1156,,,1,33,,3448,1192,,,1,73,,3449,1192,,,1,73,,3450,1192,,,1,33,,3451,1192,,,1,74,,3452,1216,,,1,33,,3453,1216,,,1,73,,3454,1216,,,1,31,,3455,1119,,,1,73,,3456,1119,,,1,32,,3457,1119,,,1,71,,3458,1023,,,1,32,,3459,1023,,,1,72,,3460,1023,,,1,32,,3461,1023,,,1,71,,3462,963,,,1
5101,'5',623,,3463,903,,,1,30,,3464,903,,,1,70,,3465,903,,,1,33,,3466,1096,,,1,72,,3467,1096,,,1,72,,3468,1096,,,1,32,,3469,1096,,,1,72,,3470,1096,,,1,33,,3471,1156,,,1,72,,3472,1156,,,1,32,,3473,1156,,,1,72,,3474,1156,,,1,33,,3475,1156,,,1,73,,3476,1156,,,1,33,,3477,1156,,,1,72,,3478,1156,,,1,33,,3479,1192,,,1,73,,3480,1192,,,1,73,,3481,1192,,,1,33,,3482,1192,,,1,74,,3483,1216,,,1,33,,3484,1216,,,1,73,,3485,1216,,,1,31,,3486,1119,,,1,73,,3487,1119,,,1,32,,3488,1119,,,1,71,,3489,1023,,,1,32,,3490,1023,,,1,72,,3491,1023,,,1,32,,3492,1023,,,1,71,,3493,963,,,1
5101,'6',623,,3494,903,,,1,30,,3495,903,,,1,70,,3496,903,,,1,33,,3497,1096,,,1,72,,3498,1096,,,1,72,,3499,1096,,,1,32,,3500,1096,,,1,72,,3501,1096,,,1,33,,3502,1156,,,1,72,,3503,1156,,,1,32,,3504,1156,,,1,72,,3505,1156,,,1,33,,3506,1156,,,1,73,,3507,1156,,,1,33,,3508,1156,,,1,72,,3509,1156,,,1,33,,3510,1192,,,1,73,,3511,1192,,,1,73,,3512,1192,,,1,33,,3513,1192,,,1,74,,3514,1216,,,1,33,,3515,1216,,,1,73,,3516,1216,,,1,31,,3517,1119,,,1,73,,3518,1119,,,1,32,,3519,1119,,,1,71,,3520,1023,,,1,32,,3521,1023,,,1,72,,3522,1023,,,1,32,,3523,1023,,,1,71,,3524,963,,,1
5101,'9',836,,3525,999,,,1,100,,3526,999,,,1,100,,3527,999,,,1,102,,3528,1132,,,1,100,,3529,1132,,,1,100,,3530,1132,,,1,100,,3531,1132,,,1,98,,3532,999,,,1,100,,3533,999,,,1,100,,3534,999,,,1,100,,3535,999,,,1,100,,3536,999,,,1
