4001,'2',617,,3040,796,,,1,30,,3041,796,,,1,70,,3042,796,,,1,30,,3043,796,,,1,70,,3044,796,,,1,30,,3045,796,,,1,70,,3046,796,,,1,30,,3047,796,,,1,70,,3048,796,,,1,30,,3049,796,,,1,70,,3050,796,,,1,30,,3051,796,,,1,71,,3052,856,,,1,30,,3053,856,,,1,70,,3054,856,,,1,30,,3055,856,,,1,70,,3056,856,,,1,32,,3057,999,,,1,70,,3058,999,,,1,30,,3059,999,,,1,70,,3060,999,,,1,29,,3061,939,,,1,70,,3062,939,,,1,30,,3063,939,,,1,69,,3064,856,,,1,30,,3065,856,,,1,453,,3066,856,,,1,30,,3067,856,,,1
4001,'3',617,,3068,796,,,1,30,,3069,796,,,1,70,,3070,796,,,1,30,,3071,796,,,1,70,,3072,796,,,1,30,,3073,796,,,1,70,,3074,796,,,1,30,,3075,796,,,1,70,,3076,796,,,1,30,,3077,796,,,1,70,,3078,796,,,1,30,,3079,796,,,1,71,,3080,856,,,1,30,,3081,856,,,1,70,,3082,856,,,1,30,,3083,856,,,1,70,,3084,856,,,1,32,,3085,999,,,1,70,,3086,999,,,1,30,,3087,999,,,1,70,,3088,999,,,1,29,,3089,939,,,1,70,,3090,939,,,1,30,,3091,939,,,1,69,,3092,856,,,1,30,,3093,856,,,1,453,,3094,856,,,1,30,,3095,856,,,1
4001,'4',617,,3096,796,,,1,30,,3097,796,,,1,70,,3098,796,,,1,30,,3099,796,,,1,70,,3100,796,,,1,30,,3101,796,,,1,70,,3102,796,,,1,30,,3103,796,,,1,70,,3104,796,,,1,30,,3105,796,,,1,70,,3106,796,,,1,30,,3107,796,,,1,71,,3108,856,,,1,30,,3109,856,,,1,70,,3110,856,,,1,30,,3111,856,,,1,70,,3112,856,,,1,32,,3113,999,,,1,70,,3114,999,,,1,30,,3115,999,,,1,70,,3116,999,,,1,29,,3117,939,,,1,70,,3118,939,,,1,30,,3119,939,,,1,69,,3120,856,,,1,30,,3121,856,,,1,453,,3122,856,,,1,30,,3123,856,,,1
4001,'5',617,,3124,796,,,1,30,,3125,796,,,1,70,,3126,796,,,1,30,,3127,796,,,1,70,,3128,796,,,1,30,,3129,796,,,1,70,,3130,796,,,1,30,,3131,796,,,1,70,,3132,796,,,1,30,,3133,796,,,1,70,,3134,796,,,1,30,,3135,796,,,1,71,,3136,856,,,1,30,,3137,856,,,1,70,,3138,856,,,1,30,,3139,856,,,1,70,,3140,856,,,1,32,,3141,999,,,1,70,,3142,999,,,1,30,,3143,999,,,1,70,,3144,999,,,1,29,,3145,939,,,1,70,,3146,939,,,1,30,,3147,939,,,1,69,,3148,856,,,1,30,,3149,856,,,1,453,,3150,856,,,1,30,,3151,856,,,1
4001,'6',617,,3152,796,,,1,30,,3153,796,,,1,70,,3154,796,,,1,30,,3155,796,,,1,70,,3156,796,,,1,30,,3157,796,,,1,70,,3158,796,,,1,30,,3159,796,,,1,70,,3160,796,,,1,30,,3161,796,,,1,70,,3162,796,,,1,30,,3163,796,,,1,71,,3164,856,,,1,30,,3165,856,,,1,70,,3166,856,,,1,30,,3167,856,,,1,70,,3168,856,,,1,32,,3169,999,,,1,70,,3170,999,,,1,30,,3171,999,,,1,70,,3172,999,,,1,29,,3173,939,,,1,70,,3174,939,,,1,30,,3175,939,,,1,69,,3176,856,,,1,30,,3177,856,,,1,453,,3178,856,,,1,30,,3179,856,,,1
4001,'9',740,,3180,856,,,1,100,,3181,856,,,1,100,,3182,856,,,1,100,,3183,856,,,1,100,,3184,879,,,1,100,,3185,879,,,1,100,,3186,879,,,1,100,,3187,879,,,1,100,,3188,879,,,1,100,,3189,879,,,1,100,,3190,879,,,1,100,,3191,879,,,1,100,,3192,879,,,1
6500,'2',633,,3886,856,,,1,70,,3887,856,,,1,30,,3888,856,,,1,70,,3889,856,,,1,30,,3890,856,,,1,70,,3891,856,,,1,30,,3892,856,,,1,70,,3893,856,,,1,29,,3894,796,,,1,70,,3895,796,,,1,30,,3896,796,,,1,70,,3897,796,,,1,31,,3898,856,,,1,70,,3899,856,,,1,30,,3900,856,,,1,70,,3901,856,,,1,30,,3902,856,,,1,71,,3903,939,,,1,30,,3904,939,,,1,70,,3905,939,,,1,30,,3906,939,,,1,70,,3907,939,,,1,30,,3908,939,,,1,70,,3909,939,,,1,29,,3910,879,,,1,70,,3911,879,,,1,30,,3912,879,,,1,70,,3913,879,,,1,29,,3914,796,,,1,70,,3915,796,,,1,30,,3916,796,,,1,70,,3917,796,,,1,30,,3918,796,,,1
6500,'3',633,,3919,856,,,1,70,,3920,856,,,1,30,,3921,856,,,1,70,,3922,856,,,1,30,,3923,856,,,1,70,,3924,856,,,1,30,,3925,856,,,1,70,,3926,856,,,1,29,,3927,796,,,1,70,,3928,796,,,1,30,,3929,796,,,1,70,,3930,796,,,1,31,,3931,856,,,1,70,,3932,856,,,1,30,,3933,856,,,1,70,,3934,856,,,1,30,,3935,856,,,1,71,,3936,939,,,1,30,,3937,939,,,1,70,,3938,939,,,1,30,,3939,939,,,1,70,,3940,939,,,1,30,,3941,939,,,1,70,,3942,939,,,1,29,,3943,879,,,1,70,,3944,879,,,1,30,,3945,879,,,1,70,,3946,879,,,1,29,,3947,796,,,1,70,,3948,796,,,1,30,,3949,796,,,1,70,,3950,796,,,1,30,,3951,796,,,1
6500,'4',633,,3952,856,,,1,70,,3953,856,,,1,30,,3954,856,,,1,70,,3955,856,,,1,30,,3956,856,,,1,70,,3957,856,,,1,30,,3958,856,,,1,70,,3959,856,,,1,29,,3960,796,,,1,70,,3961,796,,,1,30,,3962,796,,,1,70,,3963,796,,,1,31,,3964,856,,,1,70,,3965,856,,,1,30,,3966,856,,,1,70,,3967,856,,,1,30,,3968,856,,,1,71,,3969,939,,,1,30,,3970,939,,,1,70,,3971,939,,,1,30,,3972,939,,,1,70,,3973,939,,,1,30,,3974,939,,,1,70,,3975,939,,,1,29,,3976,879,,,1,70,,3977,879,,,1,30,,3978,879,,,1,70,,3979,879,,,1,29,,3980,796,,,1,70,,3981,796,,,1,30,,3982,796,,,1,70,,3983,796,,,1,30,,3984,796,,,1
6500,'5',633,,3985,856,,,1,70,,3986,856,,,1,30,,3987,856,,,1,70,,3988,856,,,1,30,,3989,856,,,1,70,,3990,856,,,1,30,,3991,856,,,1,70,,3992,856,,,1,29,,3993,796,,,1,70,,3994,796,,,1,30,,3995,796,,,1,70,,3996,796,,,1,31,,3997,856,,,1,70,,3998,856,,,1,30,,3999,856,,,1,70,,4000,856,,,1,30,,4001,856,,,1,71,,4002,939,,,1,30,,4003,939,,,1,70,,4004,939,,,1,30,,4005,939,,,1,70,,4006,939,,,1,30,,4007,939,,,1,70,,4008,939,,,1,29,,4009,879,,,1,70,,4010,879,,,1,30,,4011,879,,,1,70,,4012,879,,,1,29,,4013,796,,,1,70,,4014,796,,,1,30,,4015,796,,,1,70,,4016,796,,,1,30,,4017,796,,,1
6500,'6',633,,4018,856,,,1,70,,4019,856,,,1,30,,4020,856,,,1,70,,4021,856,,,1,30,,4022,856,,,1,70,,4023,856,,,1,30,,4024,856,,,1,70,,4025,856,,,1,29,,4026,796,,,1,70,,4027,796,,,1,30,,4028,796,,,1,70,,4029,796,,,1,31,,4030,856,,,1,70,,4031,856,,,1,30,,4032,856,,,1,70,,4033,856,,,1,30,,4034,856,,,1,71,,4035,939,,,1,30,,4036,939,,,1,70,,4037,939,,,1,30,,4038,939,,,1,70,,4039,939,,,1,30,,4040,939,,,1,70,,4041,939,,,1,29,,4042,879,,,1,70,,4043,879,,,1,30,,4044,879,,,1,70,,4045,879,,,1,29,,4046,796,,,1,70,,4047,796,,,1,30,,4048,796,,,1,70,,4049,796,,,1,30,,4050,796,,,1
6500,'9',811,,4051,796,,,1,100,,4052,796,,,1,100,,4053,796,,,1,100,,4054,796,,,1,101,,4055,856,,,1,100,,4056,856,,,1,100,,4057,856,,,1,100,,4058,856,,,1,101,,4059,939,,,1,100,,4060,939,,,1,100,,4061,939,,,1,100,,4062,939,,,1
8501,'2',630,,4342,1576,,,1,100,,4343,1576,,,1,105,,4344,1895,,,1,100,,4345,1895,,,1,100,,4346,1914,,,1,100,,4347,1914,,,1,101,,4348,1974,,,1,100,,4349,1974,,,1,100,,4350,1974,,,1,102,,4351,2094,,,1,100,,4352,2094,,,1,102,,4353,2173,,,1,96,,4354,1955,,,1,100,,4355,1955,,,1,97,,4356,1775,,,1,100,,4357,1775,,,1,97,,4358,1595,,,1,100,,4359,1595,,,1
8501,'3',630,,4360,1576,,,1,100,,4361,1576,,,1,105,,4362,1895,,,1,100,,4363,1895,,,1,100,,4364,1914,,,1,100,,4365,1914,,,1,101,,4366,1974,,,1,100,,4367,1974,,,1,100,,4368,1974,,,1,102,,4369,2094,,,1,100,,4370,2094,,,1,102,,4371,2173,,,1,96,,4372,1955,,,1,100,,4373,1955,,,1,97,,4374,1775,,,1,100,,4375,1775,,,1,97,,4376,1595,,,1,100,,4377,1595,,,1
8501,'4',630,,4378,1576,,,1,100,,4379,1576,,,1,105,,4380,1895,,,1,100,,4381,1895,,,1,100,,4382,1914,,,1,100,,4383,1914,,,1,101,,4384,1974,,,1,100,,4385,1974,,,1,100,,4386,1974,,,1,102,,4387,2094,,,1,100,,4388,2094,,,1,102,,4389,2173,,,1,96,,4390,1955,,,1,100,,4391,1955,,,1,97,,4392,1775,,,1,100,,4393,1775,,,1,97,,4394,1595,,,1,100,,4395,1595,,,1
8501,'5',630,,4396,1576,,,1,100,,4397,1576,,,1,105,,4398,1895,,,1,100,,4399,1895,,,1,100,,4400,1914,,,1,100,,4401,1914,,,1,101,,4402,1974,,,1,100,,4403,1974,,,1,100,,4404,1974,,,1,102,,4405,2094,,,1,100,,4406,2094,,,1,102,,4407,2173,,,1,96,,4408,1955,,,1,100,,4409,1955,,,1,97,,4410,1775,,,1,100,,4411,1775,,,1,97,,4412,1595,,,1,100,,4413,1595,,,1
8501,'6',630,,4414,1576,,,1,100,,4415,1576,,,1,105,,4416,1895,,,1,100,,4417,1895,,,1,100,,4418,1914,,,1,100,,4419,1914,,,1,101,,4420,1974,,,1,100,,4421,1974,,,1,100,,4422,1974,,,1,102,,4423,2094,,,1,100,,4424,2094,,,1,102,,4425,2173,,,1,96,,4426,1955,,,1,100,,4427,1955,,,1,97,,4428,1775,,,1,100,,4429,1775,,,1,97,,4430,1595,,,1,100,,4431,1595,,,1
8501,'9',838,,4432,1775,,,1,100,,4433,1775,,,1,100,,4434,1775,,,1,102,,4435,1914,,,1,100,,4436,1914,,,1,100,,4437,1914,,,1,100,,4438,1914,,,1,103,,4439,2094,,,1,100,,4440,2094,,,1,100,,4441,2094,,,1,100,,4442,2094,,,1,100,,4443,2094,,,1
