1001,'2',644,,319,,,1,15,,320,,,1,55,,321,,,1,15,,322,,,1,15,,323,,,1,15,,324,,,1,61,,325,,,1,15,,326,,,1,15,,327,,,1,55,,328,,,1,15,,329,,,1,15,,330,,,1,15,,331,,,1,55,,332,,,1,15,,333,,,1,15,,334,,,1,14,,335,,,1,55,,336,,,1,15,,337,,,1,15,,338,,,1,15,,339,,,1,55,,340,,,1,15,,341,,,1,15,,342,,,1,16,,343,,,1,55,,344,,,1,15,,345,,,1,15,,346,,,1,15,,347,,,1,56,,348,,,1,16,,349,,,1,15,,350,,,1,16,,351,,,1,58,,352,,,1,16,,353,,,1,16,,354,,,1,16,,355,,,1,56,,356,,,1,16,,357,,,1,16,,358,,,1,56,,359,,,1,15,,360,,,1,16,,361,,,1,16,,362,,,1,56,,363,,,1,15,,364,,,1,15,,365,,,1,11,,366,,,1,55,,367,,,1,15,,368,,,1,15,,369,,,1,15,,370,,,1,70,,371,,,1,28,,372,,,1,70,,373,,,1,30,,374,,,1,71,,375,,,1,28,,376,,,1,84,,377,,,1
1001,'3',644,,378,,,1,15,,379,,,1,55,,380,,,1,15,,381,,,1,15,,382,,,1,15,,383,,,1,61,,384,,,1,15,,385,,,1,15,,386,,,1,55,,387,,,1,15,,388,,,1,15,,389,,,1,15,,390,,,1,55,,391,,,1,15,,392,,,1,15,,393,,,1,14,,394,,,1,55,,395,,,1,15,,396,,,1,15,,397,,,1,15,,398,,,1,55,,399,,,1,15,,400,,,1,15,,401,,,1,16,,402,,,1,55,,403,,,1,15,,404,,,1,15,,405,,,1,15,,406,,,1,56,,407,,,1,16,,408,,,1,15,,409,,,1,16,,410,,,1,58,,411,,,1,16,,412,,,1,16,,413,,,1,16,,414,,,1,56,,415,,,1,16,,416,,,1,16,,417,,,1,56,,418,,,1,15,,419,,,1,16,,420,,,1,16,,421,,,1,56,,422,,,1,15,,423,,,1,15,,424,,,1,11,,425,,,1,55,,426,,,1,15,,427,,,1,15,,428,,,1,15,,429,,,1,70,,430,,,1,28,,431,,,1,70,,432,,,1,30,,433,,,1,71,,434,,,1,28,,435,,,1,84,,436,,,1
1001,'4',644,,437,,,1,15,,438,,,1,55,,439,,,1,15,,440,,,1,15,,441,,,1,15,,442,,,1,61,,443,,,1,15,,444,,,1,15,,445,,,1,55,,446,,,1,15,,447,,,1,15,,448,,,1,15,,449,,,1,55,,450,,,1,15,,451,,,1,15,,452,,,1,14,,453,,,1,55,,454,,,1,15,,455,,,1,15,,456,,,1,15,,457,,,1,55,,458,,,1,15,,459,,,1,15,,460,,,1,16,,461,,,1,55,,462,,,1,15,,463,,,1,15,,464,,,1,15,,465,,,1,56,,466,,,1,16,,467,,,1,15,,468,,,1,16,,469,,,1,58,,470,,,1,16,,471,,,1,16,,472,,,1,16,,473,,,1,56,,474,,,1,16,,475,,,1,16,,476,,,1,56,,477,,,1,15,,478,,,1,16,,479,,,1,16,,480,,,1,56,,481,,,1,15,,482,,,1,15,,483,,,1,11,,484,,,1,55,,485,,,1,15,,486,,,1,15,,487,,,1,15,,488,,,1,70,,489,,,1,28,,490,,,1,70,,491,,,1,30,,492,,,1,71,,493,,,1,28,,494,,,1,84,,495,,,1
1001,'5',644,,496,,,1,15,,497,,,1,55,,498,,,1,15,,499,,,1,15,,500,,,1,15,,501,,,1,61,,502,,,1,15,,503,,,1,15,,504,,,1,55,,505,,,1,15,,506,,,1,15,,507,,,1,15,,508,,,1,55,,509,,,1,15,,510,,,1,15,,511,,,1,14,,512,,,1,55,,513,,,1,15,,514,,,1,15,,515,,,1,15,,516,,,1,55,,517,,,1,15,,518,,,1,15,,519,,,1,16,,520,,,1,55,,521,,,1,15,,522,,,1,15,,523,,,1,15,,524,,,1,56,,525,,,1,16,,526,,,1,15,,527,,,1,16,,528,,,1,58,,529,,,1,16,,530,,,1,16,,531,,,1,16,,532,,,1,56,,533,,,1,16,,534,,,1,16,,535,,,1,56,,536,,,1,15,,537,,,1,16,,538,,,1,16,,539,,,1,56,,540,,,1,15,,541,,,1,15,,542,,,1,11,,543,,,1,55,,544,,,1,15,,545,,,1,15,,546,,,1,15,,547,,,1,70,,548,,,1,28,,549,,,1,70,,550,,,1,30,,551,,,1,71,,552,,,1,28,,553,,,1,84,,554,,,1
1001,'6',644,,555,,,1,15,,556,,,1,55,,557,,,1,15,,558,,,1,15,,559,,,1,15,,560,,,1,61,,561,,,1,15,,562,,,1,15,,563,,,1,55,,564,,,1,15,,565,,,1,15,,566,,,1,15,,567,,,1,55,,568,,,1,15,,569,,,1,15,,570,,,1,14,,571,,,1,55,,572,,,1,15,,573,,,1,15,,574,,,1,15,,575,,,1,55,,576,,,1,15,,577,,,1,15,,578,,,1,16,,579,,,1,55,,580,,,1,15,,581,,,1,15,,582,,,1,15,,583,,,1,56,,584,,,1,16,,585,,,1,15,,586,,,1,16,,587,,,1,58,,588,,,1,16,,589,,,1,16,,590,,,1,16,,591,,,1,56,,592,,,1,16,,593,,,1,16,,594,,,1,56,,595,,,1,15,,596,,,1,16,,597,,,1,16,,598,,,1,56,,599,,,1,15,,600,,,1,15,,601,,,1,11,,602,,,1,55,,603,,,1,15,,604,,,1,15,,605,,,1,15,,606,,,1,70,,607,,,1,28,,608,,,1,70,,609,,,1,30,,610,,,1,71,,611,,,1,28,,612,,,1,84,,613,,,1
1001,'9',852,,614,,,1,70,,615,,,1,30,,616,,,1,70,,617,,,1,30,,618,,,1,70,,619,,,1,34,,620,,,1,70,,621,,,1,30,,622,,,1,70,,623,,,1,30,,624,,,1,70,,625,,,1,30,,626,,,1,70,,627,,,1,28,,628,,,1,70,,629,,,1,30,,630,,,1,70,,631,,,1,30,,632,,,1,70,,633,,,1,30,,634,,,1,70,,635,,,1,31,,636,,,1
4001,'2',646,,3040,,,1,70,,3041,,,1,30,,3042,,,1,71,,3043,,,1,30,,3044,,,1,70,,3045,,,1,30,,3046,,,1,70,,3047,,,1,31,,3048,,,1,70,,3049,,,1,30,,3050,,,1,70,,3051,,,1,33,,3052,,,1,70,,3053,,,1,30,,3054,,,1,70,,3055,,,1,30,,3056,,,1,75,,3057,,,1,30,,3058,,,1,70,,3059,,,1,30,,3060,,,1,67,,3061,,,1,30,,3062,,,1,70,,3063,,,1,25,,3064,,,1,70,,3065,,,1,410,,3066,,,1,30,,3067,,,1
4001,'3',646,,3068,,,1,70,,3069,,,1,30,,3070,,,1,71,,3071,,,1,30,,3072,,,1,70,,3073,,,1,30,,3074,,,1,70,,3075,,,1,31,,3076,,,1,70,,3077,,,1,30,,3078,,,1,70,,3079,,,1,33,,3080,,,1,70,,3081,,,1,30,,3082,,,1,70,,3083,,,1,30,,3084,,,1,75,,3085,,,1,30,,3086,,,1,70,,3087,,,1,30,,3088,,,1,67,,3089,,,1,30,,3090,,,1,70,,3091,,,1,25,,3092,,,1,70,,3093,,,1,410,,3094,,,1,30,,3095,,,1
4001,'4',646,,3096,,,1,70,,3097,,,1,30,,3098,,,1,71,,3099,,,1,30,,3100,,,1,70,,3101,,,1,30,,3102,,,1,70,,3103,,,1,31,,3104,,,1,70,,3105,,,1,30,,3106,,,1,70,,3107,,,1,33,,3108,,,1,70,,3109,,,1,30,,3110,,,1,70,,3111,,,1,30,,3112,,,1,75,,3113,,,1,30,,3114,,,1,70,,3115,,,1,30,,3116,,,1,67,,3117,,,1,30,,3118,,,1,70,,3119,,,1,25,,3120,,,1,70,,3121,,,1,410,,3122,,,1,30,,3123,,,1
4001,'5',646,,3124,,,1,70,,3125,,,1,30,,3126,,,1,71,,3127,,,1,30,,3128,,,1,70,,3129,,,1,30,,3130,,,1,70,,3131,,,1,31,,3132,,,1,70,,3133,,,1,30,,3134,,,1,70,,3135,,,1,33,,3136,,,1,70,,3137,,,1,30,,3138,,,1,70,,3139,,,1,30,,3140,,,1,75,,3141,,,1,30,,3142,,,1,70,,3143,,,1,30,,3144,,,1,67,,3145,,,1,30,,3146,,,1,70,,3147,,,1,25,,3148,,,1,70,,3149,,,1,410,,3150,,,1,30,,3151,,,1
4001,'6',646,,3152,,,1,70,,3153,,,1,30,,3154,,,1,71,,3155,,,1,30,,3156,,,1,70,,3157,,,1,30,,3158,,,1,70,,3159,,,1,31,,3160,,,1,70,,3161,,,1,30,,3162,,,1,70,,3163,,,1,33,,3164,,,1,70,,3165,,,1,30,,3166,,,1,70,,3167,,,1,30,,3168,,,1,75,,3169,,,1,30,,3170,,,1,70,,3171,,,1,30,,3172,,,1,67,,3173,,,1,30,,3174,,,1,70,,3175,,,1,25,,3176,,,1,70,,3177,,,1,410,,3178,,,1,30,,3179,,,1
4001,'9',811,,3180,,,1,100,,3181,,,1,100,,3182,,,1,100,,3183,,,1,102,,3184,,,1,100,,3185,,,1,100,,3186,,,1,100,,3187,,,1,100,,3188,,,1,100,,3189,,,1,100,,3190,,,1,100,,3191,,,1,100,,3192,,,1
6501,'2',705,,4063,,,1,30,,4064,,,1,70,,4065,,,1,32,,4066,,,1,70,,4067,,,1,30,,4068,,,1,70,,4069,,,1,30,,4070,,,1,70,,4071,,,1,30,,4072,,,1,70,,4073,,,1,30,,4074,,,1,69,,4075,,,1,30,,4076,,,1,70,,4077,,,1,30,,4078,,,1,74,,4079,,,1,30,,4080,,,1,70,,4081,,,1,30,,4082,,,1,70,,4083,,,1,29,,4084,,,1,70,,4085,,,1,30,,4086,,,1,66,,4087,,,1,30,,4088,,,1,70,,4089,,,1,30,,4090,,,1,69,,4091,,,1,30,,4092,,,1,70,,4093,,,1,30,,4094,,,1,69,,4095,,,1
6501,'3',705,,4096,,,1,30,,4097,,,1,70,,4098,,,1,32,,4099,,,1,70,,4100,,,1,30,,4101,,,1,70,,4102,,,1,30,,4103,,,1,70,,4104,,,1,30,,4105,,,1,70,,4106,,,1,30,,4107,,,1,69,,4108,,,1,30,,4109,,,1,70,,4110,,,1,30,,4111,,,1,74,,4112,,,1,30,,4113,,,1,70,,4114,,,1,30,,4115,,,1,70,,4116,,,1,29,,4117,,,1,70,,4118,,,1,30,,4119,,,1,66,,4120,,,1,30,,4121,,,1,70,,4122,,,1,30,,4123,,,1,69,,4124,,,1,30,,4125,,,1,70,,4126,,,1,30,,4127,,,1,69,,4128,,,1
6501,'4',705,,4129,,,1,30,,4130,,,1,70,,4131,,,1,32,,4132,,,1,70,,4133,,,1,30,,4134,,,1,70,,4135,,,1,30,,4136,,,1,70,,4137,,,1,30,,4138,,,1,70,,4139,,,1,30,,4140,,,1,69,,4141,,,1,30,,4142,,,1,70,,4143,,,1,30,,4144,,,1,74,,4145,,,1,30,,4146,,,1,70,,4147,,,1,30,,4148,,,1,70,,4149,,,1,29,,4150,,,1,70,,4151,,,1,30,,4152,,,1,66,,4153,,,1,30,,4154,,,1,70,,4155,,,1,30,,4156,,,1,69,,4157,,,1,30,,4158,,,1,70,,4159,,,1,30,,4160,,,1,69,,4161,,,1
6501,'5',705,,4162,,,1,30,,4163,,,1,70,,4164,,,1,32,,4165,,,1,70,,4166,,,1,30,,4167,,,1,70,,4168,,,1,30,,4169,,,1,70,,4170,,,1,30,,4171,,,1,70,,4172,,,1,30,,4173,,,1,69,,4174,,,1,30,,4175,,,1,70,,4176,,,1,30,,4177,,,1,74,,4178,,,1,30,,4179,,,1,70,,4180,,,1,30,,4181,,,1,70,,4182,,,1,29,,4183,,,1,70,,4184,,,1,30,,4185,,,1,66,,4186,,,1,30,,4187,,,1,70,,4188,,,1,30,,4189,,,1,69,,4190,,,1,30,,4191,,,1,70,,4192,,,1,30,,4193,,,1,69,,4194,,,1
6501,'6',705,,4195,,,1,30,,4196,,,1,70,,4197,,,1,32,,4198,,,1,70,,4199,,,1,30,,4200,,,1,70,,4201,,,1,30,,4202,,,1,70,,4203,,,1,30,,4204,,,1,70,,4205,,,1,30,,4206,,,1,69,,4207,,,1,30,,4208,,,1,70,,4209,,,1,30,,4210,,,1,74,,4211,,,1,30,,4212,,,1,70,,4213,,,1,30,,4214,,,1,70,,4215,,,1,29,,4216,,,1,70,,4217,,,1,30,,4218,,,1,66,,4219,,,1,30,,4220,,,1,70,,4221,,,1,30,,4222,,,1,69,,4223,,,1,30,,4224,,,1,70,,4225,,,1,30,,4226,,,1,69,,4227,,,1
6501,'9',840,,4228,,,1,100,,4229,,,1,100,,4230,,,1,104,,4231,,,1,100,,4232,,,1,100,,4233,,,1,100,,4234,,,1,100,,4235,,,1,100,,4236,,,1,100,,4237,,,1,100,,4238,,,1,100,,4239,,,1
8501,'2',646,,4342,,,1,100,,4343,,,1,107,,4344,,,1,100,,4345,,,1,100,,4346,,,1,100,,4347,,,1,102,,4348,,,1,100,,4349,,,1,100,,4350,,,1,102,,4351,,,1,100,,4352,,,1,102,,4353,,,1,94,,4354,,,1,100,,4355,,,1,95,,4356,,,1,100,,4357,,,1,96,,4358,,,1,100,,4359,,,1
8501,'3',646,,4360,,,1,100,,4361,,,1,107,,4362,,,1,100,,4363,,,1,100,,4364,,,1,100,,4365,,,1,102,,4366,,,1,100,,4367,,,1,100,,4368,,,1,102,,4369,,,1,100,,4370,,,1,102,,4371,,,1,94,,4372,,,1,100,,4373,,,1,95,,4374,,,1,100,,4375,,,1,96,,4376,,,1,100,,4377,,,1
8501,'4',646,,4378,,,1,100,,4379,,,1,107,,4380,,,1,100,,4381,,,1,100,,4382,,,1,100,,4383,,,1,102,,4384,,,1,100,,4385,,,1,100,,4386,,,1,102,,4387,,,1,100,,4388,,,1,102,,4389,,,1,94,,4390,,,1,100,,4391,,,1,95,,4392,,,1,100,,4393,,,1,96,,4394,,,1,100,,4395,,,1
8501,'5',646,,4396,,,1,100,,4397,,,1,107,,4398,,,1,100,,4399,,,1,100,,4400,,,1,100,,4401,,,1,102,,4402,,,1,100,,4403,,,1,100,,4404,,,1,102,,4405,,,1,100,,4406,,,1,102,,4407,,,1,94,,4408,,,1,100,,4409,,,1,95,,4410,,,1,100,,4411,,,1,96,,4412,,,1,100,,4413,,,1
8501,'6',646,,4414,,,1,100,,4415,,,1,107,,4416,,,1,100,,4417,,,1,100,,4418,,,1,100,,4419,,,1,102,,4420,,,1,100,,4421,,,1,100,,4422,,,1,102,,4423,,,1,100,,4424,,,1,102,,4425,,,1,94,,4426,,,1,100,,4427,,,1,95,,4428,,,1,100,,4429,,,1,96,,4430,,,1,100,,4431,,,1
8501,'9',853,,4432,,,1,100,,4433,,,1,100,,4434,,,1,103,,4435,,,1,100,,4436,,,1,100,,4437,,,1,100,,4438,,,1,144,,4439,,,1,100,,4440,,,1,100,,4441,,,1,100,,4442,,,1,100,,4443,,,1
