1000,'10',801,,4539,152,,,1,30,,4540,152,,,1,70,,4541,152,,,1,30,,4542,152,,,1,70,,4543,152,,,1,30,,4544,152,,,1,70,,4545,152,,,1,31,,4546,216,,,1,70,,4547,216,,,1,30,,4548,216,,,1,70,,4549,216,,,1,30,,4550,216,,,1,70,,4551,216,,,1,30,,4552,216,,,1,70,,4553,216,,,1,30,,4554,216,,,1,70,,4555,216,,,1,30,,4556,216,,,1,70,,4557,216,,,1,30,,4558,216,,,1,70,,4559,216,,,1,30,,4560,216,,,1,100,,4561,216,,,1
1000,'2',602,,4562,152,,,1,15,,4563,152,,,1,15,,4564,152,,,1,15,,4565,152,,,1,55,,4566,152,,,1,15,,4567,152,,,1,16,,4568,216,,,1,15,,4569,216,,,1,55,,4570,216,,,1,15,,4571,216,,,1,15,,4572,216,,,1,15,,4573,216,,,1,55,,4574,216,,,1,15,,4575,216,,,1,15,,4576,216,,,1,15,,4577,216,,,1,55,,4578,212,,,1,15,,4579,212,,,1,15,,4580,212,,,1,15,,4581,212,,,1,55,,4582,212,,,1,15,,4583,212,,,1,15,,4584,212,,,1,15,,4585,212,,,1,55,,4586,212,,,1,15,,4587,216,,,1,15,,4588,216,,,1,15,,4589,216,,,1,55,,4590,216,,,1,15,,4591,216,,,1,15,,4592,216,,,1,15,,4593,216,,,1,55,,4594,216,,,1,15,,4595,216,,,1,15,,4596,219,,,1,15,,353,219,,,1,55,,4597,219,,,1,16,,4598,219,,,1,16,,4599,219,,,1,15,,4600,219,,,1,56,,4601,219,,,1,16,,4602,219,,,1,15,,4603,219,,,1,15,,4604,219,,,1,55,,4605,219,,,1,15,,4606,219,,,1,16,,4607,219,,,1,15,,4608,219,,,1,55,,4609,216,,,1,16,,4610,216,,,1,15,,4611,216,,,1,15,,4612,216,,,1,55,,4613,216,,,1,30,,4614,216,,,1,69,,4615,152,,,1,30,,4616,152,,,1,70,,4617,152,,,1,30,,4618,152,,,1,70,,4619,148,,,1,100,,4620,148,,,1
1101,'10',901,,4731,1229,,,1,100,,4732,1229,,,1,100,,4733,1229,,,1,103,,4734,1398,,,1,100,,4735,1398,,,1,100,,4736,1398,,,1,100,,4737,1398,,,1,98,,4738,1289,,,1,100,,4739,1289,,,1,100,,4740,1289,,,1,100,,4741,1289,,,1,100,,4742,1289,,,1
1101,'2',727,,4743,1387,,,1,102,,4744,1545,,,1,100,,4745,1545,,,1,99,,4746,1496,,,1,100,,4747,1496,,,1,100,,4748,1496,,,1,100,,4749,1496,,,1,100,,4750,1496,,,1,100,,4751,1496,,,1,100,,4752,1496,,,1,100,,4753,1496,,,1,100,,4754,1447,,,1,100,,4755,1447,,,1,99,,4756,1398,,,1,100,,4757,1398,,,1,98,,4758,1289,,,1
2001,'10',835,,4841,1732,,,1,70,,4842,1732,,,1,30,,4843,1732,,,1,70,,4844,1732,,,1,30,,4845,1732,,,1,70,,4846,1732,,,1,31,,4847,1745,,,1,70,,4848,1745,,,1,30,,4849,1745,,,1,70,,4850,1745,,,1,30,,4851,1745,,,1,70,,4852,1745,,,1,30,,4853,1745,,,1,70,,4854,1745,,,1,30,,4855,1745,,,1,70,,4856,1745,,,1,30,,4857,1745,,,1,70,,4858,1745,,,1,30,,4859,1745,,,1,70,,4860,1745,,,1,30,,4861,1745,,,1,70,,4862,1745,,,1,30,,4863,1745,,,1
2001,'2',628,,4864,1672,,,1,15,,4865,1672,,,1,15,,4866,1672,,,1,55,,4867,1672,,,1,15,,4868,1672,,,1,15,,4869,1672,,,1,16,,4870,1685,,,1,55,,4871,1685,,,1,15,,4872,1685,,,1,15,,4873,1685,,,1,15,,4874,1685,,,1,55,,4875,1685,,,1,15,,4876,1685,,,1,15,,4877,1685,,,1,15,,4878,1685,,,1,55,,4879,1685,,,1,15,,4880,1732,,,1,15,,4881,1732,,,1,15,,4882,1732,,,1,55,,4883,1732,,,1,15,,4884,1732,,,1,15,,4885,1732,,,1,15,,4886,1732,,,1,55,,4887,1732,,,1,18,,4888,1865,,,1,15,,4889,1865,,,1,55,,4890,1865,,,1,15,,4891,1865,,,1,15,,4892,1865,,,1,15,,4893,1865,,,1,55,,4894,1865,,,1,15,,4895,1865,,,1,15,,4896,1865,,,1,15,,4897,1865,,,1,57,,4898,1985,,,1,15,,4899,1985,,,1,15,,4900,1985,,,1,15,,4901,1985,,,1,56,,4902,1985,,,1,16,,4903,1985,,,1,15,,4904,1985,,,1,15,,4905,1985,,,1,56,,4906,1985,,,1,16,,4907,1985,,,1,15,,4908,1985,,,1,15,,4909,1985,,,1,56,,4910,1985,,,1,16,,4911,1985,,,1,9,,4912,1625,,,1,15,,4913,1625,,,1,55,,4914,1625,,,1,30,,4915,1625,,,1,70,,4916,1625,,,1,29,,4917,1565,,,1,70,,4918,1565,,,1,30,,4919,1565,,,1,70,,4920,1565,,,1,29,,4921,1518,,,1,100,,4922,1518,,,1
3001,'10',849,,5128,1279,,,1,70,,5129,1279,,,1,30,,5130,1279,,,1,70,,5131,1279,,,1,30,,5132,1279,,,1,70,,5133,1279,,,1,31,,5134,1339,,,1,70,,5135,1339,,,1,30,,5136,1339,,,1,70,,5137,1339,,,1,30,,5138,1339,,,1,70,,5139,1339,,,1,30,,5140,1339,,,1,70,,5141,1339,,,1,30,,5142,1339,,,1,70,,5143,1339,,,1,30,,5144,1339,,,1,70,,5145,1339,,,1,30,,5146,1339,,,1,70,,5147,1339,,,1,30,,5148,1339,,,1,70,,5149,1339,,,1,30,,5150,1339,,,1
3001,'2',617,,5151,1171,,,1,15,,5152,1171,,,1,15,,5153,1171,,,1,55,,5154,1171,,,1,15,,5155,1171,,,1,15,,5156,1171,,,1,15,,5157,1171,,,1,58,,5158,1339,,,1,15,,5159,1339,,,1,15,,5160,1339,,,1,15,,5161,1339,,,1,55,,5162,1339,,,1,15,,5163,1339,,,1,15,,5164,1339,,,1,15,,5165,1339,,,1,55,,5166,1339,,,1,16,,5167,1399,,,1,15,,5168,1399,,,1,15,,5169,1399,,,1,55,,5170,1399,,,1,15,,5171,1399,,,1,15,,5172,1399,,,1,15,,5173,1399,,,1,55,,5174,1399,,,1,15,,5175,1399,,,1,15,,5176,1399,,,1,15,,5177,1399,,,1,55,,5178,1399,,,1,15,,5179,1399,,,1,15,,5180,1399,,,1,15,,5181,1399,,,1,55,,5182,1399,,,1,15,,5183,1399,,,1,15,,5184,1399,,,1,17,,5185,1446,,,1,56,,5186,1446,,,1,16,,5187,1446,,,1,15,,5188,1446,,,1,16,,5189,1446,,,1,56,,5190,1446,,,1,15,,5191,1446,,,1,15,,5192,1446,,,1,14,,5193,1411,,,1,56,,5194,1411,,,1,16,,5195,1411,,,1,15,,5196,1411,,,1,15,,5197,1411,,,1,56,,5198,1411,,,1,14,,5199,1291,,,1,15,,5200,1291,,,1,12,,3065,1291,,,1,70,,5201,1291,,,1,30,,5202,1291,,,1,69,,5203,1231,,,1,30,,5204,1231,,,1,70,,5205,1231,,,1,30,,5206,1231,,,1,69,,5207,1183,,,1,100,,5208,1183,,,1
3500,'10',806,,5251,215,,,1,30,,5252,215,,,1,70,,5253,215,,,1,30,,5254,215,,,1,70,,5255,215,,,1,30,,5256,215,,,1,70,,5257,220,,,1,30,,5258,220,,,1,70,,5259,220,,,1,30,,5260,220,,,1,70,,5261,220,,,1,30,,5262,220,,,1,70,,5263,220,,,1,30,,5264,220,,,1,70,,5265,220,,,1,30,,5266,220,,,1,70,,5267,220,,,1,30,,5268,220,,,1,70,,5269,220,,,1,30,,5270,220,,,1,70,,5271,220,,,1,30,,5272,220,,,1,70,,5273,220,,,1
3500,'2',614,,5274,160,,,1,30,,5275,160,,,1,70,,5276,160,,,1,30,,5277,160,,,1,70,,5278,160,,,1,30,,5279,160,,,1,70,,5280,160,,,1,30,,5281,160,,,1,70,,5282,160,,,1,30,,5283,160,,,1,70,,5284,160,,,1,30,,5285,160,,,1,70,,5286,160,,,1,30,,5287,160,,,1,70,,5288,160,,,1,30,,5289,160,,,1,70,,5290,160,,,1,31,,5291,220,,,1,70,,5292,220,,,1,30,,5293,220,,,1,70,,5294,220,,,1,30,,5295,220,,,1,70,,5296,220,,,1,30,,5297,220,,,1,69,,5298,155,,,1,30,,5299,155,,,1,70,,5300,155,,,1,30,,5301,155,,,1,70,,5302,155,,,1,30,,5303,155,,,1,70,,5304,155,,,1,30,,5305,155,,,1,70,,5306,155,,,1,30,,5307,155,,,1,70,,5308,155,,,1
4001,'10',728,,5366,153,,,1,100,,5367,153,,,1,100,,5368,153,,,1,100,,5369,153,,,1,101,,5370,217,,,1,100,,5371,217,,,1,100,,5372,217,,,1,100,,5373,217,,,1,100,,5374,209,,,1,100,,5375,209,,,1,100,,5376,209,,,1,100,,5377,209,,,1,100,,5378,209,,,1
4001,'2',602,,5379,153,,,1,30,,5380,153,,,1,70,,5381,153,,,1,30,,5382,153,,,1,70,,5383,153,,,1,30,,5384,153,,,1,70,,5385,153,,,1,30,,5386,153,,,1,70,,5387,153,,,1,30,,5388,153,,,1,70,,5389,153,,,1,30,,5390,153,,,1,70,,5391,153,,,1,31,,5392,213,,,1,70,,5393,213,,,1,30,,5394,213,,,1,70,,5395,213,,,1,30,,5396,217,,,1,70,,5397,217,,,1,30,,5398,217,,,1,70,,5399,217,,,1,30,,5400,217,,,1,70,,5401,217,,,1,30,,5402,217,,,1,70,,5403,217,,,1,29,,5404,153,,,1,485,,5405,153,,,1
6500,'10',800,,5595,153,0,5 2 6 7 2 8,1,100,,5596,153,0,5 2 6 7 2 8,1,100,,5597,153,0,5 2 6 7 2 8,1,100,,5598,153,0,5 2 6 7 2 8,1,100,,5599,157,0,5 2 6 7 2 8,1,100,,5600,157,0,5 2 6 7 2 8,1,100,,5601,157,0,5 2 6 7 2 8,1,100,,5602,157,0,5 2 6 7 2 8,1,100,,5603,157,0,5 2 6 7 2 8,1,100,,5604,157,0,5 2 6 7 2 8,1,100,,5605,157,0,5 2 6 7 2 8,1,100,,5606,157,0,5 2 6 7 2 8,1
6500,'2',617,,5607,153,0,5 2 6 7 2 8,1,30,,5608,153,0,5 2 6 7 2 8,1,70,,5609,153,0,5 2 6 7 2 8,1,30,,5610,157,0,5 2 6 7 2 8,1,70,,5611,157,0,5 2 6 7 2 8,1,30,,5612,157,0,5 2 6 7 2 8,1,70,,5613,157,0,5 2 6 7 2 8,1,30,,5614,157,0,5 2 6 7 2 8,1,70,,5615,153,0,5 2 6 7 2 8,1,30,,5616,153,0,5 2 6 7 2 8,1,70,,5617,153,0,5 2 6 7 2 8,1,30,,5618,153,0,5 2 6 7 2 8,1,71,,5619,153,0,5 2 6 7 2 8,1,30,,5620,153,0,5 2 6 7 2 8,1,71,,5621,153,0,5 2 6 7 2 8,1,29,,5622,153,0,5 2 6 7 2 8,1,71,,5623,153,0,5 2 6 7 2 8,1,29,,5624,217,0,5 2 6 7 2 8,1,70,,5625,217,0,5 2 6 7 2 8,1,30,,5626,217,0,5 2 6 7 2 8,1,70,,5627,217,0,5 2 6 7 2 8,1,30,,5628,217,0,5 2 6 7 2 8,1,70,,5629,217,0,5 2 6 7 2 8,1,30,,5630,217,0,5 2 6 7 2 8,1,69,,5631,153,0,5 2 6 7 2 8,1,30,,5632,153,0,5 2 6 7 2 8,1,70,,5633,153,0,5 2 6 7 2 8,1,30,,5634,153,0,5 2 6 7 2 8,1,70,,5635,153,0,5 2 6 7 2 8,1,30,,5636,153,0,5 2 6 7 2 8,1,70,,5637,153,0,5 2 6 7 2 8,1,30,,5638,153,0,5 2 6 7 2 8,1,70,,5639,153,0,5 2 6 7 2 8,1,30,,5640,153,0,5 2 6 7 2 8,1
8500,'10',810,,5685,149,,,1,100,,5686,149,,,1,100,,5687,149,,,1,100,,5688,149,,,1,100,,5689,149,,,1,100,,5690,149,,,1,100,,5691,149,,,1,100,,5692,153,,,1,100,,5693,153,,,1,100,,5694,153,,,1,100,,5695,153,,,1,100,,5696,153,,,1
8500,'2',549,,5697,149,,,1,100,,5698,149,,,1,100,,3196,149,,,1,100,,5699,149,,,1,100,,5700,149,,,1,100,,5701,149,,,1,100,,5702,149,,,1,100,,5703,149,,,1,100,,5704,149,,,1,101,,5705,217,,,1,102,,5706,217,,,1,100,,5707,157,,,1,101,,5708,157,,,1,101,,5709,149,,,1,101,,5710,149,,,1,101,,5711,149,,,1,101,,5712,149,,,1,101,,5713,149,,,1
