4001,'2',624,,3040,1231,,,1,30,,3041,1231,,,1,70,,3042,1231,,,1,30,,3043,1231,,,1,70,,3044,1231,,,1,30,,3045,1231,,,1,70,,3046,1231,,,1,30,,3047,1231,,,1,70,,3048,1231,,,1,30,,3049,1231,,,1,70,,3050,1231,,,1,30,,3051,1231,,,1,72,,3052,1322,,,1,30,,3053,1322,,,1,70,,3054,1322,,,1,30,,3055,1322,,,1,70,,3056,1322,,,1,33,,3057,1502,,,1,70,,3058,1502,,,1,30,,3059,1502,,,1,70,,3060,1502,,,1,29,,3061,1442,,,1,70,,3062,1442,,,1,30,,3063,1442,,,1,68,,3064,1322,,,1,30,,3065,1322,,,1,452,,3066,1291,,,1,30,,3067,1291,,,1
4001,'3',624,,3068,1231,,,1,30,,3069,1231,,,1,70,,3070,1231,,,1,30,,3071,1231,,,1,70,,3072,1231,,,1,30,,3073,1231,,,1,70,,3074,1231,,,1,30,,3075,1231,,,1,70,,3076,1231,,,1,30,,3077,1231,,,1,70,,3078,1231,,,1,30,,3079,1231,,,1,72,,3080,1322,,,1,30,,3081,1322,,,1,70,,3082,1322,,,1,30,,3083,1322,,,1,70,,3084,1322,,,1,33,,3085,1502,,,1,70,,3086,1502,,,1,30,,3087,1502,,,1,70,,3088,1502,,,1,29,,3089,1442,,,1,70,,3090,1442,,,1,30,,3091,1442,,,1,68,,3092,1322,,,1,30,,3093,1322,,,1,452,,3094,1291,,,1,30,,3095,1291,,,1
4001,'4',624,,3096,1231,,,1,30,,3097,1231,,,1,70,,3098,1231,,,1,30,,3099,1231,,,1,70,,3100,1231,,,1,30,,3101,1231,,,1,70,,3102,1231,,,1,30,,3103,1231,,,1,70,,3104,1231,,,1,30,,3105,1231,,,1,70,,3106,1231,,,1,30,,3107,1231,,,1,72,,3108,1322,,,1,30,,3109,1322,,,1,70,,3110,1322,,,1,30,,3111,1322,,,1,70,,3112,1322,,,1,33,,3113,1502,,,1,70,,3114,1502,,,1,30,,3115,1502,,,1,70,,3116,1502,,,1,29,,3117,1442,,,1,70,,3118,1442,,,1,30,,3119,1442,,,1,68,,3120,1322,,,1,30,,3121,1322,,,1,452,,3122,1291,,,1,30,,3123,1291,,,1
4001,'5',624,,3124,1231,,,1,30,,3125,1231,,,1,70,,3126,1231,,,1,30,,3127,1231,,,1,70,,3128,1231,,,1,30,,3129,1231,,,1,70,,3130,1231,,,1,30,,3131,1231,,,1,70,,3132,1231,,,1,30,,3133,1231,,,1,70,,3134,1231,,,1,30,,3135,1231,,,1,72,,3136,1322,,,1,30,,3137,1322,,,1,70,,3138,1322,,,1,30,,3139,1322,,,1,70,,3140,1322,,,1,33,,3141,1502,,,1,70,,3142,1502,,,1,30,,3143,1502,,,1,70,,3144,1502,,,1,29,,3145,1442,,,1,70,,3146,1442,,,1,30,,3147,1442,,,1,68,,3148,1322,,,1,30,,3149,1322,,,1,452,,3150,1291,,,1,30,,3151,1291,,,1
4001,'6',624,,3152,1231,,,1,30,,3153,1231,,,1,70,,3154,1231,,,1,30,,3155,1231,,,1,70,,3156,1231,,,1,30,,3157,1231,,,1,70,,3158,1231,,,1,30,,3159,1231,,,1,70,,3160,1231,,,1,30,,3161,1231,,,1,70,,3162,1231,,,1,30,,3163,1231,,,1,72,,3164,1322,,,1,30,,3165,1322,,,1,70,,3166,1322,,,1,30,,3167,1322,,,1,70,,3168,1322,,,1,33,,3169,1502,,,1,70,,3170,1502,,,1,30,,3171,1502,,,1,70,,3172,1502,,,1,29,,3173,1442,,,1,70,,3174,1442,,,1,30,,3175,1442,,,1,68,,3176,1322,,,1,30,,3177,1322,,,1,452,,3178,1291,,,1,30,,3179,1291,,,1
4001,'9',748,,3180,1322,,,1,100,,3181,1322,,,1,100,,3182,1322,,,1,100,,3183,1322,,,1,101,,3184,1382,,,1,100,,3185,1382,,,1,100,,3186,1382,,,1,100,,3187,1382,,,1,100,,3188,1382,,,1,100,,3189,1382,,,1,100,,3190,1382,,,1,100,,3191,1382,,,1,100,,3192,1382,,,1
6500,'2',641,,3886,1322,,,1,70,,3887,1322,,,1,30,,3888,1322,,,1,70,,3889,1322,,,1,30,,3890,1322,,,1,70,,3891,1322,,,1,30,,3892,1322,,,1,70,,3893,1322,,,1,29,,3894,1262,,,1,70,,3895,1262,,,1,30,,3896,1262,,,1,70,,3897,1262,,,1,31,,3898,1322,,,1,70,,3899,1322,,,1,30,,3900,1322,,,1,70,,3901,1322,,,1,30,,3902,1322,,,1,72,,3903,1442,,,1,30,,3904,1442,,,1,70,,3905,1442,,,1,30,,3906,1442,,,1,70,,3907,1472,,,1,30,,3908,1472,,,1,70,,3909,1472,,,1,28,,3910,1351,,,1,70,,3911,1351,,,1,30,,3912,1351,,,1,70,,3913,1351,,,1,28,,3914,1231,,,1,70,,3915,1231,,,1,30,,3916,1231,,,1,70,,3917,1231,,,1,31,,3918,1262,,,1
6500,'3',641,,3919,1322,,,1,70,,3920,1322,,,1,30,,3921,1322,,,1,70,,3922,1322,,,1,30,,3923,1322,,,1,70,,3924,1322,,,1,30,,3925,1322,,,1,70,,3926,1322,,,1,29,,3927,1262,,,1,70,,3928,1262,,,1,30,,3929,1262,,,1,70,,3930,1262,,,1,31,,3931,1322,,,1,70,,3932,1322,,,1,30,,3933,1322,,,1,70,,3934,1322,,,1,30,,3935,1322,,,1,72,,3936,1442,,,1,30,,3937,1442,,,1,70,,3938,1442,,,1,30,,3939,1442,,,1,70,,3940,1472,,,1,30,,3941,1472,,,1,70,,3942,1472,,,1,28,,3943,1351,,,1,70,,3944,1351,,,1,30,,3945,1351,,,1,70,,3946,1351,,,1,28,,3947,1231,,,1,70,,3948,1231,,,1,30,,3949,1231,,,1,70,,3950,1231,,,1,31,,3951,1262,,,1
6500,'4',641,,3952,1322,,,1,70,,3953,1322,,,1,30,,3954,1322,,,1,70,,3955,1322,,,1,30,,3956,1322,,,1,70,,3957,1322,,,1,30,,3958,1322,,,1,70,,3959,1322,,,1,29,,3960,1262,,,1,70,,3961,1262,,,1,30,,3962,1262,,,1,70,,3963,1262,,,1,31,,3964,1322,,,1,70,,3965,1322,,,1,30,,3966,1322,,,1,70,,3967,1322,,,1,30,,3968,1322,,,1,72,,3969,1442,,,1,30,,3970,1442,,,1,70,,3971,1442,,,1,30,,3972,1442,,,1,70,,3973,1472,,,1,30,,3974,1472,,,1,70,,3975,1472,,,1,28,,3976,1351,,,1,70,,3977,1351,,,1,30,,3978,1351,,,1,70,,3979,1351,,,1,28,,3980,1231,,,1,70,,3981,1231,,,1,30,,3982,1231,,,1,70,,3983,1231,,,1,31,,3984,1262,,,1
6500,'5',641,,3985,1322,,,1,70,,3986,1322,,,1,30,,3987,1322,,,1,70,,3988,1322,,,1,30,,3989,1322,,,1,70,,3990,1322,,,1,30,,3991,1322,,,1,70,,3992,1322,,,1,29,,3993,1262,,,1,70,,3994,1262,,,1,30,,3995,1262,,,1,70,,3996,1262,,,1,31,,3997,1322,,,1,70,,3998,1322,,,1,30,,3999,1322,,,1,70,,4000,1322,,,1,30,,4001,1322,,,1,72,,4002,1442,,,1,30,,4003,1442,,,1,70,,4004,1442,,,1,30,,4005,1442,,,1,70,,4006,1472,,,1,30,,4007,1472,,,1,70,,4008,1472,,,1,28,,4009,1351,,,1,70,,4010,1351,,,1,30,,4011,1351,,,1,70,,4012,1351,,,1,28,,4013,1231,,,1,70,,4014,1231,,,1,30,,4015,1231,,,1,70,,4016,1231,,,1,31,,4017,1262,,,1
6500,'6',641,,4018,1322,,,1,70,,4019,1322,,,1,30,,4020,1322,,,1,70,,4021,1322,,,1,30,,4022,1322,,,1,70,,4023,1322,,,1,30,,4024,1322,,,1,70,,4025,1322,,,1,29,,4026,1262,,,1,70,,4027,1262,,,1,30,,4028,1262,,,1,70,,4029,1262,,,1,31,,4030,1322,,,1,70,,4031,1322,,,1,30,,4032,1322,,,1,70,,4033,1322,,,1,30,,4034,1322,,,1,72,,4035,1442,,,1,30,,4036,1442,,,1,70,,4037,1442,,,1,30,,4038,1442,,,1,70,,4039,1472,,,1,30,,4040,1472,,,1,70,,4041,1472,,,1,28,,4042,1351,,,1,70,,4043,1351,,,1,30,,4044,1351,,,1,70,,4045,1351,,,1,28,,4046,1231,,,1,70,,4047,1231,,,1,30,,4048,1231,,,1,70,,4049,1231,,,1,31,,4050,1262,,,1
6500,'9',818,,4051,1231,,,1,100,,4052,1231,,,1,100,,4053,1231,,,1,100,,4054,1231,,,1,101,,4055,1291,,,1,100,,4056,1291,,,1,100,,4057,1291,,,1,100,,4058,1291,,,1,102,,4059,1411,,,1,100,,4060,1411,,,1,100,,4061,1411,,,1,100,,4062,1411,,,1
6501,'2',641,,4063,1183,,,1,70,,4064,1183,,,1,30,,4065,1183,,,1,71,,4066,1243,,,1,30,,4067,1243,,,1,70,,4068,1243,,,1,30,,4069,1243,,,1,70,,4070,1243,,,1,30,,4071,1243,,,1,70,,4072,1243,,,1,30,,4073,1243,,,1,70,,4074,1243,,,1,30,,4075,1243,,,1,70,,4076,1243,,,1,30,,4077,1243,,,1,70,,4078,1243,,,1,31,,4079,1303,,,1,70,,4080,1303,,,1,30,,4081,1303,,,1,70,,4082,1303,,,1,30,,4083,1303,,,1,70,,4084,1303,,,1,30,,4085,1303,,,1,70,,4086,1303,,,1,29,,4087,1243,,,1,70,,4088,1243,,,1,30,,4089,1243,,,1,70,,4090,1243,,,1,29,,4091,1183,,,1,70,,4092,1183,,,1,30,,4093,1183,,,1,70,,4094,1183,,,1,29,,4095,1123,,,1
6501,'3',641,,4096,1183,,,1,70,,4097,1183,,,1,30,,4098,1183,,,1,71,,4099,1243,,,1,30,,4100,1243,,,1,70,,4101,1243,,,1,30,,4102,1243,,,1,70,,4103,1243,,,1,30,,4104,1243,,,1,70,,4105,1243,,,1,30,,4106,1243,,,1,70,,4107,1243,,,1,30,,4108,1243,,,1,70,,4109,1243,,,1,30,,4110,1243,,,1,70,,4111,1243,,,1,31,,4112,1303,,,1,70,,4113,1303,,,1,30,,4114,1303,,,1,70,,4115,1303,,,1,30,,4116,1303,,,1,70,,4117,1303,,,1,30,,4118,1303,,,1,70,,4119,1303,,,1,29,,4120,1243,,,1,70,,4121,1243,,,1,30,,4122,1243,,,1,70,,4123,1243,,,1,29,,4124,1183,,,1,70,,4125,1183,,,1,30,,4126,1183,,,1,70,,4127,1183,,,1,29,,4128,1123,,,1
6501,'4',641,,4129,1183,,,1,70,,4130,1183,,,1,30,,4131,1183,,,1,71,,4132,1243,,,1,30,,4133,1243,,,1,70,,4134,1243,,,1,30,,4135,1243,,,1,70,,4136,1243,,,1,30,,4137,1243,,,1,70,,4138,1243,,,1,30,,4139,1243,,,1,70,,4140,1243,,,1,30,,4141,1243,,,1,70,,4142,1243,,,1,30,,4143,1243,,,1,70,,4144,1243,,,1,31,,4145,1303,,,1,70,,4146,1303,,,1,30,,4147,1303,,,1,70,,4148,1303,,,1,30,,4149,1303,,,1,70,,4150,1303,,,1,30,,4151,1303,,,1,70,,4152,1303,,,1,29,,4153,1243,,,1,70,,4154,1243,,,1,30,,4155,1243,,,1,70,,4156,1243,,,1,29,,4157,1183,,,1,70,,4158,1183,,,1,30,,4159,1183,,,1,70,,4160,1183,,,1,29,,4161,1123,,,1
6501,'5',641,,4162,1183,,,1,70,,4163,1183,,,1,30,,4164,1183,,,1,71,,4165,1243,,,1,30,,4166,1243,,,1,70,,4167,1243,,,1,30,,4168,1243,,,1,70,,4169,1243,,,1,30,,4170,1243,,,1,70,,4171,1243,,,1,30,,4172,1243,,,1,70,,4173,1243,,,1,30,,4174,1243,,,1,70,,4175,1243,,,1,30,,4176,1243,,,1,70,,4177,1243,,,1,31,,4178,1303,,,1,70,,4179,1303,,,1,30,,4180,1303,,,1,70,,4181,1303,,,1,30,,4182,1303,,,1,70,,4183,1303,,,1,30,,4184,1303,,,1,70,,4185,1303,,,1,29,,4186,1243,,,1,70,,4187,1243,,,1,30,,4188,1243,,,1,70,,4189,1243,,,1,29,,4190,1183,,,1,70,,4191,1183,,,1,30,,4192,1183,,,1,70,,4193,1183,,,1,29,,4194,1123,,,1
6501,'6',641,,4195,1183,,,1,70,,4196,1183,,,1,30,,4197,1183,,,1,71,,4198,1243,,,1,30,,4199,1243,,,1,70,,4200,1243,,,1,30,,4201,1243,,,1,70,,4202,1243,,,1,30,,4203,1243,,,1,70,,4204,1243,,,1,30,,4205,1243,,,1,70,,4206,1243,,,1,30,,4207,1243,,,1,70,,4208,1243,,,1,30,,4209,1243,,,1,70,,4210,1243,,,1,31,,4211,1303,,,1,70,,4212,1303,,,1,30,,4213,1303,,,1,70,,4214,1303,,,1,30,,4215,1303,,,1,70,,4216,1303,,,1,30,,4217,1303,,,1,70,,4218,1303,,,1,29,,4219,1243,,,1,70,,4220,1243,,,1,30,,4221,1243,,,1,70,,4222,1243,,,1,29,,4223,1183,,,1,70,,4224,1183,,,1,30,,4225,1183,,,1,70,,4226,1183,,,1,29,,4227,1123,,,1
6501,'9',820,,4228,1145,,,1,100,,4229,1145,,,1,100,,4230,1145,,,1,101,,4231,1205,,,1,100,,4232,1205,,,1,100,,4233,1205,,,1,100,,4234,1205,,,1,100,,4235,1205,,,1,100,,4236,1205,,,1,100,,4237,1205,,,1,100,,4238,1205,,,1,100,,4239,1205,,,1
