100,355,1,0
100,356,2,0
100,3710,3,0
100,372,4,0
100,373,5,0
100,455,6,0
100,456,7,0
100,457,8,0
100,458,9,0
100,459,10,0
100,460,11,0
100,461,12,0
100,462,13,0
100,463,14,0
100,465,15,0
100,467,16,0
100,2011,17,0
100,2012,18,0
100,2014,19,0
100,3529,20,0
100,3010,21,0
100,3009,22,0
100,3007,23,0
100,3013,24,0
100,611,25,0
100,1223,26,0
100,1307,27,0
100,1308,28,0
100,23,29,0
100,24,30,0
100,25,31,0
100,26,32,0
100,27,33,0
100,28,34,0
100,29,35,0
100,30,36,0
100,31,37,0
100,32,38,0
100,3036,39,0
100,33,40,0
100,34,41,0
100,35,42,0
100,36,43,0
100,37,44,0
100,38,45,0
100,1619,46,0
100,2180,47,0
100,2181,48,0
100,2182,49,0
100,992,50,0
100,1564,51,0
100,57,52,1
101,57,1,0
101,991,2,0
101,2100,3,0
101,2102,4,0
101,2103,5,0
101,2104,6,0
101,1635,7,0
101,75,8,0
101,76,9,0
101,77,10,0
101,78,11,0
101,79,12,0
101,80,13,0
101,81,14,0
101,82,15,0
101,83,16,0
101,84,17,0
101,85,18,0
101,86,19,0
101,87,20,0
101,88,21,0
101,89,22,0
101,90,23,0
101,1301,24,0
101,1302,25,0
101,291,26,0
101,1310,27,0
101,575,28,0
101,479,29,0
101,577,30,0
101,3006,31,0
101,3008,32,0
101,3528,33,0
101,3533,34,0
101,1933,35,0
101,1935,36,0
101,1936,37,0
101,1937,38,0
101,489,39,0
101,464,40,0
101,492,41,0
101,493,42,0
101,494,43,0
101,495,44,0
101,496,45,0
101,497,46,0
101,498,47,0
101,499,48,0
101,312,49,0
101,330,50,0
101,331,51,0
101,332,52,0
101,1951,53,1
200,2051,1,0
200,3,2,0
200,4,3,0
200,5,4,0
200,6,5,0
200,7,6,0
200,8,7,0
200,9,8,0
200,10,9,0
200,11,10,0
200,12,11,0
200,1690,12,0
200,14,13,0
200,15,14,0
200,16,15,0
200,17,16,0
200,18,17,0
200,19,18,0
200,20,19,0
200,21,20,0
200,23,21,0
200,24,22,0
200,25,23,0
200,26,24,0
200,27,25,0
200,28,26,0
200,29,27,0
200,30,28,0
200,31,29,0
200,32,30,0
200,3036,31,0
200,33,32,0
200,34,33,0
200,35,34,0
200,36,35,0
200,37,36,0
200,38,37,0
200,1619,38,0
200,3031,39,0
200,43,40,0
200,44,41,0
200,45,42,0
200,46,43,0
200,47,44,0
200,54,45,0
200,48,46,0
200,49,47,0
200,50,48,0
200,51,49,0
200,52,50,0
200,3050,51,0
200,53,52,0
200,1561,53,0
200,55,54,0
200,1564,55,0
200,57,56,1
201,57,1,0
201,991,2,0
201,992,3,0
201,3051,4,0
201,61,5,0
201,62,6,0
201,60,7,0
201,63,8,0
201,64,9,0
201,65,10,0
201,3534,11,0
201,66,12,0
201,67,13,0
201,68,14,0
201,69,15,0
201,70,16,0
201,71,17,0
201,72,18,0
201,3091,19,0
201,1635,20,0
201,75,21,0
201,76,22,0
201,77,23,0
201,78,24,0
201,79,25,0
201,80,26,0
201,81,27,0
201,82,28,0
201,83,29,0
201,84,30,0
201,85,31,0
201,86,32,0
201,87,33,0
201,88,34,0
201,89,35,0
201,90,36,0
201,91,37,0
201,93,38,0
201,1112,39,0
201,95,40,0
201,1114,41,0
201,1115,42,0
201,98,43,0
201,99,44,0
201,2036,45,0
201,100,46,0
201,101,47,0
201,102,48,0
201,103,49,0
201,104,50,0
201,105,51,0
201,106,52,0
201,250,53,0
201,1166,54,0
201,3507,55,0
201,1359,56,0
201,1361,57,0
201,1735,58,0
201,2051,59,1
300,2051,1,0
300,3,2,0
300,652,3,0
300,3527,4,0
300,3526,5,0
300,3525,6,0
300,1172,7,0
300,1173,8,0
300,1174,9,0
300,957,10,0
300,958,11,0
300,959,12,0
300,127,13,0
300,128,14,0
300,275,15,0
300,276,16,0
300,277,17,0
300,278,18,0
300,279,19,0
300,280,20,0
300,281,21,0
300,282,22,0
300,283,23,0
300,284,24,0
300,285,25,0
300,286,26,0
300,1299,27,0
300,1300,28,0
300,1301,29,0
300,1302,30,0
300,291,31,0
300,1310,32,0
300,1222,33,0
300,1223,34,0
300,293,35,0
300,1312,36,0
300,1313,37,0
300,1228,38,0
300,1230,39,0
300,1231,40,0
300,302,41,0
300,303,42,0
300,304,43,0
300,305,44,0
300,3071,45,0
300,306,46,0
300,307,47,0
300,3683,48,0
300,308,49,0
300,309,50,0
300,454,51,0
300,311,52,0
300,312,53,0
300,330,54,0
300,1232,55,0
300,594,56,0
300,1234,57,0
300,1235,58,0
300,1236,59,0
300,3560,60,0
300,321,61,0
300,322,62,0
300,323,63,0
300,324,64,0
300,325,65,0
300,326,66,0
300,327,67,0
300,331,68,0
300,332,69,0
300,1951,70,0
300,1952,71,0
300,1953,72,0
300,1954,73,0
300,1955,74,0
300,3682,75,0
300,784,76,0
300,785,77,0
300,786,78,0
300,3014,79,0
300,788,80,1
301,788,1,0
301,787,2,0
301,789,3,0
301,790,4,0
301,791,5,0
301,3559,6,0
301,1878,7,0
301,793,8,0
301,794,9,0
301,1993,10,0
301,1994,11,0
301,355,12,0
301,356,13,0
301,3710,14,0
301,358,15,0
301,359,16,0
301,3052,17,0
301,360,18,0
301,361,19,0
301,362,20,0
301,363,21,0
301,365,22,0
301,366,23,0
301,367,24,0
301,368,25,0
301,369,26,0
301,372,27,0
301,373,28,0
301,374,29,0
301,375,30,0
301,376,31,0
301,377,32,0
301,378,33,0
301,379,34,0
301,380,35,0
301,381,36,0
301,382,37,0
301,385,38,0
301,386,39,0
301,387,40,0
301,388,41,0
301,1100,42,0
301,391,43,0
301,392,44,0
301,1222,45,0
301,1223,46,0
301,1307,47,0
301,1308,48,0
301,396,49,0
301,397,50,0
301,398,51,0
301,399,52,0
301,400,53,0
301,401,54,0
301,402,55,0
301,403,56,0
301,404,57,0
301,405,58,0
301,406,59,0
301,407,60,0
301,408,61,0
301,2202,62,0
301,409,63,0
301,410,64,0
301,411,65,0
301,1158,66,0
301,1159,67,0
301,1075,68,0
301,1161,69,0
301,2051,70,1
700,2051,1,0
700,3,2,0
700,652,3,0
700,3527,4,0
700,3526,5,0
700,3525,6,0
700,1172,7,0
700,1173,8,0
700,1174,9,0
700,957,10,0
700,958,11,0
700,959,12,0
700,127,13,0
700,128,14,0
700,129,15,0
700,130,16,0
700,131,17,0
700,132,18,0
700,1123,19,0
700,133,20,0
700,134,21,0
700,135,22,0
700,136,23,0
700,137,24,0
700,1135,25,0
700,1136,26,0
700,1137,27,0
700,1138,28,0
700,141,29,0
700,142,30,0
700,143,31,0
700,144,32,0
700,145,33,0
700,146,34,0
700,147,35,0
700,148,36,0
700,149,37,0
700,151,38,0
700,3696,39,0
700,3519,40,0
700,3034,41,0
700,3024,42,0
700,2193,43,0
700,2191,44,0
700,2192,45,0
700,3548,46,0
700,3549,47,0
700,3551,48,0
700,154,49,0
700,3035,50,0
700,155,51,0
700,3579,52,0
700,3581,53,0
700,3580,54,0
700,3582,55,0
700,3583,56,0
700,3537,57,0
700,3539,58,0
700,3541,59,0
700,3543,60,0
700,156,61,0
700,157,62,0
700,158,63,0
700,159,64,0
700,162,65,0
700,163,66,0
700,3687,67,0
700,164,68,0
700,165,69,0
700,166,70,0
700,3545,71,0
700,167,72,0
700,177,73,0
700,180,74,0
700,179,75,0
700,3584,76,0
700,683,77,0
700,684,78,0
700,685,79,0
700,991,80,0
700,992,81,0
700,1564,82,0
700,57,83,1
701,57,1,0
701,189,2,0
701,682,3,0
701,191,4,0
701,193,5,0
701,194,6,0
701,195,7,0
701,3561,8,0
701,3546,9,0
701,3544,10,0
701,3542,11,0
701,3540,12,0
701,3538,13,0
701,3575,14,0
701,3576,15,0
701,3578,16,0
701,3577,17,0
701,198,18,0
701,199,19,0
701,200,20,0
701,3630,21,0
701,201,22,0
701,202,23,0
701,210,24,0
701,212,25,0
701,213,26,0
701,214,27,0
701,215,28,0
701,216,29,0
701,217,30,0
701,218,31,0
701,219,32,0
701,220,33,0
701,222,34,0
701,223,35,0
701,224,36,0
701,225,37,0
701,226,38,0
701,3686,39,0
701,3550,40,0
701,3547,41,0
701,3514,42,0
701,3516,43,0
701,3517,44,0
701,3068,45,0
701,3519,46,0
701,3034,47,0
701,3024,48,0
701,3511,49,0
701,3033,50,0
701,227,51,0
701,228,52,0
701,229,53,0
701,1193,54,0
701,1194,55,0
701,232,56,0
701,233,57,0
701,234,58,0
701,235,59,0
701,236,60,0
701,237,61,0
701,238,62,0
701,239,63,0
701,240,64,0
701,3592,65,0
701,1071,66,0
701,1072,67,0
701,1158,68,0
701,1159,69,0
701,1075,70,0
701,1161,71,0
701,2051,72,1
800,2051,1,0
800,2,2,0
800,734,3,0
800,735,4,0
800,6594,5,0
800,1258,6,0
800,1259,7,0
800,1261,8,0
800,3688,9,0
800,1262,10,0
800,1263,11,0
800,1264,12,0
800,1265,13,0
800,1266,14,0
800,1267,15,0
800,1268,16,0
800,3718,17,0
800,441,18,0
800,442,19,0
800,443,20,0
800,748,21,0
800,750,22,0
800,751,23,0
800,754,24,0
800,755,25,0
800,756,26,0
800,757,27,0
800,758,28,0
800,3712,29,0
800,3716,30,0
800,3704,31,0
800,452,32,0
800,453,33,0
800,454,34,0
800,311,35,0
800,3706,36,0
800,3709,37,0
800,768,38,0
800,769,39,0
800,770,40,0
800,772,41,0
800,773,42,0
800,774,43,0
800,775,44,0
800,776,45,0
800,777,46,0
800,778,47,0
800,779,48,0
800,780,49,0
800,1994,50,0
800,1084,51,1
801,1951,1,0
801,1952,2,0
801,795,3,0
801,796,4,0
801,797,5,0
801,798,6,0
801,799,7,0
801,800,8,0
801,801,9,0
801,802,10,0
801,803,11,0
801,804,12,0
801,805,13,0
801,806,14,0
801,807,15,0
801,3707,16,0
801,3708,17,0
801,373,18,0
801,374,19,0
801,501,20,0
801,502,21,0
801,3702,22,0
801,3703,23,0
801,3713,24,0
801,817,25,0
801,818,26,0
801,3506,27,0
801,820,28,0
801,821,29,0
801,823,30,0
801,824,31,0
801,511,32,0
801,826,33,0
801,513,34,0
801,514,35,0
801,3719,36,0
801,3717,37,0
801,1343,38,0
801,1344,39,0
801,1345,40,0
801,1346,41,0
801,1347,42,0
801,3018,43,0
801,1348,44,0
801,3689,45,0
801,1349,46,0
801,1350,47,0
801,1351,48,0
801,1352,49,0
801,6593,50,0
801,838,51,0
801,839,52,0
801,1166,53,0
801,3507,54,0
801,1359,55,0
801,1361,56,0
801,1735,57,0
801,2051,58,1
900,2051,1,0
900,3,2,0
900,652,3,0
900,653,4,0
900,654,5,0
900,655,6,0
900,656,7,0
900,657,8,0
900,658,9,0
900,659,10,0
900,660,11,0
900,661,12,0
900,662,13,0
900,664,14,0
900,665,15,0
900,666,16,0
900,667,17,0
900,668,18,0
900,673,19,0
900,669,20,0
900,670,21,0
900,671,22,0
900,674,23,0
900,675,24,0
900,3589,25,0
900,676,26,0
900,677,27,0
900,678,28,0
900,679,29,0
900,680,30,0
900,2203,31,0
900,683,32,0
900,684,33,0
900,685,34,0
900,991,35,0
900,992,36,0
900,1564,37,0
900,57,38,1
901,57,1,0
901,189,2,0
901,682,3,0
901,191,4,0
901,694,5,0
901,696,6,0
901,697,7,0
901,698,8,0
901,699,9,0
901,700,10,0
901,701,11,0
901,702,12,0
901,703,13,0
901,704,14,0
901,706,15,0
901,707,16,0
901,708,17,0
901,709,18,0
901,710,19,0
901,711,20,0
901,2204,21,0
901,712,22,0
901,713,23,0
901,714,24,0
901,715,25,0
901,716,26,0
901,717,27,0
901,718,28,0
901,245,29,0
901,720,30,0
901,721,31,0
901,722,32,0
901,3527,33,0
901,2051,34,1
1300,2051,1,0
1300,2,2,0
1300,734,3,0
1300,1453,4,0
1300,549,5,0
1300,550,6,0
1300,551,7,0
1300,552,8,0
1300,553,9,0
1300,3566,10,0
1300,3568,11,0
1300,423,12,0
1300,424,13,0
1300,425,14,0
1300,426,15,0
1300,427,16,0
1300,522,17,0
1300,429,18,0
1300,524,19,0
1300,2195,20,0
1300,525,21,0
1300,526,22,0
1300,527,23,0
1300,558,24,0
1300,559,25,0
1300,437,26,0
1300,438,27,0
1300,3565,28,0
1300,3563,29,0
1300,564,30,0
1300,565,31,0
1300,566,32,0
1300,567,33,0
1300,568,34,0
1300,569,35,0
1300,1299,36,0
1300,1300,37,0
1300,1301,38,0
1300,1302,39,0
1300,291,40,0
1300,1310,41,0
1300,575,42,0
1300,479,43,0
1300,577,44,0
1300,3006,45,0
1300,3008,46,0
1300,3528,47,0
1300,3533,48,0
1300,1933,49,0
1300,584,50,0
1300,586,51,0
1300,3720,52,0
1300,3505,53,0
1300,589,54,0
1300,590,55,0
1300,591,56,0
1300,1232,57,0
1300,594,58,0
1300,1234,59,0
1300,1235,60,0
1300,1236,61,0
1300,1237,62,0
1300,1238,63,0
1300,1240,64,0
1300,1948,65,0
1300,1949,66,0
1300,355,67,1
1301,1084,1,0
1301,1997,2,0
1301,1998,3,0
1301,1999,4,0
1301,2000,5,0
1301,1089,6,0
1301,364,7,0
1301,365,8,0
1301,366,9,0
1301,367,10,0
1301,368,11,0
1301,369,12,0
1301,3585,13,0
1301,3586,14,0
1301,599,15,0
1301,600,16,0
1301,601,17,0
1301,602,18,0
1301,604,19,0
1301,2014,20,0
1301,3529,21,0
1301,3010,22,0
1301,3009,23,0
1301,3007,24,0
1301,3013,25,0
1301,611,26,0
1301,1223,27,0
1301,1307,28,0
1301,1308,29,0
1301,396,30,0
1301,397,31,0
1301,617,32,0
1301,618,33,0
1301,619,34,0
1301,620,35,0
1301,621,36,0
1301,622,37,0
1301,3562,38,0
1301,3564,39,0
1301,517,40,0
1301,518,41,0
1301,519,42,0
1301,628,43,0
1301,522,44,0
1301,429,45,0
1301,524,46,0
1301,2195,47,0
1301,525,48,0
1301,526,49,0
1301,527,50,0
1301,528,51,0
1301,529,52,0
1301,530,53,0
1301,531,54,0
1301,532,55,0
1301,3567,56,0
1301,634,57,0
1301,635,58,0
1301,636,59,0
1301,637,60,0
1301,638,61,0
1301,535,62,0
1301,640,63,0
1301,839,64,0
1301,1166,65,0
1301,3507,66,0
1301,1359,67,0
1301,1361,68,0
1301,1735,69,0
1301,2051,70,1
1401,2051,1,0
1401,2,2,0
1401,1253,3,0
1401,851,4,0
1401,852,5,0
1401,853,6,0
1401,854,7,0
1401,855,8,0
1401,856,9,0
1401,857,10,1
1402,857,1,0
1402,858,2,0
1402,859,3,0
1402,860,4,0
1402,861,5,0
1402,862,6,0
1402,1357,7,0
1402,3,8,0
1402,652,9,0
1402,3527,10,0
1402,2051,11,1
1500,2051,1,0
1500,2,2,0
1500,734,3,0
1500,1453,4,0
1500,549,5,0
1500,550,6,0
1500,3558,7,0
1500,3556,8,0
1500,554,9,0
1500,555,10,0
1500,556,11,0
1500,434,12,0
1500,558,13,0
1500,559,14,0
1500,437,15,0
1500,438,16,0
1500,441,17,0
1500,442,18,0
1500,443,19,0
1500,747,20,0
1500,445,21,0
1500,446,22,0
1500,447,23,0
1500,448,24,0
1500,449,25,0
1500,450,26,0
1500,451,27,0
1500,452,28,0
1500,453,29,0
1500,454,30,0
1500,311,31,0
1500,312,32,0
1500,330,33,0
1500,331,34,0
1500,3699,35,0
1500,355,36,1
1501,355,1,0
1501,356,2,0
1501,3710,3,0
1501,372,4,0
1501,373,5,0
1501,374,6,0
1501,501,7,0
1501,502,8,0
1501,503,9,0
1501,504,10,0
1501,505,11,0
1501,3690,12,0
1501,506,13,0
1501,507,14,0
1501,508,15,0
1501,509,16,0
1501,511,17,0
1501,826,18,0
1501,513,19,0
1501,514,20,0
1501,515,21,0
1501,517,22,0
1501,518,23,0
1501,519,24,0
1501,628,25,0
1501,629,26,0
1501,630,27,0
1501,632,28,0
1501,3554,29,0
1501,3555,30,0
1501,3557,31,0
1501,637,32,0
1501,638,33,0
1501,3552,34,0
1501,3553,35,0
1501,652,36,0
1501,3527,37,0
1501,2051,38,1
3600,2051,1,0
3600,3,2,0
3600,652,3,0
3600,3527,4,0
3600,3526,5,0
3600,3525,6,0
3600,1172,7,0
3600,1173,8,0
3600,1174,9,0
3600,1175,10,0
3600,1176,11,0
3600,1177,12,0
3600,1178,13,0
3600,1179,14,0
3600,1180,15,0
3600,1181,16,0
3600,1182,17,0
3600,1147,18,0
3600,1184,19,0
3600,1185,20,0
3600,1186,21,0
3600,1187,22,0
3600,1188,23,0
3600,1189,24,0
3600,3081,25,0
3600,1190,26,0
3600,1191,27,0
3600,229,28,0
3600,1193,29,0
3600,1194,30,0
3600,1195,31,0
3600,1196,32,0
3600,1197,33,0
3600,1198,34,0
3600,3002,35,0
3600,1199,36,0
3600,1200,37,0
3600,1201,38,0
3600,1202,39,0
3600,1203,40,0
3600,235,41,0
3600,1206,42,0
3600,1207,43,0
3600,1208,44,0
3600,1209,45,0
3600,14,46,0
3600,15,47,0
3600,16,48,0
3600,17,49,0
3600,18,50,0
3600,19,51,0
3600,20,52,0
3600,21,53,0
3600,1301,54,0
3600,1302,55,0
3600,291,56,0
3600,1310,57,0
3600,575,58,0
3600,3569,59,0
3600,3570,60,0
3600,3573,61,0
3600,3574,62,1
3601,3574,1,0
3601,3572,2,0
3601,3571,3,0
3601,3701,4,0
3601,1223,5,0
3601,1307,6,0
3601,1308,7,0
3601,91,8,0
3601,93,9,0
3601,1112,10,0
3601,95,11,0
3601,1114,12,0
3601,1115,13,0
3601,98,14,0
3601,1117,15,0
3601,1118,16,0
3601,1119,17,0
3601,1120,18,0
3601,1121,19,0
3601,1122,20,0
3601,1125,21,0
3601,1126,22,0
3601,1127,23,0
3601,1128,24,0
3601,1129,25,0
3601,1130,26,0
3601,1131,27,0
3601,1132,28,0
3601,1133,29,0
3601,1134,30,0
3601,1135,31,0
3601,1136,32,0
3601,1137,33,0
3601,1138,34,0
3601,3082,35,0
3601,1139,36,0
3601,1140,37,0
3601,3080,38,0
3601,1141,39,0
3601,1142,40,0
3601,1143,41,0
3601,1144,42,0
3601,1145,43,0
3601,3684,44,0
3601,1146,45,0
3601,1148,46,0
3601,1149,47,0
3601,1151,48,0
3601,1152,49,0
3601,1153,50,0
3601,1154,51,0
3601,1156,52,0
3601,411,53,0
3601,1158,54,0
3601,1159,55,0
3601,1075,56,0
3601,1161,57,0
3601,2051,58,1
4500,2051,1,0
4500,2,2,0
4500,1253,3,0
4500,1254,4,0
4500,1255,5,0
4500,1256,6,0
4500,1257,7,0
4500,1258,8,0
4500,1259,9,0
4500,1261,10,0
4500,3688,11,0
4500,1262,12,0
4500,1263,13,0
4500,1264,14,0
4500,1265,15,0
4500,1266,16,0
4500,1267,17,0
4500,1268,18,0
4500,1269,19,0
4500,1282,20,0
4500,1272,21,0
4500,1273,22,0
4500,1274,23,0
4500,1275,24,0
4500,1276,25,0
4500,1277,26,0
4500,1278,27,0
4500,1279,28,0
4500,1280,29,0
4500,3700,30,0
4500,820,31,0
4500,821,32,0
4500,1283,33,0
4500,1284,34,0
4500,1285,35,0
4500,1286,36,0
4500,824,37,0
4500,511,38,0
4500,1289,39,0
4500,1290,40,0
4500,1291,41,0
4500,1292,42,0
4500,3593,43,0
4500,1294,44,0
4500,1295,45,0
4500,1296,46,0
4500,388,47,0
4500,1100,48,0
4500,391,49,0
4500,392,50,0
4500,575,51,0
4500,479,52,0
4500,577,53,0
4500,3006,54,0
4500,3008,55,0
4500,3075,56,0
4500,3077,57,0
4500,3529,58,0
4500,3010,59,1
4501,3010,1,0
4501,3009,2,0
4501,3007,3,0
4501,3013,4,0
4501,611,5,0
4501,1223,6,0
4501,293,7,0
4501,1312,8,0
4501,1313,9,0
4501,1314,10,0
4501,1315,11,0
4501,1316,12,0
4501,1317,13,0
4501,1318,14,0
4501,1319,15,0
4501,1320,16,0
4501,748,17,0
4501,749,18,0
4501,1324,19,0
4501,1325,20,0
4501,1326,21,0
4501,1327,22,0
4501,754,23,0
4501,755,24,0
4501,1330,25,0
4501,1331,26,0
4501,1332,27,0
4501,1333,28,0
4501,1334,29,0
4501,1335,30,0
4501,1336,31,0
4501,1337,32,0
4501,1338,33,0
4501,1339,34,0
4501,1340,35,0
4501,1341,36,0
4501,1342,37,0
4501,1343,38,0
4501,1344,39,0
4501,1345,40,0
4501,1346,41,0
4501,1347,42,0
4501,3018,43,0
4501,1348,44,0
4501,3689,45,0
4501,1349,46,0
4501,1350,47,0
4501,1351,48,0
4501,1352,49,0
4501,1353,50,0
4501,1354,51,0
4501,1355,52,0
4501,1356,53,0
4501,1357,54,0
4501,3,55,0
4501,652,56,0
4501,3527,57,0
4501,2051,58,1
6000,2051,1,0
6000,3,2,0
6000,652,3,0
6000,653,4,0
6000,654,5,0
6000,655,6,0
6000,656,7,0
6000,657,8,0
6000,658,9,0
6000,961,10,0
6000,962,11,0
6000,963,12,0
6000,964,13,0
6000,965,14,0
6000,966,15,0
6000,967,16,0
6000,968,17,0
6000,969,18,0
6000,971,19,0
6000,3001,20,0
6000,972,21,0
6000,973,22,0
6000,974,23,0
6000,975,24,0
6000,976,25,0
6000,977,26,0
6000,978,27,0
6000,979,28,0
6000,980,29,0
6000,3587,30,0
6000,981,31,0
6000,982,32,0
6000,983,33,0
6000,986,34,0
6000,987,35,0
6000,992,36,0
6000,1564,37,0
6000,57,38,0
6000,991,39,0
6000,3051,40,0
6000,61,41,0
6000,62,42,0
6000,60,43,0
6000,63,44,0
6000,64,45,0
6000,3588,46,0
6000,1574,47,0
6000,1575,48,0
6000,3535,49,0
6000,1000,50,0
6000,1001,51,0
6000,1002,52,0
6000,1003,53,0
6000,1004,54,0
6000,1005,55,0
6000,1006,56,0
6000,1007,57,0
6000,1008,58,0
6000,1009,59,0
6000,1010,60,0
6000,1011,61,0
6000,1012,62,0
6000,1013,63,0
6000,1014,64,0
6000,1015,65,0
6000,1017,66,1
6001,1017,1,0
6001,1579,2,0
6001,1476,3,0
6001,1020,4,0
6001,1021,5,0
6001,1022,6,0
6001,1023,7,0
6001,1024,8,0
6001,1025,9,0
6001,1026,10,0
6001,1027,11,0
6001,1028,12,0
6001,1030,13,0
6001,1031,14,0
6001,1032,15,0
6001,1033,16,0
6001,1034,17,0
6001,3536,18,0
6001,1556,19,0
6001,1557,20,0
6001,51,21,0
6001,52,22,0
6001,3050,23,0
6001,53,24,0
6001,1561,25,0
6001,55,26,0
6001,1564,27,0
6001,57,28,0
6001,1563,29,0
6001,1045,30,0
6001,1046,31,0
6001,1047,32,0
6001,1048,33,0
6001,1049,34,0
6001,1051,35,0
6001,1052,36,0
6001,3721,37,0
6001,1053,38,0
6001,1054,39,0
6001,1055,40,0
6001,1056,41,0
6001,1058,42,0
6001,3000,43,0
6001,1059,44,0
6001,1060,45,0
6001,1061,46,0
6001,1062,47,0
6001,1063,48,0
6001,1064,49,0
6001,1065,50,0
6001,1066,51,0
6001,1067,52,0
6001,716,53,0
6001,717,54,0
6001,718,55,0
6001,245,56,0
6001,720,57,0
6001,721,58,0
6001,722,59,0
6001,3527,60,0
6001,2051,61,1
7500,2051,1,0
7500,3,2,0
7500,4,3,0
7500,5,4,0
7500,6,5,0
7500,7,6,0
7500,8,7,0
7500,9,8,0
7500,10,9,0
7500,11,10,0
7500,12,11,0
7500,1690,12,0
7500,1917,13,0
7500,1918,14,0
7500,1919,15,0
7500,1920,16,0
7500,1921,17,0
7500,1922,18,0
7500,1923,19,0
7500,1924,20,0
7500,1925,21,0
7500,1926,22,0
7500,1928,23,0
7500,1929,24,0
7500,1930,25,0
7500,580,26,0
7500,1933,27,0
7500,1935,28,0
7500,1936,29,0
7500,1937,30,0
7500,1938,31,0
7500,1939,32,0
7500,1940,33,0
7500,1941,34,0
7500,1942,35,0
7500,1943,36,0
7500,3038,37,0
7500,1944,38,0
7500,1946,39,0
7500,1240,40,0
7500,1948,41,0
7500,1949,42,0
7500,1950,43,0
7500,1951,44,0
7500,1952,45,0
7500,1953,46,0
7500,1954,47,0
7500,1955,48,0
7500,1956,49,0
7500,2205,50,0
7500,3711,51,0
7500,2209,52,1
7501,2209,1,0
7501,2207,2,0
7501,1878,3,0
7501,793,4,0
7501,794,5,0
7501,1993,6,0
7501,1994,7,0
7501,1084,8,0
7501,1997,9,0
7501,1998,10,0
7501,1999,11,0
7501,2000,12,0
7501,2001,13,0
7501,2002,14,0
7501,2003,15,0
7501,2004,16,0
7501,2005,17,0
7501,2006,18,0
7501,2007,19,0
7501,2008,20,0
7501,2009,21,0
7501,467,22,0
7501,2011,23,0
7501,2012,24,0
7501,2014,25,0
7501,2016,26,0
7501,2017,27,0
7501,2018,28,0
7501,2019,29,0
7501,2020,30,0
7501,2021,31,0
7501,2022,32,0
7501,2023,33,0
7501,2024,34,0
7501,2025,35,0
7501,2026,36,0
7501,2027,37,0
7501,2028,38,0
7501,2029,39,0
7501,2031,40,0
7501,2032,41,0
7501,2033,42,0
7501,2034,43,0
7501,99,44,0
7501,2036,45,0
7501,100,46,0
7501,101,47,0
7501,102,48,0
7501,103,49,0
7501,104,50,0
7501,105,51,0
7501,106,52,0
7501,250,53,0
7501,1166,54,0
7501,3507,55,0
7501,1359,56,0
7501,1361,57,0
7501,1735,58,0
7501,2051,59,1
10200,3010,1,0
10200,3009,2,0
10200,3007,3,0
10200,3013,4,0
10200,611,5,0
10200,1223,6,0
10200,1307,7,0
10200,1308,8,0
10200,91,9,0
10200,93,10,0
10200,1112,11,0
10200,95,12,0
10200,1114,13,0
10200,1115,14,0
10200,98,15,0
10200,99,16,0
10200,2036,17,0
10200,100,18,0
10200,101,19,0
10200,102,20,0
10200,103,21,0
10200,104,22,0
10200,105,23,0
10200,106,24,0
10200,250,25,0
10200,1166,26,0
10200,3507,27,0
10200,1359,28,0
10200,1361,29,0
10200,1735,30,0
10200,1450,31,0
10200,2,32,0
10200,734,33,0
10200,735,34,0
10200,736,35,0
10200,737,36,0
10200,738,37,0
10200,1745,38,0
10200,1746,39,0
10200,1747,40,0
10200,1755,41,0
10200,2185,42,0
10200,782,43,0
10200,917,44,0
10200,1766,45,0
10200,1380,46,0
10200,1863,47,0
10200,1769,48,0
10200,1770,49,0
10200,1771,50,0
10200,1772,51,0
10200,6576,52,0
10200,1774,53,0
10200,1822,54,0
10200,1776,55,0
10200,1777,56,0
10200,1778,57,0
10200,1780,58,0
10200,2199,59,0
10200,1782,60,0
10200,3655,61,0
10200,3652,62,0
10200,3662,63,0
10200,3654,64,0
10200,6578,65,0
10200,1824,66,0
10200,1806,67,0
10200,1388,68,0
10200,1390,69,0
10200,1392,70,0
10200,1393,71,0
10200,3500,72,0
10200,6579,73,0
10200,6580,74,0
10200,7012,75,0
10200,1405,76,0
10200,2201,77,0
10200,1407,78,0
10200,6581,79,0
10200,1411,80,1
10201,6579,1,0
10201,6580,2,0
10201,7012,3,0
10201,1405,4,0
10201,2201,5,0
10201,1407,6,0
10201,6581,7,0
10201,1411,8,0
10201,3503,9,0
10201,1819,10,0
10201,1820,11,0
10201,1415,12,0
10201,1824,13,0
10201,1806,14,0
10201,1388,15,0
10201,6587,16,0
10201,6588,17,0
10201,6589,18,0
10201,3653,19,0
10201,6590,20,0
10201,1848,21,0
10201,2200,22,0
10201,6584,23,0
10201,1852,24,0
10201,6585,25,0
10201,1821,26,0
10201,1856,27,0
10201,1857,28,0
10201,1858,29,0
10201,1859,30,0
10201,1860,31,0
10201,1861,32,0
10201,1862,33,0
10201,1863,34,0
10201,1424,35,0
10201,1422,36,0
10201,916,37,0
10201,3044,38,0
10201,3594,39,0
10201,829,40,0
10201,830,41,0
10201,1433,42,0
10201,831,43,0
10201,1435,44,0
10201,833,45,0
10201,835,46,0
10201,1892,47,0
10201,836,48,0
10201,838,49,0
10201,839,50,0
10201,1166,51,0
10201,3507,52,0
10201,1359,53,0
10201,1361,54,0
10201,1735,55,0
10201,1450,56,0
10201,3,57,0
10201,4,58,0
10201,5,59,0
10201,6,60,0
10201,7,61,0
10201,8,62,0
10201,9,63,0
10201,10,64,0
10201,11,65,0
10201,12,66,0
10201,1690,67,0
10201,14,68,0
10201,15,69,0
10201,16,70,0
10201,17,71,0
10201,18,72,0
10201,19,73,0
10201,20,74,0
10201,21,75,0
10201,1301,76,0
10201,1302,77,0
10201,291,78,0
10201,1310,79,0
10201,575,80,0
10201,479,81,0
10201,577,82,0
10201,3006,83,0
10201,3008,84,0
10201,3075,85,0
10201,3077,86,0
10201,3529,87,0
10201,3010,88,1
100100,1951,1,0
100100,1863,2,1
100101,1863,1,0
100101,1084,2,1
